1
2
3
4
5
6
7
8
9
10
12
13
14
15
16
17
18
20
21
22
23
24
25
26
27
28
30
32
33
34
35
36
37
38
39
40
41
43
45
46
47
48
49
50
51
52
53
54
55
56
57
58
59
60
61
62
63
64
65
66
67
68
69
71
72
73
74
75
76
77
78
79
80
81
82
84
85
87
88
89
90
91
93
94
95
96
97
98
99
101
103
104
105
106
107
108
109
110
111
112
114
116
117
118
119
120
121
122
124
125
126
127
128
183
189
226
232
243
244
256
259
271
346
363
416
473
483
490
492
497
505
507
508
512
631
632
649
664
689
712
729
917
920
929

11
19
29
113
115
169
278
301
316
317
321
324
325
338
341
357
369
372
377
381
383
384
386
388
389
396
400
402
405
419
422
423
425
426
429
431
435
444
451
460
464
467
468
476
477
479
482
489
494
524
543
550
625
699
707
710
745
810
811

31
44
70
83
86
92
100
102
305
309
315
320
326
327
328
331
334
340
344
345
351
355
358
360
362
365
370
371
375
376
380
382
391
392
393
394
395
398
403
404
408
421
424
433
436
439
440
441
519
528
591

42
123
129
149
153
156
161
195
224
225
229
230
274
280
281
282
288
343
348
349
352
356
359
364
367
374
378
387
390
399
521
617
714
716
721
725
746
747
762
765
768
769
772
775
776
777
779
782
788
789
790
816
863
883
902
904
1095

130
131
132
133
134
135
136
137
138
139
140
141
142
143
144
145
146
147
148
150
151
152
154
155
157
158
159
160
162
163
164
165
166
167
168
170
171
172
173
174
175
176
177
178
179
180
181
182
184
185
186
187
188
190
191
192
193
194
196
197
198
199
200
201
202
203
204
205
206
207
208
209
210
211
212
213
214
215
216
217
218
219
220
221
222
223
227
228
231
233
234
235
236
242
246
247
249
251
252
253
257
261
263
264
265
266
267
268
269
270
272
273
276
277
283
284
285
286
287
289
290
291
292
293
294
298
299
302
303
307
311
312
313
314
318
319
322
323
329
330
332
333
335
342
354
361
366
368
373
379
385
407
409
410
411
412
414
415
417
418
420
427
428
430
432
434
437
446
447
448
449
452
453
455
456
457
458
462
465
469
470
471
474
475
478
484
486
488
510
511
518
522
525
549
551
552
560
561
562
585
618
620
623
628
630
634
635
645
647
650
655
666
672
679
680
683
686
688
690
691
692
693
694
702
704
705
706
708
709
711
717
719
720
722
723
724
726
727
728
742
750
758
761
763
773
778
783
785
787
808
814
836
852
865
892
899
900
901
906
908
913
914
918
927
930
933
936
946
950
966
980
984
989
992
994
1000
1008
1017
1022
1049
1064
1065
1073
1074
1079

237
238
239
459
461
463

240
241
245
248
250
254
255
258
260
275
279
295
297
300
306
339
347
350
353
406
413
438
442
454
472
481
487
491
493
495
496
498
499
500
501
502
503
504
506
509
514
515
516
517
652
715
749
753
809

262
296
304
308
337
397
401
443
445
450
466
480
513
533
534
597
624
638
642
648
651
653
654
657
658
659
660
661
662
663
665
667
668
669
670
671
673
674
675
676
677
678
681
682
684
685
695
696
697
698
701
703
713
734
793
1067

310

336

485
520
523
526
527
529
530
531
532
536
537
538
539
540
541
544
545
546
547
548
553
554
555
556
557
558
559
563
564
565
566
567
568
569
570
572
577
579
580
587
590
592
593
594
595
596
627
641
718
738
919
921
922
924
940
986
1061
1070

535
542
571
573
574
575
576
578
581
582
583
584
586
588
589
598
599
600
601
602
603
604
605
606
607
608
609
610
611
612
613
614
615
616
619
621
622
626
629
633
636
637
639
640
643
644
687
736
737
739
741
743
748
792
796
827
854
860
1034
1036
1076

646
751
794
798
799
801
812
815
831
839
840
841
842
845
846
848
849
853
861
877
880
885
886
887
888
890
894
895
896
897
898
903
907
910
911
912
915
923
931
932
934
935
937
941
948
954
955
956
957
959
960
968
969
970
971
973
976
978
981
985
987
991
996
997
1002
1010
1018
1021
1024
1026
1029
1032
1044
1050
1057
1059
1060

656
826
832
834
837
838
851
857
859
864
866
867
868
870
874
876
879
893
909
943
944
988
1025
1027
1031
1045
1048
1054
1068
1069
1071
1078
1082
1083
1093

700
730
731
732
733
735
740
744
752
754
755
756
757
759
760
764
766
767
770
771
774
780
784
786
791
795
797
800
802
803
804
805
806
807
855
856
869
871
875
884
916
925
926
928
938
945
947
949
951
952
953
958
961
962
963
964
965
967
972
974
975
977
979
982
983
990
993
1009
1051

781
823
939

813
817
818
819
820
821
822
824
825
828
829
830
833
835
843
844
847
850
858
862
872
873
878
881
882
889
891
905
995
998
999
1003
1005
1006
1011
1012
1013
1014
1015
1016
1019
1020
1023
1028
1030
1033
1035
1037
1038
1039
1040
1041
1042
1043
1046
1047
1052
1053
1055
1056
1058
1062
1063
1066
1072
1075
1077
1080
1081
1084
1085
1086
1088
1089
1090
1091
1092
1094

942
1001
1004

1007
1087

1086

