1
2
3
4
5
6
7
8
9
10
12
13
14
15
16
17
18
20
21
22
23
24
25
26
27
28
30
31
32
33
34
35
36
37
38
39
40
41
42
43
44
45
46
47
48
49
50
51
52
53
54
55
56
57
58
59
60
61
62
63
64
65
66
67
68
69
70
71
72
73
74
75
76
77
78
79
80
81
82
83
84
85
86
87
88
89
90
91
92
93
94
95
96
97
98
99
100
101
102
103
104
105
106
107
108
109
110
111
112
114
116
117
118
119
120
121
122
123
124
125
126
127
128
129
149
153
156
161
183
189
195
224
225
226
229
230
232
243
244
256
259
271
274
280
281
282
288
305
309
315
320
326
327
328
331
334
340
343
344
345
346
348
349
351
352
355
356
358
359
360
362
363
364
365
367
370
371
374
375
376
378
380
382
387
390
391
392
393
394
395
398
399
403
404
408
416
421
424
433
436
439
440
441
473
483
490
492
497
505
507
508
512
519
521
528
591
617
631
632
649
664
689
712
714
716
721
725
729
746
747
762
765
768
769
772
775
776
777
779
782
788
789
790
813
816
817
818
819
820
821
822
824
825
828
829
830
833
835
843
844
847
850
858
862
863
872
873
878
881
882
883
889
891
902
904
905
917
920
929
995
998
999
1003
1005
1006
1011
1012
1013
1014
1015
1016
1019
1020
1023
1028
1030
1033
1035
1037
1038
1039
1040
1041
1042
1043
1046
1047
1052
1053
1055
1056
1058
1062
1063
1066
1072
1075
1077
1080
1081
1084
1085
1086
1088
1089
1090
1091
1092
1094
1095

11
19
29
113
115
169
278
301
316
317
321
324
325
338
341
357
369
372
377
381
383
384
386
388
389
396
400
402
405
419
422
423
425
426
429
431
435
444
451
460
464
467
468
476
477
479
482
489
494
524
543
550
625
699
707
710
745
810
811

130
131
132
133
134
135
136
137
138
139
140
141
142
143
144
145
146
147
148
150
151
152
154
155
157
158
159
160
162
163
164
165
166
167
168
170
171
172
173
174
175
176
177
178
179
180
181
182
184
185
186
187
188
190
191
192
193
194
196
197
198
199
200
201
202
203
204
205
206
207
208
209
210
211
212
213
214
215
216
217
218
219
220
221
222
223
227
228
231
233
234
235
236
240
241
242
245
246
247
248
249
250
251
252
253
254
255
257
258
260
261
263
264
265
266
267
268
269
270
272
273
275
276
277
279
283
284
285
286
287
289
290
291
292
293
294
295
297
298
299
300
302
303
306
307
310
311
312
313
314
318
319
322
323
329
330
332
333
335
336
339
342
347
350
353
354
361
366
368
373
379
385
406
407
409
410
411
412
413
414
415
417
418
420
427
428
430
432
434
437
438
442
446
447
448
449
452
453
454
455
456
457
458
462
465
469
470
471
472
474
475
478
481
484
485
486
487
488
491
493
495
496
498
499
500
501
502
503
504
506
509
510
511
514
515
516
517
518
520
522
523
525
526
527
529
530
531
532
536
537
538
539
540
541
544
545
546
547
548
549
551
552
553
554
555
556
557
558
559
560
561
562
563
564
565
566
567
568
569
570
572
577
579
580
585
587
590
592
593
594
595
596
618
620
623
627
628
630
634
635
641
645
647
650
652
655
656
666
672
679
680
683
686
688
690
691
692
693
694
700
702
704
705
706
708
709
711
715
717
718
719
720
722
723
724
726
727
728
730
731
732
733
735
738
740
742
744
749
750
752
753
754
755
756
757
758
759
760
761
763
764
766
767
770
771
773
774
778
780
783
784
785
786
787
791
795
797
800
802
803
804
805
806
807
808
809
814
826
832
834
836
837
838
851
852
855
856
857
859
864
865
866
867
868
869
870
871
874
875
876
879
884
892
893
899
900
901
906
908
909
913
914
916
918
919
921
922
924
925
926
927
928
930
933
936
938
940
943
944
945
946
947
949
950
951
952
953
958
961
962
963
964
965
966
967
972
974
975
977
979
980
982
983
984
986
988
989
990
992
993
994
1000
1008
1009
1017
1022
1025
1027
1031
1045
1048
1049
1051
1054
1061
1064
1065
1068
1069
1070
1071
1073
1074
1078
1079
1082
1083
1093

237
238
239
459
461
463

262
296
304
308
337
397
401
443
445
450
466
480
513
533
534
535
542
571
573
574
575
576
578
581
582
583
584
586
588
589
597
598
599
600
601
602
603
604
605
606
607
608
609
610
611
612
613
614
615
616
619
621
622
624
626
629
633
636
637
638
639
640
642
643
644
648
651
653
654
657
658
659
660
661
662
663
665
667
668
669
670
671
673
674
675
676
677
678
681
682
684
685
687
695
696
697
698
701
703
713
734
736
737
739
741
743
748
792
793
796
827
854
860
1034
1036
1067
1076

646
751
781
794
798
799
801
812
815
823
831
839
840
841
842
845
846
848
849
853
861
877
880
885
886
887
888
890
894
895
896
897
898
903
907
910
911
912
915
923
931
932
934
935
937
939
941
948
954
955
956
957
959
960
968
969
970
971
973
976
978
981
985
987
991
996
997
1002
1010
1018
1021
1024
1026
1029
1032
1044
1050
1057
1059
1060

942
1001
1004

1007
1087

