103
t_index	tf-idf
65	0.053918827373107034
208	0.04123419865400579
924	0.07846541901246423
1019	0.04904242535990554
1036	0.29621796351599905
1175	0.13892212214526473
1616	0.02733053761428621
1845	0.05021738956811923
2003	0.07147917002076719
2078	0.03636492508633616
2107	0.08823450218556504
2196	0.09908285742423226
2307	0.08255172505996224
3048	0.09787512878113792
3159	0.10791182025725263
3272	0.04123419865400579
3335	0.07741191845046297
3466	0.06703379360337619
3533	0.032214639869237095
3537	0.0807172913749089
3635	0.07640143010942883
3702	0.062407919508489305
4276	0.05438905776468747
4445	0.08192502001800324
4612	0.09787512878113792
4831	0.06476718261177423
4949	0.048879035149923956
5077	0.0632665094025141
5082	0.0807172913749089
5279	0.039280470632336584
5297	0.08988534892077324
5315	0.0326334912659651
5429	0.05473049113565952
5623	0.060254081044233944
5906	0.10974625394230596
5984	0.15182249048240562
6034	0.08385484313492872
6343	0.074959069122514
6432	0.03204906382085608
6442	0.042712460338929774
6526	0.05237122803237459
6575	0.09075398285102362
6748	0.22776286345435268
6883	0.07230436399788903
7202	0.31199392517961533
7215	0.07846541901246423
7362	0.035496291156085776
7591	0.09787512878113792
7614	0.13981397844254703
7677	0.02851781724594223
7996	0.02837514522597149
8015	0.21941067948496154
8043	0.055783991697660795
8076	0.07591124524120281
8399	0.040521176484216846
8433	0.05688432959991488
8650	0.12888543066915
8721	0.030220524534434797
8794	0.017180453695548624
8797	0.03972649219368587
8800	0.1333940114573994
8930	0.052749151815044505
8995	0.09908285742423226
9045	0.040526906909492455
9095	0.13475045394869647
9125	0.05352276249256517
9336	0.14058154504069734
9465	0.10035254736861099
9586	0.12176428473903571
9649	0.10310577412354656
10167	0.074959069122514
10182	0.07690151836924056
10184	0.12595398233432795
10393	0.12888543066915
10400	0.09165421031069156
10422	0.08594793671731754
10556	0.10704552498513034
10815	0.074959069122514
10913	0.05452506649662994
10953	0.0518149455896591
10999	0.09355926751565784
11012	0.12888543066915
11066	0.2530660376100564
11091	0.06737522697434824
11237	0.05924359270319981
11395	0.1333985322366903
11590	0.04823605024750421
11620	0.06807255553622017
11659	0.061554514475665276
11714	0.16262758153413873
11721	0.05827274172361893
11841	0.030144006615889785
11953	0.1333985322366903
12391	0.03420290228511144
12423	0.05827274172361893
12568	0.05949237396248888
12631	0.05949237396248888
12658	0.12176428473903571
12676	0.02645955236349848
12749	0.04654939925177772
12862	0.05073853569984179
12873	0.07543057912984794
13002	0.052940299691049256
