43
t_index	tf-idf
117	0.17438214447579503
1130	0.09591267187159734
1552	0.37198985838672766
1636	0.0674765202779048
1829	0.10323552574923467
1862	0.05990894768225568
2063	0.09638825570280071
2218	0.09073773479953766
2315	0.07869081414479817
2323	0.0969429976949699
2717	0.14178560858441133
2818	0.0636846598718012
2900	0.06081486194634833
2914	0.1504593118930458
2924	0.06231567891848996
3239	0.11093695766690845
3851	0.11883504739262282
3894	0.16570844116716055
4087	0.09854855936641954
4183	0.09393994341891292
4310	0.04857832497569166
4380	0.09591267187159734
4453	0.18787988683782583
4708	0.03966222158663826
5315	0.04550022999185607
5631	0.10866052711184673
5765	0.05570505320296092
5802	0.04719003225170151
6087	0.08225874767412647
6907	0.08821123995392358
7198	0.060268465015739285
7343	0.07931269316648547
8270	0.17171428923230003
8794	0.023954366026634134
8832	0.14807813663867608
9317	0.10940277834134136
9576	0.6266268011996086
10481	0.06883906637486645
10684	0.2036252337218483
11149	0.09491221480987361
11289	0.13044783211019165
11400	0.11422643144511621
12971	0.09642399014119006
