235
t_index	tf-idf
139	0.050833325644983204
149	0.08540989504835396
164	0.07200241758951027
168	0.04431537662408309
194	0.03950816402867111
195	0.05410722253325502
200	0.027292267615567634
224	0.2442497134663961
230	0.04546509947806316
236	0.06849154215010772
495	0.05013576368154345
546	0.03391497274673695
643	0.02545579629761383
708	0.03255757377080359
725	0.05410722253325502
746	0.03465483635361522
778	0.01778424872931101
804	0.045648046084131894
849	0.04069974507441133
1019	0.024178952148234054
1023	0.07200241758951027
1054	0.04350147429519663
1100	0.17081979009670792
1110	0.170953900455127
1187	0.042020384950525895
1258	0.02150429495143439
1293	0.07200241758951027
1309	0.03695640523666233
1334	0.04518746267182288
1448	0.037914073766354826
1466	0.0616619844073544
1500	0.09121820007262436
1510	0.046126696134696964
1537	0.031191726188154707
1601	0.06576829559152546
1669	0.023548927777818637
1745	0.04768677612350233
1786	0.03148231162847279
1800	0.02510203205227965
1808	0.0466248882421409
1828	0.050833325644983204
1921	0.033736808824683454
1923	0.05410722253325502
1928	0.05730911914240234
1995	0.04101675021992671
1996	0.1185213819251824
2078	0.017928676591420754
2112	0.028497228787539207
2167	0.09314696273864397
2212	0.04101675021992671
2224	0.027716797790686424
2251	0.028729693185885658
2273	0.04884994269327922
2288	0.052360818132681765
2302	0.05458453523113527
2308	0.04768677612350233
2363	0.028612907491682202
2366	0.043901641683558645
2381	0.0392275996743792
2542	0.05013576368154345
2709	0.023938865482502757
2781	0.09268425763076016
2782	0.03695640523666233
2794	0.02015373104255908
2816	0.02884760726175633
2876	0.10166665128996641
2996	0.03585620017495996
3199	0.04101675021992671
3237	0.037425848186139504
3314	0.0834758358325857
3356	0.037425848186139504
3440	0.04431537662408309
3442	0.22436141333339063
3496	0.02170061036819186
3588	0.028156629604876696
3694	0.04350147429519663
3702	0.030768423225256077
3771	0.030225933385280904
3839	0.04313876633850938
3874	0.04518746267182288
3910	0.03895334067383807
3998	0.056538219547153254
4020	0.034279298664658626
4072	0.03255757377080359
4255	0.03208510140293847
4276	0.013407477458843697
4405	0.03465483635361522
4422	0.158479466595628
4427	0.048254506948510696
4547	0.030768423225256077
4854	0.24419847044646797
4915	0.028269109773576627
4991	0.05157318925186147
5082	0.03979533049938758
5084	0.07695071859923085
5091	0.036284455059985024
5117	0.015283162855594723
5177	0.060032365700984594
5213	0.08282781828324905
5239	0.045648046084131894
5246	0.060666994018768884
5294	0.061536846450512155
5315	0.01608900085913499
5405	0.0616619844073544
5524	0.053166242793900774
5532	0.04273847511378175
5561	0.041342209825020355
5600	0.01608900085913499
5626	0.23740480922715865
5627	0.18957036883177414
5688	0.023548927777818637
5748	0.04431537662408309
5778	0.0269832887853124
5842	0.06849154215010772
6106	0.07200241758951027
6120	0.07695071859923085
6128	0.08540989504835396
6153	0.03504229784607351
6274	0.08540989504835396
6331	0.08540989504835396
6340	0.07695071859923085
6373	0.03224056862528821
6526	0.025820122215535507
6545	0.05508406469126402
6563	0.03148231162847279
6669	0.03504229784607351
6764	0.06849154215010772
6775	0.07200241758951027
6782	0.07129515901318888
6849	0.05638083747141983
6858	0.08540989504835396
7029	0.030225933385280904
7039	0.022660971751362443
7095	0.0784551993487584
7183	0.03319869498642766
7198	0.021311087561327328
7226	0.045321943502724886
7394	0.075832897126681
7439	0.040191509259796976
7487	0.1233239688147088
7513	0.06849154215010772
7545	0.08540989504835396
7589	0.029127917460453078
7616	0.022102976875744102
7653	0.060032365700984594
7677	0.014059886588020268
7717	0.04199144173621716
7800	0.03564757950659444
7888	0.04947592666904983
7912	0.013440958994009211
7913	0.03865907399481656
8023	0.08139949014882265
8113	0.022378785493697404
8214	0.21950820841779323
8242	0.052360818132681765
8254	0.048254506948510696
8279	0.03585620017495996
8339	0.08540989504835396
8361	0.027825278610861898
8399	0.0799111854694711
8402	0.05916013553491871
8448	0.06849154215010772
8715	0.04069974507441133
8783	0.026195659904492095
8798	0.0539665775706248
8824	0.027292267615567634
8910	0.05508406469126402
9125	0.026387853040543877
9266	0.026006446627303406
9337	0.02401837072729581
9374	0.02401837072729581
9430	0.04518746267182288
9441	0.049038073530060775
9443	0.03356120850140277
9448	0.03446562307642653
9461	0.05521854552216603
9618	0.03585620017495996
9648	0.035240741436506816
9714	0.046126696134696964
9761	0.03504229784607351
9782	0.04069974507441133
9783	0.060032365700984594
9841	0.058594940130666566
9986	0.030359311892255464
10119	0.0616619844073544
10161	0.03356120850140277
10213	0.01893784727671372
10248	0.07695071859923085
10311	0.04768677612350233
10349	0.07737021966880805
10367	0.038422647849680636
10449	0.04947592666904983
10513	0.07200241758951027
10714	0.03009399683635294
10715	0.026681939847092592
10855	0.03409577623015322
11050	0.022309246776132954
11082	0.05730911914240234
11089	0.07790668134767614
11116	0.07200241758951027
11209	0.03650435311579695
11236	0.045648046084131894
11263	0.050833325644983204
11353	0.02378139217616508
11362	0.08540989504835396
11410	0.027085415003983638
11437	0.033217410783297194
11438	0.02273254973903158
11448	0.05730911914240234
11468	0.04069974507441133
11492	0.028966671737016378
11590	0.02378139217616508
11659	0.020231784339003005
11699	0.016774318403053427
11703	0.03224056862528821
11730	0.045648046084131894
11767	0.027934732366176662
11783	0.052360818132681765
11825	0.04069974507441133
11835	0.0942885725670543
11841	0.014861632314732929
11860	0.11016812938252804
11870	0.03409577623015322
11894	0.09129609216826379
11909	0.0616619844073544
12167	0.06849154215010772
12298	0.04069974507441133
12322	0.10821444506651004
12423	0.057459386371771316
12631	0.029330997654938056
12718	0.05479404745167368
12721	0.08540989504835396
12839	0.028497228787539207
12880	0.03544246523443552
12913	0.04008941730593629
