207
t_index	tf-idf
139	0.048331125099944895
168	0.08426802631124376
194	0.07512685797795307
224	0.13933611433902066
330	0.0731629253046348
493	0.022030500628822627
554	0.02014120992711539
660	0.020950345806520897
725	0.05144386891640227
861	0.0731629253046348
907	0.12506188338113883
1040	0.015336711311860438
1083	0.0651201401825202
1105	0.16241142085349877
1110	0.0812694649069817
1127	0.054488156568454814
1195	0.08120571042674939
1198	0.0731629253046348
1281	0.12506188338113883
1309	0.07027455402826521
1387	0.027315513550058484
1428	0.025088947265195376
1448	0.03604780562750922
1500	0.15177419184238616
1584	0.08272034809906957
1606	0.06845819760683973
1624	0.038997757099689466
1669	0.06716929258266884
1786	0.02993263813541843
1800	0.023866419046720135
1808	0.04432984224049594
1917	0.01996223538328002
1921	0.06415232161540155
1996	0.07512488659965882
2057	0.04533946015128591
2078	0.01704616214308078
2112	0.027094491892018006
2167	0.11808257546744776
2173	0.040288339977830295
2206	0.05862675802712931
2212	0.038997757099689466
2224	0.02635247653767754
2275	0.02720447647103967
2363	0.02720447647103967
2450	0.05144386891640227
2498	0.022740501547425424
2607	0.08194654065017545
2709	0.06828152325499749
2781	0.044061001257645255
2794	0.03832338269785015
2802	0.03653134585101288
2876	0.1449933752998347
2951	0.041360174049534786
2998	0.02812402961235369
3025	0.13691639521367946
3042	0.040402973748304274
3050	0.03604780562750922
3054	0.06253094169056941
3169	0.04213401315562188
3181	0.05571068478693006
3277	0.0731629253046348
3403	0.015782267441539127
3442	0.05332938283021189
3569	0.03470747653722054
3588	0.05354131647140858
3635	0.03581338783227485
3694	0.12408052214860436
3830	0.04385617295438944
3839	0.02050765994659602
3917	0.09289074289268044
3946	0.018997102969320362
3998	0.05375520344558241
4060	0.03604780562750922
4087	0.03313173238730998
4099	0.05054920761061119
4183	0.06316465884117253
4206	0.039625114542700866
4422	0.018834816600676606
4547	0.029253889907056716
4809	0.027315513550058484
4854	0.19348178048246306
4872	0.0731629253046348
4915	0.026877601722791206
4934	0.06845819760683973
5001	0.05144386891640227
5110	0.044202937922870014
5117	0.014530870182590111
5177	0.17123206518121678
5195	0.057077355060405593
5213	0.052500488559559605
5246	0.028840372336017918
5294	0.05850777981411343
5315	0.04589112575596652
5429	0.10262029401726384
5626	0.32245554855715697
5649	0.04254118778290011
5689	0.06626346477461996
6073	0.03811607087305183
6184	0.06491353243666316
6373	0.030653570974378017
6545	0.05237262736261053
6677	0.05571068478693006
6764	0.0651201401825202
6782	0.033892876430631116
6785	0.21948877591390442
6849	0.04020417621456242
7039	0.021545516581984735
7041	0.0731629253046348
7176	0.07338476946655191
7183	0.015782267441539127
7198	0.04052415716948243
7226	0.08618206632793894
7487	0.05862675802712931
7562	0.02217287402499614
7575	0.04254118778290011
7616	0.021014988236721932
7653	0.057077355060405593
7738	0.08120571042674939
7797	0.030653570974378017
7843	0.03628705711838134
7913	0.009189033561076402
7996	0.02660186018296605
8002	0.0716267756645497
8130	0.06041541248472513
8142	0.0651201401825202
8214	0.12522193124563546
8238	0.1011679458100294
8242	0.04978342887065975
8243	0.057077355060405593
8254	0.13763773562165893
8326	0.04704054222180406
8399	0.10446929248888759
8402	0.02812402961235369
8437	0.0429631719670204
8513	0.04432984224049594
8556	0.04704054222180406
8617	0.07620682707961363
8641	0.0731629253046348
8693	0.06845819760683973
8721	0.028331913789999136
8731	0.0651201401825202
8737	0.08120571042674939
8798	0.02565507350431596
8824	0.02594884327658295
8940	0.04174064374854516
8955	0.08120571042674939
8999	0.03259194733137625
9014	0.11649111173357089
9051	0.030954971977574863
9123	0.06845819760683973
9262	0.02993263813541843
9323	0.05862675802712931
9368	0.031108660134479788
9383	0.0429631719670204
9441	0.04662424180141297
9448	0.09830730054066693
9468	0.027887219633581185
9613	0.08120571042674939
9668	0.031744615789230025
9802	0.03449840266078551
9947	0.06845819760683973
10001	0.0349203868449058
10037	0.04978342887065975
10213	0.01800565778927809
10349	0.03678088850549584
10481	0.02314348925633826
10515	0.0651201401825202
10715	0.02536855805314216
10718	0.054488156568454814
10719	0.032417458536315426
10864	0.0651201401825202
10876	0.0651201401825202
10913	0.025558780120051635
11050	0.04242220956988424
11066	0.029656356363764926
11089	0.037035916050750094
11097	0.035137277014132606
11116	0.06845819760683973
11209	0.03470747653722054
11218	0.06845819760683973
11237	0.027770602710160252
11263	0.19332450039977958
11409	0.049034569938290994
11445	0.05144386891640227
11507	0.0651201401825202
11601	0.0651201401825202
11608	0.06041541248472513
11620	0.031909204168834734
11703	0.061307141948756035
11730	0.04340108379428767
11767	0.07967905075022817
11812	0.06415232161540155
11825	0.03869635609649261
11841	0.028260177805763082
11894	0.04340108379428767
12306	0.0651201401825202
12322	0.10288773783280454
12386	0.0731629253046348
12463	0.0731629253046348
12564	0.05571068478693006
12568	0.027887219633581185
12631	0.027887219633581185
12718	0.05209688582278537
12776	0.05054920761061119
12862	0.023783833031103218
12869	0.01742049416079987
12887	0.027770602710160252
