59
t_index	tf-idf
287	0.08423846463424357
542	0.16464737490960907
778	0.04275170008003686
1175	0.16464737490960907
1290	0.08939862600611975
1500	0.054820043155917944
1613	0.1036421258296778
1761	0.5549473738087586
1839	0.07050902368034731
1885	0.09709569129153404
2048	0.18498245793625284
2167	0.07463891362483496
2523	0.1482297455375982
2587	0.08829142579740797
2955	0.101863561691106
3050	0.09114195011229981
3136	0.14085685287033334
3442	0.06741802815483552
3631	0.10653009408511996
3997	0.20531754096289656
4007	0.1258705963251837
4012	0.12789466251095444
4252	0.08569350613801474
5061	0.18498245793625284
5072	0.07985160379040207
5626	0.08152847866446224
5802	0.04011285956832408
6184	0.027354165909988886
6412	0.09637127612942617
6606	0.07021417372674653
6686	0.10018668681704583
6782	0.08569350613801474
6953	0.082852191467976
7014	0.1527521138899712
7015	0.07050902368034731
7193	0.16464737490960907
7237	0.0693469975849286
7913	0.023233215554312313
8399	0.024012393538730203
8721	0.07163337208142018
9014	0.07363296398578226
9027	0.20531754096289656
9461	0.06637015521293155
9465	0.1189355822858569
9761	0.08423846463424357
9781	0.05047178405901231
10063	0.05972096286942123
10667	0.12789466251095444
10796	0.05232528393037894
10859	0.18228390022459962
11017	0.2291884943333103
11091	0.07985160379040207
11209	0.08775311118147927
11238	0.0726603669570227
11503	0.07171898169442564
12468	0.1045735476608873
12568	0.07050902368034731
12718	0.06585992803183245
12862	0.060134171438880425
