371
t_index	tf-idf
73	0.037955602548424464
139	0.03909838147837778
186	0.06882900346472709
194	0.09116294767873924
224	0.11271859574707284
230	0.03496941781382629
330	0.059186537820488924
493	0.017821991852333907
498	0.02680254410051064
546	0.05217130791487272
554	0.01629361426074778
556	0.022947031139389902
643	0.01957929019696565
699	0.04887419524409176
705	0.05871020792535926
708	0.05008322485888483
725	0.04161649470103998
735	0.052680174060018216
736	0.04161649470103998
750	0.04027325019356854
761	0.03287223848923423
796	0.040920865492834246
861	0.059186537820488924
907	0.1011711855399314
930	0.06569290158095963
949	0.017708212292801492
963	0.05538055900456247
1002	0.04887419524409176
1019	0.018597207301395503
1040	0.012406923866449673
1098	0.059186537820488924
1110	0.1314889539569369
1127	0.044079229009494986
1134	0.02824951009129744
1154	0.05538055900456247
1187	0.06463984088462206
1198	0.11837307564097785
1258	0.03307999690229644
1281	0.1011711855399314
1309	0.056849935025061436
1391	0.04887419524409176
1448	0.029161556925650294
1458	0.02636587472876352
1466	0.04742722925330497
1500	0.12278061474784234
1537	0.023991072667383852
1554	0.045310386330359165
1563	0.02824951009129744
1601	0.0505855927699657
1606	0.11076111800912494
1635	0.05832311385130059
1638	0.05538055900456247
1669	0.07245049974453423
1687	0.0371148866769078
1720	0.0168444586129146
1786	0.024214576053272197
1800	0.01930719292136961
1923	0.04161649470103998
1926	0.03345909824480076
1996	0.03038685183429219
2078	0.027579633159138438
2088	0.030171853544689972
2113	0.044079229009494986
2167	0.07164385639732712
2206	0.04742722925330497
2212	0.031547976189913125
2224	0.021318336339976728
2275	0.022007577865913872
2283	0.031547976189913125
2287	0.019442255664958413
2288	0.04027325019356854
2302	0.041983619096491315
2363	0.022007577865913872
2397	0.017484708906913143
2420	0.03475587385176815
2450	0.04161649470103998
2487	0.024678210967067193
2498	0.018396360578659347
2531	0.033161082778606084
2540	0.05538055900456247
2571	0.04887419524409176
2575	0.06569290158095963
2607	0.022097403419627855
2703	0.03376688643309783
2709	0.018412544977506013
2754	0.02824951009129744
2781	0.05346597555700172
2794	0.015501214105443162
2802	0.029552725972089636
2816	0.022188096866526442
2869	0.03376688643309783
2876	0.11729514443513335
2924	0.016948180096229958
2951	0.06691819648960153
2998	0.022751467842288063
3012	0.06569290158095963
3025	0.11076111800912494
3189	0.03966744653907679
3191	0.04742722925330497
3196	0.04161649470103998
3237	0.02878603890198062
3245	0.033161082778606084
3408	0.04318458106563139
3442	0.08628363397666701
3496	0.016690994179975334
3509	0.06569290158095963
3569	0.02807727225463746
3588	0.04331326473209023
3694	0.13383639297920305
3703	0.04236783148362105
3798	0.0505855927699657
3830	0.03547828395897177
3848	0.02091192226833613
3872	0.031547976189913125
3917	0.07514573049804857
3946	0.01536806721015807
4020	0.02636587472876352
4074	0.023146755668403605
4087	0.02680254410051064
4139	0.05538055900456247
4195	0.029161556925650294
4206	0.032055488907223886
4252	0.02741828602880684
4255	0.024678210967067193
4276	0.020624685152794326
4318	0.04318458106563139
4347	0.06569290158095963
4422	0.06094713028142407
4517	0.06569290158095963
4544	0.03909838147837778
4547	0.04733097956843852
4592	0.04318458106563139
4708	0.0215741041783779
4731	0.05538055900456247
4809	0.04419480683925571
4854	0.1565207606232141
4855	0.059186537820488924
4872	0.059186537820488924
4915	0.02174314633082673
4934	0.05538055900456247
4936	0.03667821730516068
5001	0.04161649470103998
5116	0.04318458106563139
5147	0.059186537820488924
5176	0.0450682164281653
5177	0.092347620599095
5195	0.0461738102995475
5213	0.08494253445406386
5239	0.035110130940569265
5246	0.011665483446125773
5251	0.03626096200182628
5294	0.09466195913687704
5310	0.013072926436494943
5315	0.01237483255747777
5412	0.02491890873797672
5420	0.03345909824480076
5429	0.02075415891215641
5524	0.020446370723859346
5600	0.01237483255747777
5626	0.1825995777020545
5627	0.029161556925650294
5688	0.07245049974453423
5689	0.02680254410051064
5712	0.020446370723859346
5715	0.023350822373385316
5729	0.025165941382574615
5750	0.03287223848923423
5765	0.015150268605574406
5825	0.03909838147837778
5902	0.06569290158095963
5975	0.05538055900456247
6153	0.026952734484330058
6184	0.061265207267177116
6322	0.03966744653907679
6343	0.028424967512530718
6373	0.02479778836417211
6526	0.01985951096829281
6545	0.04236783148362105
6557	0.0182914246037014
6575	0.034414501732363545
6585	0.018053773967612152
6591	0.015280340415252487
6646	0.01510730881099393
6685	0.029161556925650294
6689	0.035861467723150346
6764	0.052680174060018216
6782	0.10967314411522736
6785	0.059186537820488924
6796	0.020991809548245657
6849	0.03252393184330559
6953	0.026509185890046055
6984	0.03130415212464282
7020	0.07784585827628739
7031	0.0385618526676946
7039	0.01742965479758951
7097	0.06632216555721217
7103	0.04887419524409176
7176	0.11873200573637498
7198	0.03278278651336359
7226	0.03485930959517902
7275	0.018597207301395503
7362	0.013460424932411837
7431	0.031798302990969265
7434	0.0371148866769078
7487	0.04742722925330497
7513	0.052680174060018216
7562	0.017937167514900276
7575	0.034414501732363545
7589	0.03360554559699234
7619	0.02115365319083236
7653	0.0461738102995475
7677	0.010814142147620755
7717	0.016148829404708874
7720	0.059186537820488924
7797	0.07439336509251633
7799	0.04887419524409176
7912	0.010338094852443894
7913	0.029734572811671706
7996	0.02152007997573516
8002	0.028971920198501065
8113	0.017212611631317105
8142	0.052680174060018216
8151	0.03547828395897177
8193	0.033161082778606084
8214	0.06753377286619566
8215	0.0461738102995475
8238	0.08184173098566849
8242	0.04027325019356854
8243	0.0461738102995475
8262	0.059186537820488924
8320	0.044079229009494986
8326	0.038054339950383834
8377	0.05538055900456247
8399	0.11524420646661684
8405	0.04887419524409176
8437	0.03475587385176815
8448	0.052680174060018216
8486	0.054210734189939845
8513	0.1793073386157517
8553	0.02037097514797784
8561	0.04318458106563139
8595	0.027741997373986676
8617	0.046236719974767894
8623	0.014688190143140966
8656	0.023046362211618925
8693	0.05538055900456247
8721	0.022919639695603965
8731	0.052680174060018216
8760	0.02807727225463746
8773	0.035861467723150346
8794	0.006514940004768957
8814	0.04027325019356854
8824	0.020991809548245657
8833	0.03106650148855357
8938	0.022655193165179582
8968	0.020296180340039927
8999	0.02636587472876352
9014	0.21203481836926089
9068	0.030171853544689972
9120	0.052680174060018216
9125	0.020296180340039927
9133	0.05538055900456247
9182	0.0461738102995475
9284	0.052680174060018216
9304	0.0505855927699657
9368	0.05033188276514923
9383	0.03475587385176815
9441	0.018858782909792537
9448	0.026509185890046055
9461	0.04247126722703193
9468	0.04511979182567414
9679	0.03547828395897177
9721	0.04887419524409176
9747	0.044079229009494986
9761	0.08085820345299018
9782	0.03130415212464282
9802	0.027908137971892833
9939	0.03408511008520616
9942	0.040920865492834246
9947	0.05538055900456247
9949	0.016440667378919194
9984	0.04161649470103998
10027	0.052680174060018216
10030	0.03966744653907679
10037	0.04027325019356854
10038	0.06569290158095963
10063	0.07643269674284697
10117	0.0505855927699657
10118	0.11076111800912494
10161	0.02581355668184032
10201	0.03345909824480076
10213	0.029132037607588063
10253	0.052680174060018216
10258	0.034414501732363545
10349	0.05950919648271115
10421	0.019788667622729163
10481	0.018722365138693672
10515	0.052680174060018216
10516	0.04027325019356854
10536	0.06411097781444777
10541	0.092347620599095
10645	0.06569290158095963
10654	0.022751467842288063
10715	0.020522376796878166
10744	0.02075415891215641
10796	0.016741870720414158
10813	0.0461738102995475
10852	0.092347620599095
10864	0.10536034812003643
10876	0.052680174060018216
11005	0.1156855580030838
11008	0.02636587472876352
11050	0.05147737807124565
11066	0.023991072667383852
11082	0.044079229009494986
11089	0.02996090761717138
11116	0.05538055900456247
11170	0.0505855927699657
11186	0.015912376127984913
11210	0.013107499951571714
11218	0.05538055900456247
11223	0.0450682164281653
11236	0.035110130940569265
11237	0.022465556438030353
11238	0.06974470344265461
11263	0.11729514443513335
11353	0.0182914246037014
11410	0.020832709150723112
11441	0.02174314633082673
11445	0.04161649470103998
11448	0.044079229009494986
11468	0.09391245637392845
11474	0.0214859604145721
11590	0.0182914246037014
11608	0.04887419524409176
11634	0.01510730881099393
11659	0.007780624344737087
11703	0.02479778836417211
11715	0.029552725972089636
11728	0.06569290158095963
11730	0.035110130940569265
11748	0.025165941382574615
11762	0.04236783148362105
11766	0.0371148866769078
11767	0.0644578812437163
11812	0.025948619425429125
11835	0.03626096200182628
11841	0.022861607508859128
11946	0.0371148866769078
12148	0.030175897714742043
12306	0.052680174060018216
12322	0.08323298940207996
12333	0.0461738102995475
12353	0.03626096200182628
12386	0.059186537820488924
12463	0.059186537820488924
12564	0.0450682164281653
12568	0.02255989591283707
12582	0.025549125146753178
12626	0.015456621628555408
12631	0.02255989591283707
12718	0.02107238256426474
12776	0.04089274144771869
12862	0.057721150187077436
12869	0.028185279148057015
12880	0.02726052267262712
12881	0.035110130940569265
12887	0.022465556438030353
12891	0.03909838147837778
12958	0.016440667378919194
12961	0.04742722925330497
