151
t_index	tf-idf
192	0.06744760533323728
194	0.0500862859896164
210	0.09128072052942977
224	0.24771712484906905
323	0.11917877827255342
478	0.019424665705606945
643	0.0322714640075516
708	0.04127470843315094
745	0.0859910889855769
764	0.19510781093601776
924	0.049042862971298
1107	0.3248339578597372
1142	0.18256144105885955
1181	0.04599944436276357
1377	0.08055664004419291
1387	0.03642193112942291
1500	0.028910359217021214
1537	0.03954316169275742
1919	0.098085725942596
1996	0.07512745753866545
2008	0.03308902056580045
2071	0.07610574449753515
2104	0.048065385683702555
2158	0.0500862859896164
2167	0.03936220550437955
2517	0.08682982498277202
2542	0.12711874924075392
2568	0.08682982498277202
2794	0.025549796138916576
2802	0.048710128045455374
2816	0.036571416135154224
2821	0.03718423199417423
2849	0.030449174615630258
2920	0.08682982498277202
2996	0.04545652628050975
3042	0.026936237618008636
3107	0.04127470843315094
3172	0.06983255955895605
3237	0.04744644003944621
3272	0.025772412608902947
3294	0.09550563585399874
3442	0.07110827717212906
3568	0.053719624978025314
3569	0.046278219071301384
3702	0.03900652138609557
3727	0.04168730829091599
3813	0.10827798595324571
3919	0.05976694345653485
3946	0.07599101236802414
3971	0.060454682356569284
3998	0.035838028711324146
4013	0.03446796794073332
4176	0.05976694345653485
4204	0.066380176758925
4252	0.045192048425970174
4255	0.040675733848507874
4295	0.07428345510561381
4322	0.10827798595324571
4470	0.06272286940362465
4666	0.1056705882702802
4708	0.017779702928035428
4915	0.035838028711324146
4949	0.030550627947914084
4995	0.07817168581847414
5038	0.07610574449753515
5091	0.09199888872552714
5098	0.06859417258513346
5119	0.08682982498277202
5177	0.07610574449753515
5213	0.03500152349457184
5227	0.08682982498277202
5246	0.01922757287803416
5279	0.04910256678457973
5310	0.021547383522314747
5429	0.03420793530321445
5626	0.21497772246394228
5627	0.19226154273481022
5688	0.029854040561659547
6013	0.03459964173750156
6184	0.014425723093477791
6185	0.06117442039465818
6439	0.045192048425970174
6521	0.04938291133510906
6531	0.040288924257981897
6591	0.025185742219111653
6670	0.030755552503183414
6685	0.048065385683702555
6849	0.0714765370488566
7198	0.027017029330236378
7226	0.05745667711198548
7677	0.017824353977018804
7717	0.026617224713228842
7722	0.08055664004419291
7913	0.024504928080091967
7996	0.03547036074291389
8107	0.06117442039465818
8113	0.02837059827746464
8134	0.06859417258513346
8271	0.0898640315769026
8320	0.14530672339500822
8399	0.06331688948973659
8420	0.07428345510561381
8565	0.032850991598041925
8655	0.04838439858848235
8721	0.018888588913641095
8742	0.05976694345653485
8824	0.03459964173750156
8893	0.036571416135154224
9009	0.07428345510561381
9014	0.07766339887724615
9205	0.04545652628050975
9381	0.13180050912547378
9441	0.031083891590407017
9461	0.07000304698914368
9468	0.03718423199417423
9618	0.04545652628050975
9761	0.22212352747878272
9802	0.04599944436276357
9943	0.18256144105885955
9954	0.04322475724415129
9986	0.038487872450361886
10001	0.046562109196561
10173	0.060454682356569284
10276	0.051596907161317505
10325	0.06192928121226726
10541	0.07610574449753515
10591	0.0578700920998966
10699	0.09128072052942977
10768	0.045725603979808696
10878	0.033700625010519694
11017	0.040288924257981897
11050	0.028282440900858716
11089	0.04938291133510906
11097	0.0468513059854755
11238	0.07663756497212229
11468	0.051596907161317505
11519	0.03459964173750156
11590	0.150743730954219
11703	0.04087282667608066
11812	0.0427696780327189
11835	0.05976694345653485
11870	0.04322475724415129
12013	0.10827798595324571
12066	0.07817168581847414
12568	0.07436846398834845
12718	0.1736622289763645
12811	0.051998788918387794
12862	0.09513858786491829
12880	0.0449320157884513
12971	0.12967427173245388
13036	0.05672352484800043
