179
t_index	tf-idf
139	0.057441393151114545
193	0.08056315825663432
208	0.022972038533145472
367	0.04599049989955012
407	0.06344463390201774
493	0.02618318206578476
656	0.04634871406247244
937	0.0965127364424585
1106	0.0965127364424585
1108	0.0965127364424585
1258	0.14579844758177185
1310	0.08136235676325385
1428	0.029818136462321065
1460	0.030958494079198994
1500	0.05153804543010214
1537	0.03524648809225674
1616	0.015226151682372315
1660	0.04028157912831716
1690	0.03540969082401112
1720	0.04949407791405335
1831	0.08695391112494391
1921	0.07624483642470027
1996	0.02232142401858145
2021	0.10015228942845646
2078	0.02025931114480645
2167	0.035085194208160246
2206	0.06967772113824502
2283	0.09269742812494489
2311	0.07431783138360071
2315	0.03144241986818655
2352	0.06783626048991467
2363	0.03233243640018255
2386	0.043038135030364764
2413	0.05520018074857148
2430	0.06475900606608609
2545	0.03524648809225674
2580	0.04634871406247244
2781	0.05236636413156952
2802	0.08683478379731574
3272	0.045944077066290945
3346	0.13567252097982935
3352	0.052685880810710004
3360	0.07180353144573923
3407	0.06114087957875479
3433	0.024299741263628643
3442	0.03169090352564533
3496	0.024521576661814985
3792	0.07739508580742929
3881	0.11040036149714295
3897	0.039821854228633165
3919	0.05327279789155479
3937	0.03832374251608531
3980	0.036789888744957824
4105	0.07180353144573923
4176	0.05327279789155479
4247	0.022385121452300667
4252	0.04028157912831716
4332	0.021281294902830844
4344	0.07431783138360071
4360	0.06621197708404918
4377	0.05520018074857148
4422	0.067155364356902
4516	0.13935544227649005
4775	0.04871860985488543
4791	0.059167451704396044
4854	0.04599049989955012
5054	0.023173362836880644
5076	0.06344463390201774
5077	0.07049297618451349
5239	0.10316410852248034
5279	0.0656507836520158
5294	0.034768157949473896
5310	0.038412183762112154
5405	0.13935544227649005
5626	0.03832374251608531
5627	0.04284270583403152
5688	0.053220331410930626
5689	0.039376961779835684
5717	0.06114087957875479
6017	0.06783626048991467
6153	0.039597614005280335
6184	0.012858255523093012
6228	0.0965127364424585
6303	0.05327279789155479
6304	0.062244706128224615
6351	0.08136235676325385
6430	0.024976248719129613
6432	0.017854896010509016
6439	0.04028157912831716
6671	0.02917660358778385
6782	0.04028157912831716
6789	0.0965127364424585
6811	0.057441393151114545
6944	0.06344463390201774
7045	0.1627247135265077
7198	0.024081417919365293
7275	0.054644179923560326
7394	0.028563592894835517
7416	0.15663913814948327
7440	0.04671648172067278
7552	0.0965127364424585
7570	0.08695391112494391
7589	0.03291439498183263
7640	0.035574848125945545
7677	0.031775197192602314
7731	0.0965127364424585
7913	0.010921138052736486
7996	0.01580811439999433
8009	0.0264377825873413
8015	0.024447234326075665
8237	0.0965127364424585
8271	0.040049801069366814
8320	0.1942770181982583
8494	0.09921725277376287
8617	0.06792868424892223
8721	0.016836196088643087
8728	0.04599049989955012
8739	0.193025472884917
8783	0.0296009592198562
8968	0.029818136462321065
8980	0.08625411098639077
9102	0.0965127364424585
9133	0.08136235676325385
9210	0.04871860985488543
9391	0.016582376594444375
9406	0.03625599743072199
9441	0.013853191903506116
9448	0.038945974519896995
9461	0.03119833438326778
9462	0.04284270583403152
9744	0.03915978453737082
9761	0.039597614005280335
9949	0.07246142701084393
9957	0.193025472884917
10001	0.2905194046113093
10002	0.0965127364424585
10063	0.028072777038314026
10103	0.017225905628771184
10378	0.05007614471422823
10431	0.055907539379987055
10470	0.07180353144573923
10475	0.04401707202519138
10478	0.03608253011354225
10481	0.02750596561766027
10509	0.06783626048991467
10516	0.059167451704396044
10599	0.08695391112494391
10681	0.18719000629960666
10685	0.08136235676325385
10688	0.03385856658114325
10708	0.04100124518570116
10777	0.08695391112494391
11097	0.04176054538466998
11222	0.06011889582073039
11234	0.039821854228633165
11256	0.08136235676325385
11291	0.08695391112494391
11409	0.1165548703448001
11426	0.1699594552996037
11468	0.09198099979910024
11552	0.0965127364424585
11555	0.047882567833599926
11596	0.04371397257404018
11812	0.038122418212350136
11870	0.038528049510409015
11996	0.0965127364424585
12234	0.08136235676325385
12440	0.05327279789155479
12485	0.0539230685278743
12564	0.13242395416809835
12568	0.13257549817443368
12636	0.03131983710654365
12680	0.06011889582073039
12715	0.07739508580742929
12718	0.030958494079198994
12745	0.08136235676325385
12839	0.03220172006715536
12862	0.02826701221945321
12958	0.04830761800722929
