271
t_index	tf-idf
80	0.06068924674370273
105	0.04871531135081615
138	0.054678455529421216
193	0.025329907585844347
208	0.07222651466188178
218	0.026259912799310867
348	0.01828141706611748
376	0.016464537795724998
473	0.03914078564083931
613	0.033884534349708464
659	0.020007103867695705
730	0.051162368069402345
744	0.019771657585702845
746	0.024624499458013635
773	0.07080934725677222
806	0.035624698180820445
838	0.03780403122854739
842	0.04673262175076035
923	0.06068924674370273
924	0.02748826906669561
941	0.054678455529421216
999	0.030910607087403393
1039	0.03612036100881303
1040	0.01146192123867973
1054	0.030910607087403393
1162	0.02748826906669561
1190	0.020007103867695705
1258	0.0152801904465297
1432	0.051162368069402345
1478	0.06068924674370273
1666	0.03277599675781798
1674	0.7288427253525502
1691	0.02711920321227628
1800	0.017836615021323502
1837	0.025938700571047604
1845	0.035184649075951785
1862	0.015052572689281882
1873	0.033884534349708464
1984	0.0351558413669913
1986	0.04265687310085818
2027	0.04515157685512083
2030	0.03349906028097712
2046	0.0486676643151397
2087	0.043814822442828916
2198	0.03612036100881303
2202	0.03277599675781798
2232	0.023134258938428267
2251	0.02041430255407734
2358	0.040721830536478834
2360	0.040721830536478834
2414	0.04673262175076035
2441	0.03010956979453151
2449	0.07441148615291993
2480	0.026097819506520056
2508	0.024899815873121883
2509	0.03037685031953482
2591	0.01910140438427723
2651	0.054678455529421216
2695	0.031488937259043344
2740	0.03179324001426588
2758	0.055747486270853894
2781	0.016464537795724998
2845	0.035305510034418265
2924	0.01565728197359655
2965	0.051162368069402345
3004	0.054678455529421216
3047	0.0667990840198965
3111	0.04673262175076035
3289	0.059716394899773075
3294	0.026765205543536463
3356	0.026593482334512638
3363	0.02848612022428803
3397	0.03914078564083931
3403	0.023589816969796933
3432	0.01565728197359655
3447	0.03010956979453151
3505	0.02041430255407734
3568	0.06021913958906302
3723	0.022163736015870652
3771	0.0429549557048282
3847	0.04265687310085818
3851	0.029858197449886537
3945	0.04515157685512083
3946	0.014197522113430538
3980	0.023134258938428267
3983	0.043814822442828916
4068	0.054678455529421216
4083	0.02966155400221538
4094	0.025628962692690917
4132	0.06068924674370273
4168	0.06068924674370273
4206	0.029613906966538924
4255	0.02279853680580284
4276	0.009526878674300387
4285	0.03720574307645996
4332	0.013382127634039596
4449	0.028700248107915802
4484	0.06068924674370273
4529	0.03844667619692188
4621	0.054678455529421216
4641	0.04673262175076035
4652	0.051162368069402345
4666	0.029613906966538924
4674	0.03720574307645996
4809	0.02041430255407734
4906	0.03720574307645996
4956	0.029376310222370965
4972	0.01753231226610097
4974	0.0486676643151397
5087	0.03179324001426588
5091	0.025782448799984363
5117	0.021719348584663928
5196	0.2583022329712422
5213	0.0196181714784094
5216	0.06068924674370273
5310	0.012077196151686962
5421	0.043814822442828916
5464	0.051162368069402345
5532	0.030368446889689593
5568	0.051162368069402345
5600	0.01143227423996825
5661	0.06068924674370273
5698	0.031194951862178452
5955	0.06068924674370273
5956	0.055747486270853894
6040	0.03914078564083931
6069	0.03612036100881303
6153	0.024899815873121883
6175	0.03780403122854739
6404	0.039895325563989975
6442	0.014963172529679119
6454	0.012983773149012721
6497	0.023249118083517595
6526	0.07338745784450625
6555	0.05697224044857606
6557	0.016898215094058464
6578	0.043814822442828916
6585	0.016678665679352774
6653	0.06068924674370273
6807	0.01483077700110769
6849	0.020031113227468735
6899	0.04673262175076035
6933	0.028700248107915802
6959	0.07154221870681506
6969	0.023134258938428267
6974	0.054678455529421216
7015	0.08336627286155682
7025	0.040721830536478834
7131	0.035624698180820445
7256	0.04265687310085818
7286	0.03063529067229515
7331	0.05978372807029826
7346	0.0612705813445903
7562	0.016570940832219667
7924	0.03780403122854739
7996	0.0397619046247197
8069	0.033884534349708464
8113	0.015901572456944162
8323	0.03612036100881303
8361	0.019771657585702845
8399	0.007097757305802925
8417	0.02807310222977391
8433	0.03985581871353217
8490	0.0331299944265578
8565	0.036825619119471784
8566	0.05219563901304011
8572	0.032108610720801574
8580	0.03277599675781798
8591	0.03844667619692188
8610	0.04515157685512083
8617	0.014238330370747832
8677	0.03612036100881303
8808	0.028277152554247013
8872	0.03844667619692188
8957	0.01673303412501048
8968	0.018750273879946624
8977	0.04515157685512083
9021	0.035624698180820445
9045	0.014197522113430538
9198	0.01630734185364698
9201	0.03612036100881303
9205	0.025478146044761826
9211	0.040662637551172304
9224	0.06068924674370273
9241	0.01847925998969799
9267	0.02711920321227628
9347	0.0486676643151397
9371	0.03914078564083931
9391	0.010427348574218915
9406	0.02279853680580284
9441	0.008711179608102831
9465	0.0351558413669913
9528	0.013345147882150358
9648	0.02504082286086838
9679	0.03277599675781798
9744	0.024624499458013635
9829	0.04515157685512083
9932	0.054678455529421216
9949	0.045565275479302225
9986	0.02157225189604807
10068	0.023249118083517595
10089	0.04515157685512083
10125	0.062389903724356904
10145	0.03780403122854739
10161	0.02384740623560502
10189	0.030910607087403393
10190	0.06068924674370273
10204	0.015326439829100277
10212	0.028919797522621495
10276	0.028919797522621495
10307	0.03844667619692188
10342	0.02807310222977391
10372	0.023134258938428267
10451	0.02748826906669561
10475	0.02767886440215958
10481	0.017296332026491078
10566	0.054678455529421216
10584	0.029613906966538924
10588	0.06068924674370273
10674	0.033884534349708464
10688	0.021290981660811212
10700	0.026259912799310867
10731	0.03471103932219732
10732	0.04515157685512083
10761	0.030910607087403393
10878	0.018889024658840365
10976	0.035624698180820445
11017	0.04516346409300236
11055	0.031194951862178452
11077	0.040721830536478834
11081	0.03612036100881303
11096	0.041635489395101956
11106	0.051162368069402345
11249	0.03844667619692188
11339	0.054678455529421216
11465	0.028919797522621495
11474	0.01984943154807058
11620	0.02384740623560502
11644	0.021018548616860595
11659	0.043127968408812514
11674	0.031488937259043344
11678	0.026765205543536463
11703	0.02290900630833998
11733	0.03612036100881303
11760	0.08303659320647874
11763	0.026593482334512638
11817	0.02384740623560502
11834	0.04265687310085818
11946	0.03428794376852853
12034	0.06068924674370273
12059	0.04673262175076035
12074	0.025938700571047604
12183	0.04265687310085818
12222	0.04515157685512083
12385	0.029613906966538924
12425	0.017836615021323502
12577	0.024227251132651076
12628	0.05187740114209521
12631	0.020841568215389204
12676	0.009269399232248184
12727	0.032108610720801574
12746	0.04673262175076035
12785	0.017652755017209133
12798	0.044327472031741304
12840	0.035305510034418265
12869	0.013019240432305353
12885	0.02711920321227628
12888	0.06068924674370273
12956	0.03844667619692188
12958	0.03037685031953482
12994	0.07224072201762606
