205
t_index	tf-idf
84	0.031946004835333955
106	0.04408572987541137
108	0.036818001572204134
188	0.05062076535525117
198	0.11286514895222892
348	0.018893780906326593
455	0.04408572987541137
465	0.028027602127000433
471	0.07946901205896438
478	0.01125211468426394
650	0.06272212527062235
742	0.011426143681279533
772	0.034621162201351516
773	0.024393737975396814
835	0.07814066938299924
879	0.19526224232849823
891	0.2115045172824603
964	0.06272212527062235
986	0.045282466489903285
995	0.034621162201351516
1130	0.024906003782890426
1251	0.05287612932061508
1291	0.1254442505412447
1451	0.06272212527062235
1479	0.06272212527062235
1496	0.05287612932061508
1542	0.04408572987541137
1580	0.09332799504442282
1616	0.00989523899553548
1661	0.06272212527062235
1691	0.056055204254000866
1755	0.06272212527062235
1837	0.05361511351245188
1838	0.045282466489903285
1914	0.04666399752221141
1942	0.029440306101133084
2021	0.09763112116424912
2041	0.13695893570161638
2105	0.03845200596875846
2173	0.031118135581294087
2499	0.045282466489903285
2645	0.08606026674121559
2708	0.06272212527062235
2757	0.07363600314440827
2759	0.05029786167381503
2816	0.021184702725664643
2845	0.0547321826008272
2848	0.019741234945542755
2849	0.14110620383746553
2923	0.035436470539896
3047	0.023012206943088684
3058	0.18816637581186704
3252	0.1254442505412447
3393	0.06272212527062235
3433	0.01579202364124991
3569	0.02680755675622594
3666	0.025449334480200394
3839	0.01583982221715795
3846	0.02840903040294786
3945	0.09332799504442282
3970	0.04408572987541137
4083	0.06131022563865736
4135	0.016082715450359466
4214	0.029224338741492346
4257	0.12909040011182338
4310	0.06307258060909796
4366	0.031118135581294087
4408	0.04408572987541137
4494	0.06272212527062235
4515	0.052974887474076776
4596	0.06272212527062235
4618	0.0824633602161651
4705	0.04123168010808255
4757	0.0350195483096789
4806	0.037330267379697746
4956	0.030360314365697784
5054	0.030120015665766296
5110	0.03414171485179848
5117	0.011223435582226592
5279	0.014221807497884983
5296	0.0700390966193578
5320	0.04123168010808255
5639	0.030858343138046664
5646	0.06272212527062235
5647	0.06272212527062235
5660	0.056509993472218696
5721	0.03352237423107853
5886	0.035873738321958414
5889	0.05029786167381503
5907	0.04666399752221141
5984	0.05496854285938093
6066	0.02602774237195114
6205	0.06272212527062235
6430	0.016231675307284064
6432	0.011603619020094526
6434	0.10059572334763006
6442	0.015464386727618303
6449	0.039932479053239454
6500	0.06272212527062235
6530	0.05029786167381503
6557	0.0349284929653352
6558	0.06272212527062235
6646	0.014424123351856612
6670	0.017815750818498188
6671	0.01896142056126796
6679	0.05062076535525117
6742	0.11301998694443739
6743	0.06272212527062235
6932	0.035873738321958414
6937	0.06272212527062235
6940	0.05287612932061508
6959	0.12323105669821503
7050	0.03285820289309596
7115	0.07946901205896438
7162	0.0350195483096789
7232	0.04045186572380775
7491	0.06272212527062235
7562	0.10275605803313749
7589	0.032085829518802844
7691	0.06272212527062235
7705	0.05029786167381503
7715	0.045282466489903285
7823	0.056509993472218696
7910	0.07574719615401543
7913	0.007097477641719317
7925	0.04303013337060779
7930	0.056509993472218696
8012	0.0480557652338037
8329	0.02680755675622594
8433	0.02059542495782228
8539	0.15862838796184522
8565	0.038059149182295686
8566	0.08091601686659058
8567	0.06272212527062235
8783	0.038474405363593464
8848	0.025590474589888723
8873	0.06272212527062235
9021	0.036818001572204134
9104	0.03318413742060052
9127	0.08606026674121559
9185	0.28254996736109345
9190	0.04123168010808255
9241	0.03819650175844384
9262	0.02311954010307493
9344	0.03907033469149962
9499	0.01805798750346023
9516	0.044008310879307136
9546	0.036818001572204134
9708	0.035873738321958414
9716	0.06272212527062235
9744	0.025449334480200394
9787	0.014547742025389538
9851	0.04829800191876573
9949	0.03139436907357078
10020	0.09108094309709334
10066	0.07466053475939549
10074	0.056509993472218696
10181	0.1254442505412447
10213	0.027814623319077456
10269	0.06272212527062235
10280	0.03973450602948219
10284	0.03138568415807527
10481	0.017875698946624656
10525	0.056509993472218696
10599	0.056509993472218696
10715	0.039188620302251606
10749	0.020514318415690506
10804	0.15707022795014033
10887	0.03166146627860405
10929	0.1254442505412447
10972	0.10059572334763006
11154	0.04123168010808255
11186	0.030385567537239262
11197	0.31725677592369045
11259	0.10575225864123015
11328	0.1508935850214451
11350	0.04408572987541137
11364	0.10059572334763006
11410	0.0994530429948934
11411	0.056509993472218696
11465	0.029888510079474916
11644	0.02172259683697902
11659	0.037143837697047315
11678	0.05532349353701093
11687	0.035436470539896
11719	0.031118135581294087
11721	0.02109811063427122
11748	0.02402788261690185
11755	0.03166146627860405
11763	0.027484271429690465
11840	0.045282466489903285
11841	0.01091387787378592
12052	0.06272212527062235
12150	0.05062076535525117
12445	0.06272212527062235
12475	0.025879603267968083
12509	0.07899472576903814
12756	0.04666399752221141
12768	0.02503877971862691
12798	0.022906144027841135
12840	0.0364881217338848
12869	0.013455339671160768
12968	0.06272212527062235
12982	0.02239387822034752
12990	0.06272212527062235
