222
t_index	tf-idf
129	0.02670988068804865
208	0.01974330794190862
218	0.035891081505977945
242	0.07364228761199708
277	0.03329114654042414
283	0.05166915733680338
333	0.03225986916763615
412	0.050881061548826996
423	0.07269398411870016
431	0.07473249888624718
472	0.037569953604602795
495	0.04869052520491404
556	0.028974308047352664
579	0.033112914414955535
580	0.06651717086760824
582	0.07473249888624718
660	0.021399796251082
671	0.06651717086760824
700	0.04686349851477576
707	0.04528085600830272
742	0.015110677200044578
749	0.03482259150296012
751	0.05349618402694166
1039	0.04936797890001665
1040	0.01566573173858177
1279	0.01727159112415699
1302	0.05988448535544233
1408	0.03922644191377618
1564	0.06387242596969302
1636	0.023172078211134036
1646	0.02480946544769333
1681	0.02872737801189121
1862	0.041146603752610436
1890	0.08230530176275541
1917	0.02039048776872065
2030	0.04578528162324174
2167	0.030153954010390043
2182	0.05565709795105407
2187	0.05254750080715719
2217	0.02974755260823096
2302	0.02650552712582407
2347	0.025165949853415866
2431	0.05565709795105407
2461	0.15655592973925844
2498	0.023228356431751564
2509	0.041517960057427444
2549	0.05988448535544233
2597	0.05988448535544233
2607	0.027901516751240366
2681	0.05690585322355299
2742	0.07473249888624718
2781	0.022503123772754034
2803	0.05166915733680338
2806	0.03086387954221986
2813	0.06992684006421955
2818	0.021869917318218128
2899	0.03225986916763615
2911	0.028974308047352664
2929	0.07473249888624718
3107	0.03161905294526787
3147	0.07473249888624718
3190	0.05988448535544233
3251	0.04015045870844165
3310	0.04303791952159906
3330	0.04150647455906308
3331	0.05349618402694166
3350	0.03422487428441759
3376	0.06992684006421955
3432	0.021399796251082
3437	0.046312133381090706
3465	0.061149573689227264
3466	0.03209638777585966
3467	0.05349618402694166
3533	0.015424661468818114
3666	0.03365585879305245
3826	0.07786755962006385
3861	0.04804970898254576
3905	0.06387242596969302
3988	0.05166915733680338
4020	0.03329114654042414
4155	0.0404751971862751
4183	0.03225986916763615
4252	0.034619984637812136
4276	0.013020986840666564
4287	0.020696763544681564
4310	0.05004677513303295
4440	0.05988448535544233
4454	0.17016075563844094
4528	0.5494233794789009
4708	0.027240767509875752
4754	0.04936797890001665
4840	0.04869052520491404
4904	0.054527461399729645
5087	0.04345382931816444
5213	0.026813394123240256
5250	0.04479702503449992
5279	0.05642353578674281
5310	0.03301333365092174
5428	0.07473249888624718
5524	0.025816823109049244
5553	0.05166915733680338
5567	0.05349618402694166
5613	0.04263611111038751
5669	0.09609941796509151
5686	0.058452984611321146
5738	0.04936797890001665
5765	0.019129644567594372
5826	0.05166915733680338
5924	0.03365585879305245
6052	0.0338425116741092
6145	0.046312133381090706
6176	0.061711512045580605
6184	0.011051021789898242
6343	0.035891081505977945
6390	0.09738105040982808
6392	0.06651717086760824
6396	0.03634699205935008
6432	0.01534538215655547
6454	0.017745742870805447
6456	0.061711512045580605
6473	0.07473249888624718
6544	0.08301294911812616
6547	0.04015045870844165
6849	0.04106668154214626
6868	0.07473249888624718
6907	0.030292577964823555
6953	0.0334720998719641
7183	0.016120846440821048
7198	0.020696763544681564
7269	0.06992684006421955
7358	0.07786755962006385
7483	0.06651717086760824
7488	0.07473249888624718
7619	0.02670988068804865
7646	0.06651717086760824
7733	0.04015045870844165
7828	0.041152650881377706
7912	0.03916050966130656
8114	0.06651717086760824
8119	0.07473249888624718
8206	0.04224747914632713
8273	0.06387242596969302
8323	0.04936797890001665
8345	0.05988448535544233
8354	0.05166915733680338
8399	0.009700953233131393
8402	0.11490951204756485
8428	0.05565709795105407
8434	0.07473249888624718
8440	0.2382250578938173
8444	0.10974509104758294
8544	0.07473249888624718
8569	0.07473249888624718
8603	0.06992684006421955
8620	0.029099729461040346
8623	0.018546196380712733
8628	0.03864817049613682
8658	0.05988448535544233
8721	0.014469860977676297
8794	0.049356941417359086
8874	0.06992684006421955
8915	0.043884866382886425
8938	0.028605815787359594
9076	0.028248435556611738
9125	0.051254367310940505
9140	0.05565709795105407
9221	0.15500747201041012
9238	0.061711512045580605
9242	0.024127135302000734
9262	0.030574786844613632
9359	0.07473249888624718
9374	0.023326005218683523
9465	0.04804970898254576
9528	0.054718969633458604
9544	0.07473249888624718
9559	0.06651717086760824
9668	0.032425637086475154
9781	0.0407809755374413
9787	0.019238882326969586
9792	0.05254750080715719
9949	0.020758980028713722
9969	0.06622582882991107
10097	0.06387242596969302
10327	0.05565709795105407
10359	0.05008651483033034
10367	0.037315057479679295
10440	0.07473249888624718
10705	0.03658169701586098
10749	0.027129471867775087
10768	0.0350287221418792
10772	0.03329114654042414
10825	0.06387242596969302
10915	0.05254750080715719
10918	0.06387242596969302
10999	0.04479702503449992
11008	0.03329114654042414
11051	0.04869052520491404
11194	0.06651717086760824
11210	0.03310064286927152
11215	0.037315057479679295
11222	0.10333831467360675
11234	0.03422487428441759
11279	0.03952651396649063
11356	0.05830184284896928
11361	0.05988448535544233
11560	0.061711512045580605
11590	0.023095857929212742
11699	0.03258154710425994
11700	0.10170287825805291
11701	0.05349618402694166
11748	0.031776038193833366
11784	0.03783045228835989
12024	0.05349618402694166
12297	0.06651717086760824
12426	0.03922644191377618
12469	0.027675753487338996
12505	0.03864817049613682
12532	0.021268831239074464
12669	0.04869052520491404
12686	0.03682114380599854
12749	0.02228827414957938
12993	0.050851439129026454
