97
t_index	tf-idf
193	0.0583877330422653
194	0.0647110453563711
224	0.08001209205740072
323	0.10265196249409728
395	0.11793389606821202
643	0.04169445048375333
1110	0.14000404572295655
1163	0.1260387963831097
1258	0.0704444481373112
1277	0.09022305886102099
1458	0.11229320851576552
1500	0.03735193236227355
1604	0.09597357714971884
1669	0.07714232088428362
1676	0.07190719174250307
1800	0.04111501444342836
2083	0.07061712196872763
2158	0.0647110453563711
2167	0.05085562675277559
2212	0.0671819824866182
2287	0.041402632984147265
2448	0.08447254057232315
2580	0.0671819824866182
2781	0.03795225206499834
2794	0.03301011412853071
2876	0.08326070629453987
2931	0.07810692317637594
2996	0.058729436127305676
3042	0.034801384446638946
3050	0.12420011951752095
3107	0.05332656388302268
3442	0.04593563745426249
3635	0.06169622493888279
3694	0.21375525378571988
3788	0.09832795917591866
3938	0.14802651646245135
3998	0.04630242102403465
4332	0.030847017233907516
4422	0.12978800968175655
4633	0.07258485473090119
4677	0.11793389606821202
4708	0.02297122136062212
4854	0.19998826426798857
5077	0.10217884114485286
5117	0.025032533630757574
5213	0.09044332713625006
5246	0.0496837134564678
5251	0.07721837050623594
5310	0.02783903188015782
5315	0.026352428414001337
5524	0.04354091405471561
5626	0.16664960726204653
5627	0.06210005975876048
6449	0.04453231443866979
6591	0.03253975963425766
6782	0.2335509321690612
6944	0.09196234177997144
7103	0.1040784774646165
7176	0.04214032347624135
7431	0.06771505791000659
7477	0.3538016882046361
7913	0.015830076847524584
8399	0.09816584384262253
8721	0.02440389239804839
8968	0.08644216186430195
9014	0.1505106526061039
9131	0.11793389606821202
9151	0.0647110453563711
9198	0.03758990116931216
9266	0.08519273869756082
9369	0.04784080633528728
9441	0.020080058630982913
9461	0.09044332713625006
9468	0.0480417039429851
9761	0.17218899797493337
9802	0.05943088156194629
9949	0.03501069676450476
9954	0.055846009966166926
10119	0.10099713737273285
10349	0.06336295190264044
10395	0.1260387963831097
10460	0.22436675555902835
10536	0.06826273994252782
10654	0.19379863924382693
10894	0.038445836246614185
11149	0.05497043304702387
11186	0.10165707314302128
11445	0.08862307367448936
11703	0.052807336152400686
11767	0.045754738991513416
11812	0.05525805158774278
11835	0.15443674101247187
12148	0.02142003890187168
12498	0.1260387963831097
12514	0.06882585165061939
12833	0.23586779213642403
12958	0.03501069676450476
