273
t_index	tf-idf
65	0.026912523036868995
168	0.0448645054308777
194	0.07999544964557756
214	0.05300964108702316
230	0.046028474941143836
242	0.03838388157741441
249	0.07289462712645389
253	0.14578925425290779
493	0.02345818594246317
546	0.03433522616520314
699	0.0643306297816544
708	0.03296100713860606
725	0.054777685853485726
761	0.04326806392992865
765	0.0665832557348059
850	0.0665832557348059
906	0.07289462712645389
948	0.0665832557348059
996	0.050757015133871645
1007	0.0425410756363948
1044	0.04404051772646798
1102	0.07289462712645389
1104	0.0665832557348059
1110	0.3461445114394292
1127	0.05801925839000641
1187	0.0425410756363948
1258	0.06531228872225246
1277	0.055766632436854896
1460	0.05547302148255742
1500	0.11543564966367414
1533	0.062426061675825525
1537	0.03157823481537141
1599	0.0665832557348059
1635	0.03838388157741441
1681	0.029946605717837988
1697	0.055766632436854896
1720	0.022171508410275122
1721	0.09891052209041384
1733	0.04827768123291191
1786	0.03187242101118949
1800	0.02541308094679581
1862	0.042892919733137115
1921	0.03415485454574562
1926	0.04404051772646798
1939	0.06934024708463765
1996	0.05999501288417061
2088	0.07942736777622483
2167	0.06286745495597859
2218	0.032482680184649754
2224	0.028060247249055596
2251	0.02908569381908725
2252	0.04058618063206216
2302	0.027630456557920235
2311	0.0665832557348059
2372	0.041525004483405556
2473	0.06934024708463765
2523	0.062426061675825525
2576	0.026046821729793935
2583	0.028967460988612054
2623	0.04827768123291191
2670	0.028060247249055596
2709	0.04847100226900159
2754	0.0371834004860889
2781	0.0703745578273895
2794	0.02040346364381256
2802	0.03889875759701647
2874	0.04289922351000264
2931	0.04827768123291191
2969	0.05801925839000641
2972	0.01944170131013274
2973	0.045747397830888395
2996	0.0363005080860782
2998	0.029946605717837988
3050	0.07676776315482882
3148	0.0665832557348059
3245	0.08729651010047831
3272	0.020581239897962875
3347	0.054777685853485726
3403	0.0168050363663975
3407	0.054777685853485726
3440	0.0448645054308777
3442	0.05678539038696238
3537	0.04028844968324328
3694	0.04404051772646798
3702	0.03114968654331292
3723	0.03157823481537141
3771	0.030600474503929383
3897	0.035677422962644846
3917	0.04945526104520692
3925	0.0643306297816544
3938	0.045747397830888395
3946	0.02022820912382745
4143	0.07289462712645389
4176	0.04772846919352836
4183	0.03362902044427265
4185	0.04219301778907215
4210	0.04185449698313352
4252	0.07217860463819724
4255	0.032482680184649754
4261	0.06934024708463765
4271	0.06934024708463765
4276	0.013573614647782749
4287	0.02157516141053134
4389	0.028060247249055596
4422	0.060166217389469714
4606	0.03527883238026002
4633	0.0448645054308777
4708	0.014198450755440802
4854	0.08240814241140595
4915	0.028619403141289402
5001	0.054777685853485726
5004	0.07289462712645389
5077	0.03157823481537141
5078	0.03187242101118949
5110	0.023533753373748398
5202	0.07289462712645389
5239	0.04621368850868623
5246	0.04606405648515229
5315	0.048865097495061134
5430	0.055766632436854896
5434	0.04772846919352836
5626	0.13734090466081256
5627	0.15353552630965764
5712	0.026912523036868995
5725	0.05300964108702316
5741	0.0643306297816544
5765	0.01994153184293398
5886	0.04945526104520692
5899	0.03695669253828068
5913	0.07289462712645389
5924	0.07016851541087935
5946	0.0568416785777114
5971	0.05008900182820505
6075	0.05932101247867113
6184	0.03456012506790543
6217	0.04529806698622653
6330	0.07289462712645389
6343	0.03741434621013469
6373	0.032640073860903486
6396	0.03788960620701938
6420	0.07289462712645389
6546	0.06934024708463765
6550	0.08646824177423662
6557	0.024076076516103995
6591	0.020112738783358067
6782	0.10826790695729588
6811	0.05146322085480213
6849	0.07134934253157452
6944	0.0568416785777114
6962	0.04028844968324328
7176	0.05209364345958787
7198	0.02157516141053134
7226	0.06882531759791867
7227	0.0425410756363948
7237	0.029205069013439132
7301	0.04621368850868623
7342	0.054777685853485726
7365	0.0643306297816544
7394	0.025590857200946126
7397	0.08646824177423662
7429	0.0568416785777114
7439	0.020344768823214773
7516	0.0363005080860782
7551	0.0665832557348059
7562	0.023609785838306148
7564	0.0665832557348059
7575	0.09059613397245306
7619	0.02784348315409765
7674	0.04289922351000264
7799	0.0643306297816544
7807	0.05386206433102602
7911	0.07956078108192052
7912	0.013607511065475631
7913	0.009784528347270005
8002	0.038134272350575704
8009	0.023686289095117257
8238	0.10772412866205204
8254	0.04885244702804277
8399	0.07078872113134156
8510	0.0665832557348059
8513	0.047202635092055405
8553	0.053626567311888945
8576	0.03433522616520314
8596	0.07790424442943714
8616	0.062426061675825525
8617	0.020286351520535692
8666	0.054777685853485726
8677	0.05146322085480213
8721	0.015083980908770545
8745	0.07790424442943714
8783	0.026520260360640174
8794	0.008575285821143957
8824	0.027630456557920235
8841	0.0363005080860782
8997	0.04219301778907215
9014	0.12404031146324433
9198	0.02323421781870422
9293	0.045747397830888395
9328	0.028060247249055596
9381	0.10525277311631902
9441	0.03723429231243805
9448	0.03489269981405502
9461	0.11180555934249123
9462	0.07676776315482882
9468	0.029694449282145905
9668	0.0338018237716102
9751	0.07790424442943714
9761	0.10642956114500547
9779	0.04219301778907215
9795	0.062426061675825525
9806	0.026520260360640174
9831	0.15580848885887427
9949	0.021640018443974837
10161	0.06795415658319061
10174	0.03673406964142704
10213	0.01917251339647922
10284	0.04326806392992865
10302	0.04827768123291191
10349	0.03916447184872887
10399	0.07289462712645389
10477	0.04185449698313352
10478	0.06465453271121586
10583	0.062426061675825525
10615	0.054777685853485726
10654	0.059893211435675976
10708	0.07346813928285408
10717	0.04219301778907215
11017	0.03217378318310564
11050	0.04517137839702685
11057	0.07289462712645389
11066	0.03157823481537141
11070	0.05386206433102602
11089	0.039436026439240414
11186	0.10472327703028304
11209	0.07391338507656137
11237	0.029570275005776206
11238	0.030600474503929383
11286	0.052212252395038655
11341	0.05932101247867113
11353	0.024076076516103995
11409	0.052212252395038655
11428	0.07790424442943714
11445	0.16433305756045716
11468	0.04120407120570298
11477	0.05300964108702316
11488	0.05932101247867113
11590	0.07222822954831198
11698	0.04669826969537519
11748	0.033124655047592454
11767	0.05656176467070154
11810	0.03741434621013469
11835	0.04772846919352836
11870	0.03451827005383935
11925	0.05146322085480213
11998	0.047202635092055405
12123	0.05146322085480213
12148	0.013239669008161727
12256	0.060776249739838153
12319	0.07289462712645389
12322	0.054777685853485726
12514	0.0425410756363948
12551	0.07289462712645389
12569	0.062426061675825525
12577	0.03451827005383935
12614	0.052212252395038655
12624	0.060776249739838153
12636	0.028060247249055596
12718	0.02773651074127871
12838	0.035677422962644846
12862	0.050650285898467456
12869	0.018549428273045867
12880	0.03588164639742417
12885	0.038638637747255906
