324
t_index	tf-idf
65	0.022236397590164266
168	0.0370691733019746
194	0.06609601861877216
214	0.04379906906937439
230	0.057046349827068944
242	0.03171457579952217
249	0.06022898368726039
253	0.12045796737452077
323	0.05242448168545428
434	0.03672308999230353
483	0.05315300461018952
493	0.01938226113716684
546	0.028369385483171437
556	0.024955984356378733
583	0.02947837186810725
660	0.01843194942218785
699	0.05315300461018952
708	0.027233940820122995
725	0.09051982231755364
761	0.03575011793522547
765	0.055014230562419206
778	0.014876267526382363
827	0.04450338141284282
850	0.055014230562419206
906	0.06022898368726039
948	0.11002846112483841
949	0.019258520471521753
996	0.041937843117144706
1007	0.035149445872027694
1102	0.06022898368726039
1104	0.055014230562419206
1110	0.4290014152227057
1127	0.09587650297069668
1187	0.07029889174405539
1258	0.05396409758988428
1419	0.06022898368726039
1460	0.022917215147832872
1500	0.09537838568624224
1510	0.038584315944533217
1533	0.05157936048991369
1537	0.05218285803885436
1635	0.03171457579952217
1697	0.046077025533118654
1721	0.08172454481655496
1733	0.039889300351199426
1786	0.026334499548592617
1800	0.020997487717885965
1832	0.02621224084272714
1848	0.03638835574430599
1862	0.053160234123110446
1921	0.056440707864734416
1926	0.03638835574430599
1933	0.05021620794909261
1939	0.057292187026163476
1996	0.04957071316174344
2057	0.039889300351199426
2167	0.025972030232315223
2204	0.021992358560459804
2218	0.0268387244997619
2224	0.02318470154037645
2251	0.024031973927564232
2252	0.03353421929130857
2293	0.028369385483171437
2302	0.022829588172687192
2311	0.055014230562419206
2372	0.03430991989719386
2393	0.032139990684103156
2473	0.057292187026163476
2523	0.05157936048991369
2542	0.041937843117144706
2580	0.03430991989719386
2623	0.039889300351199426
2673	0.05157936048991369
2709	0.040049031321615816
2781	0.0969113056858342
2794	0.03371661060382403
2802	0.032139990684103156
2823	0.03192506737897693
2874	0.035445364560242304
2931	0.039889300351199426
2969	0.04793825148534834
2972	0.01606365183855406
2973	0.03779866070117075
2996	0.029993194224903735
2998	0.02474329999849778
3042	0.017773109224835194
3050	0.06342915159904434
3107	0.027233940820122995
3148	0.055014230562419206
3245	0.07212849958990175
3272	0.017005192439322393
3347	0.04525991115877682
3403	0.013885114734447382
3442	0.07037815719994031
3496	0.018152247544252365
3588	0.023552614508424673
3694	0.03638835574430599
3702	0.025737342197057693
3739	0.02914903750382405
3771	0.025283557271270296
3839	0.018042477885278258
3848	0.022742706968073595
3897	0.02947837186810725
3917	0.04086227240827748
3925	0.05315300461018952
3938	0.03779866070117075
3946	0.016713501740368435
4008	0.02114437485529634
4099	0.022236397590164266
4135	0.018319147391314444
4143	0.06022898368726039
4176	0.039435515425412015
4185	0.03486186404007384
4247	0.016570723469958155
4252	0.05963737209028892
4261	0.057292187026163476
4271	0.057292187026163476
4276	0.022430322986089633
4287	0.05347925200539192
4332	0.01575360909561633
4389	0.02318470154037645
4390	0.07977860070239885
4422	0.04971217040987447
4466	0.03110795300463509
4606	0.02914903750382405
4633	0.0741383466039492
4708	0.04692572238282138
4854	0.10213424899719602
4915	0.02364670254702902
4991	0.04314022887202174
5001	0.04525991115877682
5004	0.06022898368726039
5077	0.02609142901942718
5078	0.026334499548592617
5110	0.019444698517884502
5117	0.05113658108354743
5202	0.06022898368726039
5213	0.023094758404149044
5239	0.0763678641634119
5246	0.038060299036860507
5294	0.025737342197057693
5310	0.028434854658059422
5315	0.02691643427346064
5600	0.01345821713673032
5626	0.1418469274158572
5627	0.22200203059665521
5688	0.01969833839564495
5712	0.022236397590164266
5725	0.04379906906937439
5765	0.03295327086270761
5913	0.06022898368726039
5924	0.057976541435760025
5971	0.04138589897426472
6075	0.049013822194215566
6184	0.02855520757838075
6217	0.03742740233577196
6330	0.06022898368726039
6343	0.030913499888689768
6373	0.026968770588661144
6396	0.03130618214426835
6420	0.06022898368726039
6458	0.03458216216213835
6546	0.057292187026163476
6591	0.016618094691500097
6711	0.04086227240827748
6770	0.057292187026163476
6782	0.08945605813543339
6792	0.18068695106178115
6811	0.04252134363731317
6849	0.03537131794344366
6883	0.02981868604514446
6944	0.046965279428270286
6962	0.03328821991979801
6969	0.027233940820122995
7029	0.025283557271270296
7039	0.018955575988175093
7176	0.06456334285161962
7198	0.017826417335130643
7226	0.07582230395270037
7227	0.035149445872027694
7237	0.02413060735113344
7275	0.020225344693470357
7301	0.03818393208170595
7342	0.04525991115877682
7343	0.023459385733313437
7365	0.05315300461018952
7394	0.02114437485529634
7416	0.057976541435760025
7429	0.046965279428270286
7439	0.016809808869024334
7516	0.029993194224903735
7551	0.055014230562419206
7562	0.03901504026211014
7564	0.055014230562419206
7575	0.07485480467154391
7589	0.024365082788901777
7597	0.03192506737897693
7616	0.018488821323730493
7619	0.023005600807526037
7674	0.035445364560242304
7677	0.011760892318676427
7799	0.05315300461018952
7807	0.04450338141284282
7815	0.028073466794956828
7911	0.08764916656323658
7912	0.01124316831424358
7913	0.016168878872045073
7996	0.011702053654788058
8002	0.03150833686746236
8009	0.019570730735020508
8038	0.04314022887202174
8238	0.08900676282568563
8254	0.08072839799373774
8288	0.029647110915232665
8399	0.05013341545185416
8510	0.055014230562419206
8513	0.039001046456047794
8553	0.02215440132664723
8576	0.028369385483171437
8617	0.016761541734548035
8620	0.02506401160703229
8666	0.04525991115877682
8677	0.04252134363731317
8714	0.038584315944533217
8721	0.012463097431272694
8783	0.021912291640809146
8794	0.0070853061493724384
8812	0.03638835574430599
8824	0.045659176345374385
8841	0.029993194224903735
8968	0.022073058426753188
8970	0.05315300461018952
8997	0.03486186404007384
9014	0.10248796365639458
9026	0.055014230562419206
9198	0.01919720809548047
9266	0.02175401746381997
9293	0.03779866070117075
9328	0.02318470154037645
9363	0.05021620794909261
9381	0.08696481215364005
9441	0.041019641139480166
9448	0.028829996540890836
9461	0.13856855042489427
9462	0.09514372739856651
9468	0.024534956442180657
9751	0.06436816610323434
9761	0.11724950666894052
9779	0.03486186404007384
9795	0.05157936048991369
9802	0.03035142325870109
9806	0.021912291640809146
9831	0.06436816610323434
9949	0.017880005279307873
10063	0.04156209081348383
10161	0.056146933589913656
10174	0.03035142325870109
10213	0.01584123607076201
10302	0.039889300351199426
10342	0.03304800930938608
10349	0.032359536348341156
10399	0.06022898368726039
10470	0.05315300461018952
10477	0.03458216216213835
10478	0.05342062850827149
10583	0.05157936048991369
10615	0.04525991115877682
10654	0.07422989999549336
10708	0.09105426977610327
10717	0.06972372808014768
10769	0.027506183085067488
11005	0.041937843117144706
11050	0.03732272623997366
11054	0.03575011793522547
11066	0.02609142901942718
11070	0.04450338141284282
11161	0.04314022887202174
11186	0.08652731747967723
11209	0.0610707296207686
11237	0.02443235779039149
11238	0.025283557271270296
11286	0.04314022887202174
11341	0.049013822194215566
11353	0.019892791511590277
11409	0.04314022887202174
11445	0.09051982231755364
11468	0.034044749665732
11477	0.04379906906937439
11519	0.022829588172687192
11590	0.05967837453477084
11659	0.008461797879238892
11688	0.06022898368726039
11698	0.038584315944533217
11703	0.08090631176598344
11730	0.03818393208170595
11748	0.02736915445148841
11767	0.04673400133818708
11810	0.030913499888689768
11812	0.028220353932367208
11835	0.039435515425412015
11870	0.05704124997796052
11925	0.04252134363731317
12099	0.057292187026163476
12123	0.04252134363731317
12148	0.010939239833602416
12197	0.055014230562419206
12277	0.046077025533118654
12319	0.06022898368726039
12322	0.09051982231755364
12365	0.032359536348341156
12399	0.055014230562419206
12423	0.024031973927564232
12514	0.035149445872027694
12551	0.06022898368726039
12569	0.05157936048991369
12614	0.04314022887202174
12636	0.0463694030807529
12655	0.03742740233577196
12718	0.022917215147832872
12862	0.06277448757317503
12869	0.015326413713965523
12880	0.029647110915232665
12885	0.03192506737897693
12958	0.05364001583792361
