331
t_index	tf-idf
65	0.021353094779156086
76	0.021274355676776012
168	0.035596663879231286
186	0.035940662878183524
194	0.0634704674787694
214	0.04205922606325579
230	0.05478028128086277
242	0.030454768591989548
249	0.05783649046170954
253	0.05783649046170954
323	0.05034200893551158
434	0.035264328136315845
483	0.0510415925347696
493	0.018612334008605024
546	0.027242460231801397
556	0.023964650618794547
583	0.02830739403190589
699	0.0510415925347696
708	0.026152119163368414
725	0.08692407740514826
761	0.03433000572784047
765	0.05282888447368352
827	0.04273556080512347
850	0.05282888447368352
906	0.05783649046170954
948	0.10565776894736705
949	0.01849350872897771
996	0.040271934124341865
1007	0.03375319433360966
1102	0.05783649046170954
1104	0.05282888447368352
1110	0.3776300630062452
1127	0.09206797309348715
1187	0.03375319433360966
1258	0.03454697748997856
1419	0.05783649046170954
1500	0.07327171413204399
1533	0.049530458732063416
1537	0.07516497506168261
1635	0.030454768591989548
1697	0.04424669460782965
1721	0.07847817723960726
1733	0.038304766211328264
1786	0.025288406655917653
1800	0.020163398479729765
1832	0.02517100446775579
1848	0.03494289063303597
1862	0.0510485348676714
1917	0.03372994547621932
1921	0.08129804611234004
1926	0.03494289063303597
1933	0.04822145509131744
1939	0.05501635301825739
1996	0.04760160147888633
2057	0.038304766211328264
2167	0.02494033581244476
2204	0.021118749781952148
2218	0.025772602134464747
2224	0.022263728979062893
2251	0.023077344921754304
2252	0.03220212986248491
2293	0.054484920463602794
2302	0.021922721881718666
2308	0.038304766211328264
2311	0.05282888447368352
2372	0.03294701709030836
2393	0.030863284598869167
2473	0.05501635301825739
2487	0.025772602134464747
2523	0.049530458732063416
2580	0.03294701709030836
2607	0.023077344921754304
2623	0.038304766211328264
2709	0.03845815214250879
2781	0.0744493360344201
2794	0.03237727599248396
2802	0.030863284598869167
2823	0.030656898753949762
2874	0.03403735815874134
2931	0.038304766211328264
2951	0.03494289063303597
2969	0.04603398654674357
2973	0.03629717364085407
2996	0.02880176595229134
2998	0.023760414782775643
3042	0.017067102900069873
3050	0.060909537183979096
3107	0.026152119163368414
3148	0.05282888447368352
3245	0.0692633184748751
3266	0.0397419150172483
3403	0.013333552332022382
3442	0.06758250543862353
3496	0.017431180599081053
3505	0.023077344921754304
3588	0.02261702723456311
3694	0.06988578126607194
3739	0.027991141911207943
3771	0.024279211260661192
3834	0.05783649046170954
3839	0.01732577135181222
3848	0.02183929188416088
3897	0.02830739403190589
3925	0.0510415925347696
3938	0.03629717364085407
3946	0.01604958650818228
4008	0.020304450777173397
4044	0.04822145509131744
4074	0.04834646444521648
4099	0.021353094779156086
4135	0.05277435190668098
4143	0.05783649046170954
4176	0.037869007114541074
4247	0.015912479860034235
4252	0.08590256943330248
4261	0.05501635301825739
4271	0.05501635301825739
4276	0.021539316820855473
4287	0.05135488031094658
4332	0.015127823954778722
4389	0.044527457958125786
4390	0.07660953242265653
4422	0.04773743958010271
4466	0.029872242848694244
4606	0.027991141911207943
4618	0.04509966413826821
4633	0.07119332775846257
4708	0.04506167842870222
4854	0.163461901460732
4915	0.022707377786974185
4993	0.05282888447368352
5001	0.04346203870257413
5077	0.025054991687227537
5110	0.01867229117130732
5117	0.04910526797928702
5195	0.04822145509131744
5202	0.05783649046170954
5239	0.07333428155126838
5246	0.03654841884175456
5294	0.024714970357448372
5310	0.027305328755843017
5315	0.01292361251024664
5600	0.01292361251024664
5626	0.1634547613908084
5627	0.21318338014392685
5688	0.018915855639321154
5712	0.021353094779156086
5725	0.04205922606325579
5765	0.015822129307623164
5913	0.05783649046170954
5924	0.05567352262099522
5971	0.0397419150172483
6158	0.05501635301825739
6184	0.02742090086252752
6199	0.04509966413826821
6217	0.035940662878183524
6287	0.05783649046170954
6330	0.05783649046170954
6343	0.029685514049748892
6373	0.02589748236520646
6396	0.03006259767525355
6420	0.05783649046170954
6432	0.012692165810922144
6458	0.03320844499753481
6546	0.05501635301825739
6711	0.03923908861980363
6770	0.05501635301825739
6782	0.08590256943330248
6792	0.17350947138512865
6811	0.04083225608568129
6849	0.03396625291697877
6883	0.028634189811100826
6944	0.04509966413826821
6962	0.03196590239469574
6969	0.026152119163368414
7039	0.018202598196392833
7048	0.05783649046170954
7176	0.06199867463152331
7198	0.017118293436982193
7226	0.10921558917835701
7227	0.03375319433360966
7237	0.023172060301497176
7275	0.03884385502909005
7301	0.03666714077563419
7341	0.01632969029368561
7342	0.04346203870257413
7343	0.02252750181287451
7365	0.0510415925347696
7394	0.020304450777173397
7416	0.05567352262099522
7429	0.04509966413826821
7439	0.01614206800109314
7516	0.02880176595229134
7551	0.05282888447368352
7562	0.037465234606972785
7564	0.05282888447368352
7575	0.07188132575636705
7589	0.011698610802037763
7597	0.030656898753949762
7616	0.017754384561603928
7619	0.022091742716087326
7674	0.03403735815874134
7677	0.022587422027318713
7799	0.0510415925347696
7800	0.028634189811100826
7807	0.04273556080512347
7815	0.02695829640666971
7911	0.10520931691778831
7913	0.031053195701104777
7996	0.022474419229847324
8002	0.030256722148289825
8009	0.018793316974467213
8038	0.0414265571643775
8238	0.04273556080512347
8254	0.07752160064327135
8288	0.0284694302093759
8320	0.13810195964023073
8399	0.05616560994827635
8479	0.06860614887213727
8510	0.05282888447368352
8513	0.03745179668088971
8553	0.021274355676776012
8576	0.027242460231801397
8617	0.016095718195868997
8620	0.02406838667192922
8666	0.04346203870257413
8677	0.04083225608568129
8714	0.03705162007522977
8721	0.011968022230792314
8783	0.021041863383557662
8794	0.0068038544972683895
8812	0.03494289063303597
8824	0.04384544376343733
8841	0.02880176595229134
8968	0.021196243984267997
8970	0.0510415925347696
8997	0.033477036197401916
9014	0.19683360965318403
9198	0.03686926376413553
9266	0.020889876377180438
9293	0.03629717364085407
9328	0.022263728979062893
9363	0.04822145509131744
9381	0.08351028393149283
9383	0.03629717364085407
9391	0.011787594458795306
9441	0.03939020614767752
9448	0.027684774304120384
9461	0.13306415207928374
9462	0.09136430577596864
9468	0.023560347317412737
9648	0.02830739403190589
9761	0.14073996353048016
9779	0.033477036197401916
9795	0.049530458732063416
9802	0.029145764951243578
9806	0.021041863383557662
9949	0.017169752691854605
10063	0.03991110793741014
10161	0.05391659281333942
10174	0.029145764951243578
10213	0.015211970098411453
10302	0.038304766211328264
10342	0.0317352337393847
10349	0.03107410918760113
10399	0.05783649046170954
10400	0.03629717364085407
10470	0.0510415925347696
10477	0.03320844499753481
10478	0.07694787829777121
10583	0.049530458732063416
10615	0.04346203870257413
10654	0.07128124434832694
10708	0.058291529902487156
10717	0.033477036197401916
10744	0.021674532282435953
10769	0.026413547070594862
10922	0.019618649143654913
11005	0.040271934124341865
11050	0.03584014486101685
11054	0.03433000572784047
11066	0.025054991687227537
11070	0.04273556080512347
11161	0.0414265571643775
11186	0.08309016798417608
11209	0.058644799479628903
11237	0.04692364844269976
11238	0.024279211260661192
11286	0.0414265571643775
11341	0.04706683205128181
11353	0.01910258443826651
11409	0.0414265571643775
11445	0.08692407740514826
11468	0.0653847605842928
11477	0.04205922606325579
11519	0.021922721881718666
11590	0.05730775331479954
11659	0.008125667450620324
11688	0.05783649046170954
11698	0.03705162007522977
11703	0.10358992946082583
11730	0.03666714077563419
11748	0.02628196166480204
11760	0.03128956765282805
11767	0.04487757317421415
11810	0.029685514049748892
11812	0.027099348704113346
11835	0.037869007114541074
11841	0.011937719376546446
11870	0.0547753840145259
11925	0.04083225608568129
12099	0.05501635301825739
12123	0.04083225608568129
12148	0.010504697266348279
12197	0.05282888447368352
12319	0.05783649046170954
12322	0.08692407740514826
12399	0.05282888447368352
12423	0.04615468984350861
12514	0.03375319433360966
12569	0.049530458732063416
12636	0.022263728979062893
12655	0.035940662878183524
12718	0.022006868025351397
12792	0.03745179668088971
12862	0.04018725237688287
12869	0.014717598178026004
12879	0.06860614887213727
12880	0.0284694302093759
12885	0.030656898753949762
12958	0.051509258075563814
