140
t_index	tf-idf
111	0.03972698490956045
194	0.04773100517307827
208	0.024560478686985902
224	0.05901708987806677
440	0.06654872078654112
643	0.09226174700635166
708	0.03933378733948153
960	0.04773100517307827
1050	0.3178266501906322
1110	0.20653456589529193
1142	0.1739765869122648
1290	0.044928995628381346
1537	0.07536733131732574
1669	0.028450170267790977
1919	0.0934732971285149
1921	0.1222753703790585
1996	0.04772975268002727
2104	0.04580513662343483
2212	0.04955357367427717
2285	0.10318627156216599
2302	0.032972612085905434
2542	0.06057052901530316
2623	0.05761183324506094
2754	0.044372550909269566
2781	0.02799366212782183
2788	0.035585350288639184
2794	0.04869666127492646
2816	0.03485166484685509
2903	0.16549339778514943
2962	0.07676850712133676
2973	0.0545923372440652
3042	0.0513391508947171
3083	0.03952907542711652
3237	0.09043059313427441
3316	0.07252691255777907
3330	0.05163364147382298
3442	0.033882224230552996
3496	0.052434324459696306
3588	0.0340168738884327
3600	0.04641956032038266
3639	0.09296648522737036
3702	0.03717226057546966
3839	0.026058622690861396
3923	0.033226825884545154
4083	0.025215877032993744
4252	0.08613383302763458
4360	0.07079031535009879
4414	0.05405613142320913
4422	0.023932978239678278
4554	0.10318627156216599
4708	0.033887243810003784
4991	0.062307126222983435
5213	0.03335559556824358
5246	0.018323406544806516
5279	0.023396772418822206
5294	0.11151678172640897
5310	0.0410682586679765
5429	0.03259932543723753
5446	0.04013095634571187
5626	0.08194740400715905
5627	0.1832205464937393
5688	0.08535051080337294
5689	0.042099747880733215
5972	0.10318627156216599
6013	0.032972612085905434
6321	0.10318627156216599
6454	0.022075527608926886
6458	0.04994677124435609
6470	0.10318627156216599
6545	0.06654872078654112
6591	0.02400139615857033
6646	0.023729609014507942
6796	0.032972612085905434
6811	0.061413274673170815
6849	0.034057695557023114
7029	0.10955058668838547
7146	0.07449570409280042
7307	0.0545923372440652
7753	0.04917059019193903
7913	0.02335259694039332
7996	0.03380238599567885
8005	0.07449570409280042
8009	0.05653173485937502
8312	0.030326522408701186
8399	0.04827155729461566
8413	0.10811226284641826
8766	0.061413274673170815
8833	0.04879730354327112
8938	0.035585350288639184
8968	0.09563988463781273
9014	0.18502829768298154
9128	0.41274508624866396
9198	0.027726391333767756
9381	0.0837351071067843
9441	0.029622188209537166
9461	0.10006678670473074
9528	0.022689951305874725
9618	0.04331895743866866
9761	0.08467131494916716
9802	0.08767269017682697
9943	0.1739765869122648
9986	0.036678000828607046
10161	0.04054630874349682
10200	0.04917059019193903
10342	0.04773100517307827
10513	0.0869882934561324
10536	0.050350742680507515
10654	0.03573657248673973
10688	0.03619977398558702
10926	0.08274669889257472
11017	0.0383943591380316
11047	0.06427591775800477
11165	0.03619977398558702
11223	0.14158063070019758
11224	0.06536856829797262
11237	0.07057496172711765
11238	0.18258431114730908
11410	0.032722707203805226
11441	0.03415276457447392
11488	0.07079031535009879
11519	0.032972612085905434
11555	0.05119348833837517
11590	0.028731017522347746
11703	0.03895080385714339
11715	0.04641956032038266
11752	0.04994677124435609
11767	0.067497586276645
11782	0.046109148116949834
11812	0.0407584567930195
11815	0.10318627156216599
11825	0.04917059019193903
11841	0.035909572936880636
11870	0.0411921361478741
12048	0.06427591775800477
12279	0.10318627156216599
12636	0.10045649940364364
12718	0.06619834220774604
12862	0.06044316442869814
12880	0.042819111772033173
13036	0.05405613142320913
