247
t_index	tf-idf
108	0.032086363686591325
193	0.022814077548724727
197	0.1639843150108797
212	0.020734407533005615
323	0.020054810410038287
440	0.10575967352843621
478	0.00980605759643118
499	0.024425655839749563
540	0.03404923990265487
643	0.03258288606612793
660	0.014102161404943565
901	0.03842008533236615
978	0.054661438336959904
993	0.10388416727633079
1020	0.027840487959943504
1160	0.04608079317920791
1178	0.10932287667391981
1220	0.027840487959943504
1228	0.054661438336959904
1258	0.027525047110809737
1379	0.04924765400209532
1397	0.04066700884434332
1428	0.03377589917430175
1458	0.021938392139829482
1460	0.05260142477021762
1510	0.02952060244339355
1520	0.042091020390176724
1537	0.01996237809087455
1616	0.01724711954036046
1763	0.024758065146604457
1767	0.04608079317920791
1996	0.012642073860503058
2010	0.042091020390176724
2167	0.03974205375252255
2283	0.026250290574174162
2498	0.007653578280109961
2531	0.02759251666263697
2542	0.032086363686591325
2580	0.026250290574174162
2662	0.04608079317920791
2670	0.03547692061852711
2679	0.054661438336959904
2740	0.05727091113558057
2781	0.02965847710281398
2876	0.09759838811297317
3042	0.09518661019014274
3091	0.035932821632446064
3237	0.3832344140784916
3394	0.10932287667391981
3442	0.07179447740319321
3472	0.024758065146604457
3537	0.025468594744902876
3702	0.019691468627852305
3735	0.04608079317920791
3890	0.04924765400209532
3925	0.04066700884434332
3937	0.02170522736792855
3938	0.02891950286370392
3946	0.012787388560254848
3980	0.020836506239309573
4074	0.019259842802191514
4083	0.013357746982077487
4089	0.042091020390176724
4094	0.023083429751286754
4135	0.028031714648943797
4169	0.054661438336959904
4176	0.03017184948146904
4206	0.02667257935172674
4210	0.0264585813129103
4277	0.054661438336959904
4286	0.04924765400209532
4328	0.023083429751286754
4332	0.012052981108408358
4422	0.012678149859110158
4445	0.025849667385582968
4583	0.054661438336959904
4608	0.054661438336959904
4633	0.028361376926468382
4685	0.03750014802145591
4744	0.042091020390176724
4754	0.03253279603765773
4788	0.03842008533236615
4809	0.01838670275418318
4949	0.06169088761777995
4953	0.04608079317920791
5024	0.03051903729758148
5054	0.013124582210176554
5091	0.04644334246585139
5117	0.029343192503111747
5246	0.02911968060698571
5279	0.012394102563196525
5294	0.07876587451140922
5310	0.032632976094598136
5315	0.041187168201858186
5322	0.04066700884434332
5412	0.04146881506601123
5430	0.03525322450947874
5434	0.03017184948146904
5441	0.04383386966723073
5446	0.06377638505058646
5511	0.054661438336959904
5593	0.033006300997501556
5626	0.02170522736792855
5675	0.014877008974405352
5726	0.02125879501686215
5729	0.02093995728564156
5733	0.035932821632446064
5863	0.039463024237519455
5906	0.034628055758776935
5946	0.07186564326489213
5995	0.037076733090082276
6213	0.08418204078035345
6322	0.033006300997501556
6458	0.1322929065645515
6521	0.09971892029869095
6531	0.02033885770595192
6532	0.049859460149345475
6549	0.042091020390176724
6591	0.012714393264342686
6646	0.02514083589356635
6675	0.034628055758776935
6751	0.08133401768868664
6787	0.054661438336959904
6804	0.042091020390176724
6807	0.026715493964154974
6811	0.03253279603765773
6821	0.546614383369599
6834	0.019691468627852305
7029	0.01934428081173987
7135	0.016950184496610378
7183	0.02124681710287535
7394	0.01617741998885246
7416	0.11089366163886194
7434	0.030882379079767458
7439	0.012861072501201281
7616	0.014145673716994236
7658	0.04383386966723073
7743	0.054661438336959904
7790	0.027840487959943504
7892	0.021820939703768215
7900	0.03667723605531214
7996	0.07162530479189771
8005	0.039463024237519455
8009	0.014973435382028595
8056	0.10932287667391981
8187	0.054661438336959904
8305	0.020243022886271573
8326	0.03166407490903875
8399	0.006392790224276599
8413	0.028635455567790284
8417	0.025284811211125857
8495	0.042091020390176724
8513	0.02983944017461415
8572	0.02891950286370392
8595	0.023083429751286754
8676	0.017877936155158307
8715	0.026047410601024938
8783	0.0167649479929078
9014	0.01960321413163512
9119	0.054661438336959904
9123	0.04608079317920791
9198	0.0587506228203659
9210	0.02759251666263697
9219	0.04066700884434332
9399	0.02891950286370392
9406	0.020534128872057744
9438	0.0625269034408951
9461	0.017669645416422165
9468	0.018771531316942074
9479	0.03667723605531214
9521	0.054661438336959904
9589	0.03253279603765773
9761	0.06728011087523676
9779	0.02667257935172674
9802	0.023221671232925695
9847	0.023362403685662888
9868	0.054661438336959904
9954	0.04364187940753643
9966	0.054661438336959904
9974	0.04383386966723073
10012	0.033510375232424734
10050	0.019011871504884977
10063	0.015899439054263095
10213	0.012120023921874622
10280	0.034628055758776935
10296	0.03667723605531214
10325	0.03126345172044755
10328	0.04924765400209532
10349	0.024758065146604457
10363	0.04608079317920791
10467	0.02759251666263697
10471	0.1683640815607069
10481	0.0155784168901343
10516	0.033510375232424734
10564	0.026250290574174162
10651	0.1639843150108797
10654	0.09465466790227813
10681	0.03533929083284433
10688	0.019176307890269452
10729	0.0633281498180775
10786	0.054661438336959904
10988	0.054661438336959904
11002	0.04066700884434332
11017	0.02033885770595192
11056	0.034628055758776935
11080	0.019011871504884977
11090	0.03166407490903875
11186	0.052961178184064886
11209	0.023362403685662888
11223	0.11250044406436774
11224	0.06925611151755387
11225	0.04608079317920791
11229	0.02380048708904776
11268	0.04066700884434332
11317	0.054661438336959904
11338	0.035932821632446064
11410	0.017334381938217274
11494	0.04924765400209532
11519	0.017466765443272945
11561	0.04924765400209532
11640	0.04608079317920791
11659	0.006474065045197576
11667	0.03017184948146904
11699	0.021470776202545103
11716	0.06601260199500311
11734	0.035932821632446064
11752	0.0264585813129103
11784	0.024929730074672737
11812	0.0431824086474341
11835	0.03017184948146904
11841	0.04755644518111374
11844	0.054661438336959904
12277	0.03525322450947874
12423	0.03677340550836636
12495	0.042091020390176724
12514	0.02689260629073628
12528	0.05727091113558057
12582	0.02125879501686215
12628	0.046724807371325776
12636	0.017738460309263553
12715	0.04383386966723073
12810	0.04924765400209532
12838	0.06766111633399632
12842	0.02565680722113616
12873	0.07140146126714328
12885	0.024425655839749563
12958	0.013679872627390987
