106
t_index	tf-idf
186	0.25889421508963173
194	0.07620030509260368
230	0.04384479178505779
323	0.18131628419833434
336	0.18394916487926663
638	0.04979986386925757
660	0.04249938797442941
1040	0.062223397199649165
1054	0.08390229449453708
1109	0.16473202996445954
1500	0.043983660380218496
1720	0.042239295177699976
2224	0.10691605139168747
2283	0.07910994999406615
2386	0.036729656679372384
2568	0.13210121341790634
2623	0.09197458243963332
2709	0.09234288143654172
2782	0.07127866919140884
2963	0.07849853487523989
2972	0.03703869602371285
2996	0.13831335674371606
3107	0.06279454172078953
3442	0.05409137759035464
3496	0.08370893314869932
3531	0.1268488251151809
3568	0.08172799663433646
3874	0.08715409907316217
3919	0.09092826980192764
3946	0.038537084635234746
3971	0.18394916487926663
4099	0.051271477947983875
4547	0.05934376589308009
4823	0.1268488251151809
4915	0.05452328252660894
4993	0.1268488251151809
5117	0.029476987883596113
5213	0.05325063969696702
5246	0.05850491369235167
5279	0.11205554063014225
5294	0.05934376589308009
5315	0.031031226184328624
5626	0.13082517672211968
5689	0.06721026764889886
5712	0.051271477947983875
6184	0.021947015618852542
6585	0.04527178374879785
6591	0.03831710024332503
6782	0.13750861377633647
6849	0.08155726396664958
6953	0.06647464032306037
7198	0.041103184973360435
7394	0.048753551231551916
7434	0.09306957794599799
7614	0.13294928064612074
7677	0.05423525359452586
7913	0.018640661401430655
7996	0.026981959801482294
8093	0.16473202996445954
8113	0.04316247854453979
8204	0.08467410654480516
8326	0.09542535826734275
8399	0.07706327113386434
8513	0.08992649484753061
9014	0.2363111806773459
9051	0.06279454172078953
9198	0.0442638798636004
9211	0.055186373096719324
9461	0.21300255878786808
9462	0.07312574652173467
9652	0.10624190312080721
9708	0.18843601713725536
9761	0.06758688622126048
9787	0.03820787425333234
9849	0.07675416967272139
9986	0.058554703450976596
10048	0.16473202996445954
10063	0.04791580592078938
10349	0.07461286152865104
10936	0.08629807169654391
11050	0.08605671523960697
11082	0.11053341684190428
11238	0.1165949065107489
11410	0.05224026318625062
11468	0.07849853487523989
11554	0.1344205352977977
11590	0.04586771832868668
11620	0.06473027512054184
11659	0.019510754006197305
11721	0.055411620352509204
11767	0.10775672225305838
11812	0.06506895950482852
11825	0.07849853487523989
11835	0.09092826980192764
12121	0.10624190312080721
12156	0.07910994999406615
12353	0.09092826980192764
12391	0.06504716202870518
12423	0.055411620352509204
12452	0.08172799663433646
12483	0.07973767142362832
12577	0.06576130820003102
12838	0.1359392578811111
12869	0.03533881239400235
12958	0.04122674514478749
13036	0.17259614339308782
