166
t_index	tf-idf
200	0.037665007803692974
323	0.04324581978551686
483	0.263080742187151
583	0.09726878102696261
643	0.03513056444060163
710	0.037665007803692974
1007	0.05799071551581015
1213	0.04344752623224119
1258	0.029677249562681526
1300	0.06299711098397147
1500	0.03147168152138507
1537	0.04304650045338737
1720	0.030223533785701397
1747	0.11787090793708467
1767	0.09936776447431372
1848	0.06003470989952231
1890	0.05847893193112842
1917	0.028975386050017732
1921	0.18623548406488422
1933	0.08284835670129448
1996	0.05452226540250448
2008	0.03602055267747482
2283	0.05660563786332101
2441	0.05847893193112842
2453	0.06434521323852353
2505	0.05574174147829002
2545	0.04304650045338737
2607	0.03964874349344468
2621	0.09936776447431372
2794	0.027813388307775803
2802	0.05302561705320832
3042	0.029322662002733344
3050	0.10464750708108905
3107	0.04493145411805761
3245	0.11899997842153537
3272	0.028055727553450104
3356	0.10329994442724173
3433	0.029677249562681526
3442	0.07740813719734209
3505	0.07929748698688936
3815	0.04607763007708272
3820	0.06299711098397147
3969	0.0850973307388146
4078	0.04891278176078248
4083	0.028804396896133604
4176	0.06506201447899199
4252	0.04919585207103796
4328	0.04977667814581346
4332	0.05198164811685916
4389	0.038250885554269906
4390	0.0658106838216755
4621	0.10619672419182129
4633	0.12231589033793573
4652	0.09936776447431372
4666	0.057516253521015984
4809	0.03964874349344468
4854	0.05616815126646392
5076	0.0774848675669389
5078	0.04344752623224119
5110	0.03208050517060074
5195	0.08284835670129448
5238	0.0658106838216755
5246	0.020931045702484406
5310	0.11728190347669114
5487	0.04099684574799674
5524	0.03668634240899552
5626	0.14041424455759507
5841	0.04705426811252455
5898	0.11787090793708467
6158	0.09452254044655789
6303	0.06506201447899199
6356	0.07117417295603108
6432	0.021806166537778025
6449	0.03752166832577456
6526	0.03563335661364116
6585	0.032393373987763235
6608	0.10464750708108905
6646	0.027106615223004452
6770	0.18904508089311578
6796	0.037665007803692974
6811	0.07015311567639182
6849	0.019452255793216598
6883	0.09839170414207592
6907	0.04304650045338737
6944	0.0774848675669389
7019	0.04538060838908809
7429	0.0774848675669389
7437	0.09452254044655789
7562	0.06436830068147498
7575	0.061748963248287804
7597	0.05267102949326014
7717	0.028975386050017732
7912	0.018549350040438
7996	0.05791930264701038
8181	0.11787090793708467
8254	0.06659418727604366
8320	0.07909010896881681
8399	0.013785293817950977
8420	0.08086462101154278
8422	0.11787090793708467
8504	0.05302561705320832
8560	0.061157945168967866
8565	0.03576143545897447
8623	0.02635460249827608
8706	0.09936776447431372
8711	0.10619672419182129
8742	0.06506201447899199
8798	0.037238598015519084
8848	0.048091043813272706
8968	0.10925058020402793
9014	0.042272005978637985
9127	0.16172924202308556
9198	0.031672187306052514
9309	0.04919585207103796
9328	0.038250885554269906
9368	0.04515453402830483
9374	0.03314682875084993
9381	0.047825805465504294
9384	0.08284835670129448
9406	0.0885588263860224
9441	0.016918889337123648
9448	0.04756467950623042
9461	0.1143074832016502
9462	0.10464750708108905
9697	0.04919585207103796
9761	0.14508157846277678
10034	0.10619672419182129
10302	0.131621367643351
10378	0.061157945168967866
10421	0.03550624441031433
10431	0.0682798216085844
10500	0.11787090793708467
10516	0.07226114925130928
10568	0.06299711098397147
10584	0.057516253521015984
10615	0.07467129472923487
10654	0.16328925085867424
10744	0.037238598015519084
11050	0.06157626517177061
11056	0.07467129472923487
11089	0.10751601157707665
11186	0.0285511246497536
11237	0.04030931000054897
11238	0.041713646988465206
11255	0.09452254044655789
11303	0.06003470989952231
11409	0.14234834591206216
11659	0.01396055332860132
11699	0.02314959102893501
11742	0.11787090793708467
11748	0.04515453402830483
11767	0.03855164867158054
11779	0.05375800578853832
11782	0.05267102949326014
11946	0.06659418727604366
11998	0.06434521323852353
12197	0.09076429271408022
12208	0.08769358072905033
12216	0.08086462101154278
12483	0.05705479213435149
12514	0.17397214654743043
12617	0.09076429271408022
12636	0.07650177110853981
12655	0.061748963248287804
12718	0.03780957767844107
12862	0.03452247359043738
