211
t_index	tf-idf
65	0.03159043783286981
105	0.12220890510749109
135	0.04799895283194123
230	0.02701455516039895
323	0.1117163193513845
336	0.11333854396438936
413	0.016919377416980498
478	0.01820837726913693
546	0.08060669942862142
960	0.04695009968926137
1007	0.04993553385514503
1099	0.08139291741031497
1110	0.20315554685891207
1258	0.025554940770835012
1279	0.021134169892932295
1353	0.09987106771029006
1435	0.04311915838459481
1458	0.04073630170249703
1500	0.08130035320883441
1786	0.037412461594837285
1794	0.07551253214284832
1839	0.03485591643503038
1921	0.04009162603372229
1945	0.10149808743477695
1996	0.07042330153152784
2061	0.07134033239808399
2068	0.09144550242254597
2071	0.07134033239808399
2082	0.05266282049345453
2088	0.04661668696996368
2167	0.03689751467703039
2287	0.030039041021491294
2393	0.04566011079529699
2487	0.03812879556526155
2498	0.014211546221575607
2568	0.08139291741031497
2597	0.07327691342128778
2620	0.05734394314159014
2709	0.028448097968705507
2727	0.03428147245094032
2781	0.027535670426443132
2972	0.06846313024181154
2973	0.053699176595684024
2996	0.17044094192489417
3041	0.031129992349160026
3042	0.02524960708169337
3047	0.1117163193513845
3107	0.03869026495562833
3237	0.08895109891815009
3244	0.04695009968926137
3272	0.024158655754024642
3314	0.03306657337236382
3340	0.10149808743477695
3440	0.05266282049345453
3442	0.06665578483210384
3472	0.045972011301188935
3496	0.05157647008679267
3694	0.05169560785733178
3702	0.10969230587319809
3771	0.03591942628895795
3789	0.04912961460953909
3839	0.025632289298421408
3874	0.053699176595684024
3919	0.05602459631341992
3937	0.04030334971431071
3946	0.02374426143253584
3980	0.07738052991125666
3998	0.033594006571222045
4060	0.04505573940779861
4083	0.02480333142279939
4135	0.026025343559807384
4176	0.05602459631341992
4287	0.025325339966817757
4318	0.06672185699442566
4332	0.044761154027802535
4377	0.05805153784417222
4423	0.03794636781971023
4470	0.05879543498009031
4666	0.04952697685091968
4708	0.01666641493621174
4799	0.10149808743477695
4809	0.03414134754883458
4956	0.04912961460953909
4965	0.05602459631341992
4972	0.05864288185462356
4991	0.06128774738585299
5077	0.037067140172629943
5117	0.018161968222989683
5177	0.14268066479616798
5213	0.03280987968816168
5232	0.0594542810311987
5239	0.05424651757329654
5251	0.05602459631341992
5279	0.06904196508039852
5294	0.03656410195773269
5315	0.019119597501134695
5419	0.042118567564474574
5429	0.032065982552243584
5614	0.05879543498009031
5626	0.12091004914293213
5688	0.027984709842285977
5995	0.034422964446844055
6034	0.04912961460953909
6184	0.027044893584997457
6369	0.05169560785733178
6393	0.09144550242254597
6421	0.055407362118386344
6442	0.025024752739687142
6454	0.021714359841655862
6526	0.06136743338053209
6531	0.03776620631598638
6591	0.023608720123118623
6646	0.09336551826457101
6669	0.12492906853530239
6671	0.030683716690266045
6685	0.04505573940779861
6782	0.0423623180844573
6811	0.0604085197387727
6849	0.0502507394027386
6907	0.07413428034525989
6985	0.0855651171550793
7029	0.03591942628895795
7226	0.026929494420695026
7239	0.0681041228564032
7331	0.03332789241605192
7416	0.12354773208417306
7439	0.04776216290486051
7452	0.09144550242254597
7565	0.1711302343101586
7589	0.03461458314075062
7614	0.08191544603876959
7617	0.04073630170249703
7641	0.08729318316690607
7677	0.01670827012989558
7913	0.011485267808407824
7996	0.08312340094647457
8009	0.02780342229993076
8079	0.07551253214284832
8254	0.05734394314159014
8286	0.09144550242254597
8399	0.035611356060699345
8502	0.1007118694530834
8513	0.055407362118386344
8530	0.07551253214284832
8742	0.05602459631341992
8824	0.03243316202613226
9009	0.06963214687538166
9014	0.14560090641376391
9076	0.034565850475001984
9143	0.048366132305829895
9381	0.04118257736139102
9399	0.053699176595684024
9441	0.014568776463105643
9461	0.13123951875264672
9462	0.04505573940779861
9468	0.06971183287006076
9512	0.2029961748695539
9653	0.062223737588936553
9708	0.11610307568834444
9744	0.04118257736139102
9761	0.08328604569020158
9787	0.02354142155899105
9954	0.08103642031184946
9986	0.07215585714407675
10039	0.06429910258552754
10213	0.022505065456761564
10219	0.0309051380071538
10408	0.2029961748695539
10419	0.05481532830249144
10481	0.028926782165209258
10548	0.0681041228564032
10564	0.09748569993571864
10681	0.09842963906448504
10878	0.03159043783286981
11008	0.04073630170249703
11017	0.07553241263197276
11089	0.04629076730923891
11090	0.11759086996018062
11097	0.043917680121983625
11157	0.1208170394775454
11237	0.034710158278029465
11410	0.03218734572528353
11441	0.033594006571222045
11590	0.08478288684410376
11642	0.09144550242254597
11721	0.1365653901953383
11748	0.03888235802279381
11767	0.09958993298952433
11812	0.04009162603372229
11834	0.07134033239808399
11841	0.017661036291524396
11937	0.0423623180844573
11973	0.10149808743477695
12148	0.015540978456651049
12308	0.06322432840905678
12353	0.05602459631341992
12391	0.02003909786214016
12423	0.03414134754883458
12440	0.05602459631341992
12452	0.0503559347265417
12528	0.0531717433968258
12631	0.03485591643503038
12636	0.06587531723293787
12646	0.04286246470039267
12676	0.015502355758604024
12718	0.032557650468992554
12862	0.0594542810311987
12958	0.02540147040171657
12988	0.06963214687538166
12989	0.0781567078686342
13026	0.07551253214284832
