194
t_index	tf-idf
79	0.04307821487366455
111	0.026625331102390126
157	0.05098233860572744
173	0.04992759434656115
188	0.05581350209209495
202	0.1529470158171823
369	0.31153427024970554
412	0.02121057721256157
413	0.011528103093190084
434	0.03554707780152739
493	0.01876156785163744
557	0.0170001962244914
566	0.04175871563125134
617	0.031540447656673645
619	0.04059483481444044
742	0.025196501466705587
761	0.03460526398850364
778	0.014399873193336332
802	0.0691562335228377
949	0.018641789829967136
1019	0.019577652684787113
1040	0.013061017302620541
1051	0.05545747457704452
1140	0.02502606859733882
1190	0.022798370739930154
1279	0.028799746386672664
1616	0.010910304071919908
1720	0.017732499027537707
1839	0.023749254370753304
1862	0.017152614142924447
1988	0.034909336158354745
1994	0.062306854049941116
2008	0.021133677479728566
2022	0.04992759434656115
2049	0.14233264286201108
2160	0.013128932111529181
2189	0.04307821487366455
2253	0.05325246689217431
2254	0.12461370809988223
2294	0.09280617483855544
2307	0.032954508058960524
2342	0.04059483481444044
2363	0.02316781809814742
2485	0.0377520854863976
2498	0.009683108658096108
2509	0.034614839812689153
2560	0.03222220525591422
2734	0.0691562335228377
2736	0.05325246689217431
2818	0.03646728710369032
2848	0.10883156844835122
2911	0.024156799379241162
2926	0.03431026996885346
2957	0.04239645727442398
3084	0.03270432847348454
3118	0.04992759434656115
3199	0.03321118653700796
3238	0.0691562335228377
3239	0.03176251466046079
3314	0.022530076454974776
3384	0.06642237307401593
3403	0.026880921722653488
3433	0.017411987715983467
3496	0.017570943944623333
3581	0.044366638538591956
3628	0.03132326164374826
3672	0.03176251466046079
3780	0.06317211471945265
3794	0.06540865694696908
3826	0.03246032679743062
3848	0.044028799002528624
3866	0.026625331102390126
3941	0.03554707780152739
3993	0.04419699688242038
3998	0.02288944572379352
4001	0.11091494915408905
4008	0.020467252025997924
4076	0.03270432847348454
4247	0.016040066250896927
4287	0.017255548050754778
4307	0.024156799379241162
4332	0.015249118968313602
4453	0.02689607586864726
4487	0.0249131351875642
4708	0.034067237495223515
4949	0.01951242759121478
5117	0.012374748602731564
5158	0.02992353273896802
5532	0.03460526398850364
5600	0.03908170241633797
5770	0.2923110094187594
5778	0.02184831885573421
5802	0.02702208754854629
5856	0.03788800388073658
6052	0.16929345066636284
6101	0.0691562335228377
6150	0.032954508058960524
6151	0.12461370809988223
6184	0.009213587288362728
6313	0.02502606859733882
6407	0.06604319850379294
6417	0.1882725310805308
6430	0.017896739359104262
6454	0.014795188539621194
6460	0.11102353806242818
6483	0.044601464959294186
6807	0.016899874897856715
6847	0.04640308741927772
7125	0.04059483481444044
7241	0.4081015673356116
7288	0.05545747457704452
7316	0.05145084443219078
7319	0.0755041709727952
7341	0.06584248752457673
7553	0.10290168886438156
7616	0.017896739359104262
7619	0.022268874485981464
7888	0.04006056600990455
7901	0.0691562335228377
7911	0.02121057721256157
7913	0.007825545118187451
7996	0.011327309651545645
8011	0.11451792334993453
8026	0.0691562335228377
8058	0.025372825783017628
8160	0.1120461007845328
8399	0.008087992322617955
8439	0.0691562335228377
8748	0.04640308741927772
8752	0.04006056600990455
8856	0.047299882631435496
8869	0.06921052797700727
8920	0.03460526398850364
8921	0.08560308883137926
8938	0.02384957569738799
9045	0.032356544442494126
9168	0.0691562335228377
9443	0.02717444824300116
9457	0.052465268859954825
9541	0.0377520854863976
9577	0.03069895517028458
9781	0.1360015697959312
9843	0.0691562335228377
9862	0.05545747457704452
9904	0.03011175873091768
9906	0.3248216119349441
9945	0.062306854049941116
9946	0.04239645727442398
9950	0.049602955777652495
10093	0.05122189464906806
10426	0.03246032679743062
10453	0.04860809510414793
10480	0.02561094732453403
10547	0.036588204669586705
10649	0.04992759434656115
10700	0.02992353273896802
10904	0.11631189629010545
11005	0.04059483481444044
11080	0.024053326540604415
11214	0.044601464959294186
11215	0.031110746661776646
11244	0.10092451183050405
11353	0.038511498226334685
11380	0.03347471057528672
11441	0.02288944572379352
11492	0.04690852070220625
11497	0.0801211320198091
11590	0.019255749113167343
11596	0.06264652328749652
11659	0.008190819117267767
11699	0.013582134482324872
11746	0.04307821487366455
11776	0.031110746661776646
11799	0.05145084443219078
11841	0.024066872212086365
11843	0.02561094732453403
11967	0.0691562335228377
12068	0.04307821487366455
12150	0.05581350209209495
12291	0.015123237446882407
12310	0.0691562335228377
12353	0.03817264111664485
12391	0.013653740344927202
12425	0.020325068770104572
12468	0.03522306300977381
12469	0.04614830653214286
12610	0.022798370739930154
12762	0.02973882519669011
12818	0.04175871563125134
12887	0.023649941315717748
12907	0.031989687097478896
12910	0.03069895517028458
12940	0.0691562335228377
12963	0.014998939382837619
