127
t_index	tf-idf
167	0.05787904644778999
413	0.021591494741403986
493	0.03513937118140625
557	0.031840420268341676
744	0.04219757781211894
1135	0.0888603697428949
1458	0.051985225124830885
1554	0.22334463184973627
1636	0.07236793127285573
1862	0.032125890536757906
2063	0.20675098939548694
2209	0.04796787728301182
2230	0.07408189102956658
2316	0.06172195735141567
2323	0.10397045024966177
2344	0.07503120794014043
2347	0.03929746207513348
2348	0.0678545900153301
2386	0.02887985497690391
2398	0.06426122386485805
2583	0.04339203237447193
2591	0.12230127812993408
2760	0.10875325405289221
2818	0.20490359030473737
2900	0.06522336557332327
2953	0.07940620212146035
3251	0.06269626767852898
3266	0.15006241588028085
3336	0.07708972996646364
3350	0.053443271843584175
3363	0.0607963833846174
3432	0.033416488806931814
3738	0.07603186364128933
3756	0.0563976462595219
3763	0.08068309611693568
3815	0.05063370351963255
3826	0.0607963833846174
3872	0.06220270183853486
4074	0.04563813325786243
4083	0.031652524013513504
4086	0.061253384927961
4087	0.10569239999181297
4310	0.10419959027858942
4453	0.05037485143807817
4487	0.046660914032937116
4509	0.2183861417084246
4748	0.11575809289557998
5187	0.05406024971322366
5310	0.051551411120082644
5315	0.07319785097219922
5429	0.04092068381664362
5549	0.11669726586392412
5600	0.024399283657399743
5601	0.10386875976231853
5639	0.06372473348578932
5698	0.06657769601985478
5747	0.05749743247155283
5802	0.05061086429309008
5807	0.12952577196552967
6009	0.03874079989882558
6315	0.0653832414575018
6432	0.023962321185497255
6454	0.027710563738800893
6460	0.051985225124830885
6591	0.030128032718154583
6646	0.05957373746550389
6907	0.04730286123371169
6993	0.09973890323277773
7002	0.1091930708542123
7019	0.04986776157692341
7198	0.03231868001059108
7237	0.04374795915417085
7420	0.07503120794014043
7619	0.04170836107850949
7668	0.0888603697428949
7677	0.021322092282517323
7908	0.12952577196552967
7912	0.02038347651253348
7913	0.0146568099627575
7996	0.021215419813523147
8014	0.0603503950056183
8107	0.07317890110722387
8178	0.15642349511821474
8270	0.36832390972595713
8433	0.08506211500679267
8623	0.02896049833819848
8721	0.022595165941074385
8728	0.06172195735141567
8792	0.08205465846273305
8794	0.08991791033477119
8797	0.029702551401790758
8836	0.037805197418026966
8844	0.0888603697428949
8927	0.04687243201673429
9242	0.07535063766991446
9317	0.05866672370965585
9441	0.05577539633511651
9449	0.08184136763328724
9576	0.33602566564025843
9683	0.05826869498987279
9689	0.05787904644778999
9969	0.05170690977285851
10068	0.049619333388708414
10158	0.08092736454660003
10172	0.04524433920738849
10953	0.03874079989882558
11018	0.05866672370965585
11149	0.050896227384183736
11150	0.06172195735141567
11240	0.06372473348578932
11353	0.03606494514820451
11400	0.061253384927961
11415	0.07070755254939556
11474	0.0423635665672116
11699	0.02543858108151321
11827	0.06426122386485805
11841	0.022537955317048976
11843	0.04796787728301182
11857	0.07149522981126143
11876	0.05255473535589622
11941	0.09351160221854127
12148	0.019832464655956467
12509	0.10875325405289221
12636	0.04203306453214445
12749	0.13921550558830004
12776	0.04031382216596866
12911	0.09104025366071296
