100
t_index	tf-idf
6	0.1486192598144531
209	0.24908295327726246
323	0.12283449278180092
376	0.04541409164582893
440	0.10796192691448399
1110	0.08376520782429424
1258	0.08429461888503173
1333	0.12890246864931412
1428	0.051718831523432526
1510	0.09040594634423464
1537	0.0611341752272
1616	0.026409389285810003
1839	0.05748724323267908
1921	0.06612240598207049
1942	0.1571463821882468
1996	0.038715966359564105
2008	0.05115600004580743
2302	0.10698287492606737
2304	0.07582082084953841
2386	0.03732429854445892
2591	0.052687353877425167
2740	0.08769521098251562
2808	0.1508194412302464
2818	0.13240860772122573
2849	0.04707476834904916
3042	0.08328745603579009
3047	0.06141724639090046
3136	0.11484306177116331
3237	0.07335273294066431
3244	0.07743396463742258
3442	0.10993420077336534
3496	0.04253207753824279
3769	0.07634653946608382
3771	0.11848254225078235
3780	0.05097129461703728
3946	0.11748296461205805
4276	0.02627796459161516
4422	0.03882644800710643
4636	0.28224205272555697
4682	0.06444905011917504
4809	0.056308717473822295
4815	0.06907003636541315
5078	0.061703707708977956
5117	0.02995421126755654
5246	0.029726045141574804
5294	0.06030452324346768
5310	0.06662499727138106
5626	0.19941479425195502
5627	0.1486192598144531
5686	0.058982682291532494
5810	0.04971681509135719
6442	0.04127287974956935
6454	0.035813107602147065
6458	0.16205719968664456
6528	0.16739899095439362
6591	0.11681232699702929
6685	0.07430962990722655
6849	0.055251767353982004
7029	0.059241271125391175
7226	0.04441433633745225
7237	0.11307964596684549
7336	0.16739899095439362
7677	0.027556652849594673
8399	0.0783109018339478
8572	0.08856509717954816
9051	0.0638111660723881
9209	0.09826351204701607
9266	0.10194258923407457
9328	0.05432349471944811
9375	0.16739899095439362
9461	0.10822550240984036
9462	0.07430962990722655
9577	0.1486192598144531
9620	0.07069230092906742
9761	0.0686810971590004
9807	0.04676412457806816
9954	0.2004778907702608
10063	0.04869154810777977
10105	0.16739899095439362
10349	0.07582082084953841
10393	0.12454147663863123
10461	0.07382639662008741
10478	0.06258426975272519
10688	0.05872685916666309
11237	0.05724684689594017
11410	0.053086017008695946
11441	0.055405997731253674
11530	0.0638111660723881
11554	0.06829838124757977
11590	0.09322060521270874
11620	0.06577823840158335
11659	0.05947988137039534
11709	0.1508194412302464
11721	0.056308717473822295
11812	0.06612240598207049
12066	0.1208543104308101
12391	0.03305012780575042
12636	0.16297048415834434
12681	0.10604736664626399
12862	0.04902844429919518
