219
t_index	tf-idf
65	0.029269965301364175
105	0.03774402063200757
135	0.04447319443071821
194	0.043501384693389315
323	0.03450340266792992
336	0.10501327226598452
413	0.031353132396311274
440	0.06065159309532255
472	0.04259514169251646
600	0.08472838195641368
660	0.0242621367888553
682	0.07541420859630724
742	0.01713181344804542
864	0.18808511063304023
904	0.06789436488912749
1007	0.09253504816728982
1110	0.14117458197634206
1134	0.04044053545345964
1187	0.09253504816728982
1333	0.07241571451103754
1391	0.069965766455429
1500	0.07532844368922305
1517	0.08472838195641368
1546	0.04259514169251646
1669	0.025929095708834105
1697	0.06065159309532255
1800	0.027639177363432025
1865	0.07241571451103754
1917	0.023117827741521966
1919	0.04259514169251646
1942	0.088282774319443
1976	0.043501384693389315
1996	0.02175012159418442
2088	0.04319246277288581
2167	0.10256163399984863
2261	0.09404255531652012
2287	0.02783252619153178
2360	0.0631015411509311
2393	0.042306151807880034
2480	0.04044053545345964
2498	0.013167638479243661
2531	0.0474716885159879
2587	0.04044053545345964
2623	0.05250663613299226
2703	0.04833892564994642
2709	0.026358445705599618
2727	0.0317633302338925
2754	0.04044053545345964
2781	0.025513040439508614
2794	0.02219073522255379
2849	0.02644598680815186
2858	0.04552080355766211
2903	0.07541420859630724
2951	0.04789831202157705
2963	0.044813402772145884
2996	0.11844091436307919
3041	0.028843341795775024
3107	0.03584827531492779
3237	0.1236258069274096
3275	0.042306151807880034
3339	0.05133741973521611
3403	0.018277098384969694
3442	0.12351918131003872
3937	0.03734287108990833
3946	0.04400025804730719
3998	0.031126362093353194
4013	0.05987284955806457
4048	0.11194243562024245
4135	0.02411365448563149
4210	0.04552080355766211
4252	0.11775179441741619
4255	0.03532804860389709
4319	0.07541420859630724
4445	0.04447319443071821
4470	0.05447662203514067
4516	0.06789436488912749
4518	0.055971217810121224
4708	0.01544218505175239
4718	0.05765309901005286
4791	0.05765309901005286
4809	0.03163349819281124
4815	0.07760527920240655
4949	0.07960230586446404
5082	0.04381757602803637
5117	0.01682788261764
5213	0.030399833174049554
5232	0.027543536306895357
5238	0.05250663613299226
5246	0.016699701883684206
5257	0.05678586187609435
5294	0.033878289412779365
5304	0.07429339910327644
5310	0.01871452436969545
5433	0.06182080949309869
5517	0.0492660181689146
5561	0.09104160711532422
5614	0.05447662203514067
5626	0.18671435544954165
5627	0.0834923489234697
5663	0.069965766455429
6188	0.08472838195641368
6199	0.06182080949309869
6268	0.09404255531652012
6421	0.05133741973521611
6432	0.017397911484357407
6501	0.16495989223886792
6510	0.16945676391282735
6545	0.06065159309532255
6557	0.026185056051933
6585	0.025844847710505332
6591	0.043749087775813496
6646	0.02162684080548257
6652	0.0519093150526229
6669	0.03858413866147062
6782	0.039250598139138726
6786	0.09404255531652012
6796	0.030050787271161207
7031	0.055203150954444315
7331	0.03087979532750968
7416	0.03815751515588147
7434	0.0531317493881428
7452	0.08472838195641368
7614	0.075898354935296
7616	0.024336997771981096
7677	0.015480965776264323
7996	0.015403515926601939
8009	0.05152224925046053
8100	0.07927993981553544
8113	0.04928136655632468
8212	0.09404255531652012
8214	0.04833892564994642
8326	0.05447662203514067
8399	0.02199701824849118
8413	0.0492660181689146
8553	0.029162032900072396
8647	0.05133741973521611
8655	0.04202324637510967
8715	0.08962680554429177
8742	0.0519093150526229
8743	0.05378736779082466
8760	0.04019396868761612
8783	0.028843341795775024
8800	0.03620663019755566
8923	0.04833892564994642
8968	0.02905496052705168
9009	0.06451732431455076
9014	0.10117935451998662
9017	0.09404255531652012
9063	0.09404255531652012
9198	0.05053890699330943
9210	0.0949433770319758
9211	0.06300981716532046
9381	0.07631503031176294
9397	0.04044053545345964
9398	0.08472838195641368
9441	0.013498628408205727
9462	0.0834923489234697
9576	0.048794478147799504
9628	0.0441413871597215
9631	0.05957601827313056
9708	0.10757473558164932
9761	0.07716827732294124
9783	0.0661000352362008
9787	0.021812188733246748
9847	0.04019396868761612
9911	0.09404255531652012
9939	0.048794478147799504
9954	0.07508389795745736
9987	0.09404255531652012
10063	0.027354272449709144
10174	0.03995184480880816
10210	0.09404255531652012
10315	0.09404255531652012
10325	0.05378736779082466
10359	0.05678586187609435
10477	0.04552080355766211
10481	0.026801968201112414
10568	0.050261844913024115
10781	0.07927993981553544
10810	0.18808511063304023
10815	0.040691711209818786
10850	0.18808511063304023
10851	0.09404255531652012
10894	0.077534543131516
10922	0.02689245683744922
11017	0.03499209331258139
11066	0.034344377004638646
11091	0.03657480423423143
11096	0.06451732431455076
11156	0.05378736779082466
11209	0.04019396868761612
11224	0.05957601827313056
11238	0.06656193666482003
11441	0.031126362093353194
11468	0.08962680554429177
11590	0.026185056051933
11703	0.035499229412039444
11709	0.08472838195641368
11715	0.042306151807880034
11721	0.1581674909640562
11767	0.03075818805667743
11812	0.07429339910327644
11883	0.03815751515588147
11944	0.069965766455429
12391	0.01856712788213355
12423	0.09490049457843373
12452	0.04665704445001478
12496	0.08472838195641368
12528	0.0492660181689146
12582	0.03657480423423143
12628	0.04019396868761612
12631	0.03229557849112934
12636	0.1525911305681709
12805	0.055971217810121224
12838	0.038802639601203275
12869	0.02017429288099039
12958	0.02353560786955166
12988	0.06451732431455076
13036	0.0492660181689146
