289
t_index	tf-idf
5	0.07717331656139778
111	0.029711929077777657
167	0.03448516774697052
193	0.03220987376641235
194	0.03569815941839194
200	0.0246603137397858
224	0.22069527713037695
230	0.02054031627441761
242	0.034257796655136834
323	0.08494267326878277
440	0.049771984376058065
493	0.02093654239461172
512	0.04593116909519623
546	0.09193305739832604
643	0.04600188830312982
660	0.019910024313571043
705	0.06897033549394103
708	0.029417855456476284
746	0.03131286667413515
778	0.016069209032709204
924	0.03495447718057395
949	0.020802878851752526
993	0.04888934485229014
1019	0.02184723359280743
1099	0.06188649993231024
1103	0.06505880100514562
1110	0.15446781043063068
1134	0.03318636157809749
1187	0.037968112102032464
1213	0.05689257433259259
1258	0.0971525465976262
1447	0.027431584899159676
1500	0.1854483582886426
1510	0.20839213774464044
1690	0.02831422442292759
1697	0.049771984376058065
1720	0.0197881765846159
1832	0.02831422442292759
1839	0.05300487410281099
1921	0.030483369938865548
1996	0.017848611337574184
2083	0.07791254997735785
2088	0.0354446515348223
2089	0.043601041052015135
2130	0.05571555660826731
2144	0.048072148293723534
2157	0.04530087713434967
2167	0.056109502207696345
2224	0.02504390397339702
2283	0.11118379131306017
2287	0.06851988487296533
2293	0.03064435246610868
2393	0.034717325948612786
2397	0.02054031627441761
2420	0.04082976989264126
2448	0.04659968330322269
2498	0.010805643565346667
2542	0.04530087713434967
2576	0.023246912132433354
2587	0.03318636157809749
2591	0.024289619766421907
2606	0.057415392690601835
2607	0.02595911990865883
2623	0.043088059849366075
2709	0.10815149948117797
2727	0.026065662836724252
2781	0.02093654239461172
2788	0.02661438834059306
2794	0.018210188231236515
2802	0.034717325948612786
2849	0.02170213798269188
2879	0.05571555660826731
2904	0.17827761616548882
2924	0.019910024313571043
2966	0.024754967602256525
2972	0.01735181077945842
3042	0.038396702235765946
3107	0.05883571091295257
3126	0.07471067478464286
3237	0.03381665353894405
3245	0.03895627498867892
3272	0.018368854382613372
3330	0.03861695260765767
3343	0.04659968330322269
3347	0.04888934485229014
3407	0.04888934485229014
3422	0.06188649993231024
3432	0.019910024313571043
3440	0.04004178423134407
3442	0.07602184602939367
3496	0.019607892886086584
3588	0.025441320219032997
3635	0.06807003846876863
3694	0.039306371290704654
3739	0.12594610198305184
3793	0.034717325948612786
3836	0.04530087713434967
3848	0.024566465451868583
3858	0.035194827043050964
3946	0.018053772739581905
3998	0.025542953263553714
4012	0.048072148293723534
4031	0.059425872055162934
4074	0.02719185573445249
4113	0.050731468163909846
4135	0.0395763531692318
4176	0.04259788549511772
4185	0.03765746881980589
4197	0.06851559331027367
4234	0.0354446515348223
4252	0.1288394950656494
4287	0.01925593405432567
4330	0.03519684094265858
4332	0.05105071627572608
4389	0.02504390397339702
4390	0.043088059849366075
4470	0.04470467208556383
4487	0.027801243220278524
4516	0.11143111321653462
4547	0.027801243220278524
4595	0.0246603137397858
4633	0.04004178423134407
4708	0.03801655425209058
4791	0.04731135649891076
4854	0.1103244878881139
4940	0.049771984376058065
4949	0.043548894283865026
4956	0.03735533739232143
5001	0.04888934485229014
5042	0.03895627498867892
5054	0.018529836909856507
5072	0.030014060505262116
5078	0.028446287166296293
5110	0.021003986686026054
5116	0.050731468163909846
5246	0.04111238924589722
5251	0.08519577099023544
5279	0.03499703007109689
5294	0.027801243220278524
5310	0.015357535837021137
5405	0.05571555660826731
5420	0.039306371290704654
5446	0.06002812101052423
5524	0.024019554661617117
5600	0.014537443884642202
5612	0.035957632737471365
5626	0.1532217623305434
5627	0.1027733899654105
5765	0.035595823808978445
6017	0.05424309161776647
6044	0.06505880100514562
6152	0.06505880100514562
6180	0.057415392690601835
6198	0.049771984376058065
6199	0.050731468163909846
6217	0.04042873997917976
6289	0.06505880100514562
6322	0.04659968330322269
6442	0.01902738478980312
6454	0.016510352148901987
6458	0.03735533739232143
6521	0.03519684094265858
6591	0.0179507149121571
6598	0.03403501923438432
6646	0.017747444506234847
6689	0.042128576061514295
6713	0.06505880100514562
6782	0.03220987376641235
6801	0.03448516774697052
7183	0.014998574791377454
7226	0.04095128194611896
7275	0.02184723359280743
7425	0.057415392690601835
7439	0.054473408475048335
7487	0.05571555660826731
7562	0.021071846021845312
7589	0.013159470537208751
7640	0.05689257433259259
7677	0.01270400903619364
7913	0.008732738032529571
8002	0.03403501923438432
8005	0.05571555660826731
8009	0.021140125541987246
8043	0.024850440988882876
8060	0.13011760201029124
8105	0.059425872055162934
8214	0.03966794818436699
8238	0.14421644488117058
8271	0.03202453986982322
8399	0.045128049928675355
8513	0.042128576061514295
8553	0.02393098304269324
8560	0.04004178423134407
8715	0.03677482929603797
8803	0.037968112102032464
8879	0.03381665353894405
8890	0.06505880100514562
8927	0.02792726867509189
8968	0.07152935154365755
9009	0.05294428544889343
9014	0.13838320906190074
9025	0.05571555660826731
9105	0.06505880100514562
9117	0.02792726867509189
9121	0.06505880100514562
9144	0.06505880100514562
9198	0.020736649780169068
9266	0.04699698406302306
9337	0.02170213798269188
9381	0.03131286667413515
9426	0.03519684094265858
9441	0.022154521849921276
9457	0.02927370821077937
9461	0.1496804892886073
9462	0.034257796655136834
9648	0.03184226948409442
9726	0.03861695260765767
9761	0.06332592595232178
9779	0.03765746881980589
9795	0.05571555660826731
9802	0.03278533166463599
9807	0.04311785356893963
9921	0.06188649993231024
9989	0.028852238796987843
10037	0.04731135649891076
10117	0.059425872055162934
10213	0.01711155928771275
10302	0.043088059849366075
10307	0.04888934485229014
10311	0.043088059849366075
10470	0.057415392690601835
10516	0.09462271299782152
10535	0.06505880100514562
10548	0.05178246374061916
10580	0.08335685509785618
10681	0.04989349642953577
10749	0.025240821836069256
10815	0.03339248173394409
10878	0.024019554661617117
10922	0.02206852076323388
11050	0.020157834905734754
11210	0.01539815137933162
11237	0.026391610919840543
11238	0.1638664131961811
11288	0.044139055426075394
11318	0.028579950709155495
11386	0.030807720006288744
11407	0.05294428544889343
11410	0.17131386399446027
11426	0.04530087713434967
11468	0.14709931718415187
11470	0.06505880100514562
11495	0.04167842754892809
11516	0.12377299986462048
11525	0.059425872055162934
11590	0.021488012666950426
11608	0.057415392690601835
11634	0.017747444506234847
11699	0.01515667222735302
11703	0.0291314209814942
11715	0.034717325948612786
11730	0.041245936537746365
11735	0.03622335902369927
11748	0.02956391199267592
11767	0.05048164367213851
11786	0.06807003846876863
11810	0.03339248173394409
11876	0.03131286667413515
11883	0.03131286667413515
11896	0.043601041052015135
11904	0.04187308478922344
12071	0.06505880100514562
12148	0.011816467486441069
12391	0.015236579151440154
12468	0.039306371290704654
12497	0.06952990824685402
12582	0.06002812101052423
12664	0.036495647111531616
12675	0.12057214926096109
12718	0.04950993520451305
12762	0.03318636157809749
12838	0.09552680845228326
12845	0.04659968330322269
12862	0.04520562078472122
12869	0.01655545285500688
12898	0.08425715212302859
12958	0.03862763852957042
12982	0.02755343262811481
13036	0.04042873997917976
