323
t_index	tf-idf
43	0.030985537679544293
105	0.015507936703692132
144	0.03863939164089231
193	0.06450778495046024
194	0.01787347264684242
323	0.014176459626627733
407	0.05080079888346496
460	0.18591322607726576
478	0.01386352468758416
546	0.04602934754958279
557	0.00949845308844385
562	0.027158610698870284
575	0.017152307049791867
621	0.02975354236738286
641	0.034812464660218305
668	0.02975354236738286
702	0.02268139314548562
756	0.023331683718196276
867	0.034812464660218305
1007	0.019010000071832643
1019	0.032815635740791674
1110	0.01933486368436614
1162	0.017501123361833227
1171	0.016317347470381265
1236	0.05362041794052727
1258	0.029185595209524264
1397	0.02874692890285196
1420	0.025926615386708853
1433	0.037406388002807725
1435	0.016415068403320063
1436	0.032573855883525966
1458	0.046523810111076404
1460	0.012394399137689022
1500	0.04126706578187431
1510	0.02086769309387342
1517	0.034812464660218305
1537	0.014111120537699503
1546	0.017501123361833227
1551	0.025926615386708853
1573	0.017746545480384464
1599	0.02975354236738286
1635	0.017152307049791867
1681	0.02676401423005903
1691	0.01726614796082994
1720	0.009907609766956213
1746	0.034812464660218305
1763	0.017501123361833227
1790	0.021328050342507232
1796	0.027158610698870284
1839	0.013269327926999802
1885	0.01827276142536084
1888	0.032573855883525966
1931	0.03863939164089231
1933	0.027158610698870284
1980	0.034812464660218305
2027	0.02874692890285196
2088	0.017746545480384464
2167	0.014046545666168416
2171	0.019504756737522267
2232	0.014729029266399586
2267	0.021573472461058472
2283	0.03711191249414719
2448	0.04666336743639255
2517	0.030985537679544293
2545	0.014111120537699503
2552	0.032573855883525966
2607	0.01299729810115842
2670	0.0376171942698011
2673	0.02789584934534209
2700	0.7727878328178461
2757	0.02268139314548562
2794	0.018235074667584592
2835	0.018003386607301743
2869	0.019861079629342516
2986	0.013158902474515973
3032	0.03863939164089231
3041	0.011850902776174255
3051	0.03863939164089231
3084	0.01827276142536084
3272	0.018393957655549117
3352	0.021093074941503948
3389	0.02183031358797575
3407	0.024478079043180438
3408	0.05080079888346496
3440	0.020048253099037038
3442	0.06343811593774515
3576	0.03863939164089231
3618	0.023688006610016524
3635	0.01704076611319941
3702	0.013919618499710457
3815	0.01510475846493758
3846	0.017501123361833227
3851	0.038020000143665286
3885	0.024920001922177953
3926	0.03863939164089231
3929	0.03863939164089231
3937	0.015343115849860929
3946	0.036156890830284956
3971	0.021573472461058472
3980	0.014729029266399586
4014	0.015942892908482168
4020	0.015507936703692132
4034	0.03863939164089231
4078	0.01603415264866851
4083	0.009442400946325796
4088	0.03574694529368484
4135	0.009907609766956213
4163	0.02650832012615963
4210	0.037406388002807725
4218	0.034812464660218305
4220	0.025926615386708853
4222	0.017746545480384464
4252	0.01612694623761506
4255	0.02903056603087994
4276	0.006065535757366339
4305	0.034812464660218305
4332	0.008520080547773758
4366	0.019170042830534938
4422	0.008962003426771267
4431	0.01465685714618226
4542	0.03863939164089231
4547	0.013919618499710457
4585	0.02874692890285196
4618	0.02540039944173248
4656	0.030985537679544293
4708	0.006344751415968569
4757	0.021573472461058472
4854	0.0184125432858141
4855	0.034812464660218305
4878	0.01933486368436614
4897	0.03863939164089231
4940	0.024920001922177953
4949	0.03270630685717674
4972	0.011162403825527594
5054	0.027832740277483777
5059	0.03863939164089231
5077	0.028222241075399005
5078	0.014242581238210077
5087	0.02024199538399407
5116	0.02540039944173248
5246	0.006861429054091955
5294	0.013919618499710457
5310	0.023067785665538746
5411	0.024068922364668077
5483	0.01813643132405525
5626	0.015343115849860929
5627	0.017152307049791867
5689	0.01576477783060941
5715	0.027469073495260447
5748	0.020048253099037038
5765	0.00891111745755459
5772	0.030985537679544293
5825	0.022996969811208946
5906	0.024478079043180438
5924	0.031355659513696524
5938	0.01704076611319941
6009	0.011556935095283848
6069	0.06899090943362683
6155	0.03863939164089231
6217	0.02024199538399407
6223	0.03863939164089231
6432	0.007148303375159065
6442	0.009526694012304658
6454	0.008266457776282422
6458	0.018703194001403863
6521	0.03524494170530037
6526	0.023362019446036254
6531	0.014377248611426951
6532	0.017622470852650184
6540	0.032573855883525966
6585	0.031856722392038475
6591	0.01797524674666596
6646	0.008885849273509444
6711	0.022099688406034847
6752	0.021328050342507232
6758	0.19319695820446153
6802	0.0223828832277476
6839	0.03863939164089231
6907	0.014111120537699503
6942	0.02975354236738286
6955	0.025926615386708853
6984	0.0184125432858141
7097	0.019504756737522267
7218	0.022099688406034847
7240	0.02874692890285196
7277	0.03302910033644607
7314	0.021093074941503948
7394	0.011435587604466889
7416	0.031355659513696524
7431	0.037406388002807725
7439	0.018182617670337183
7654	0.02975354236738286
7749	0.02874692890285196
7797	0.014585616305140096
7913	0.004372336190421124
7951	0.03863939164089231
7996	0.012657726760645367
8002	0.01704076611319941
8009	0.010584508046957014
8023	0.1104752597148846
8027	0.02650832012615963
8271	0.01603415264866851
8317	0.024478079043180438
8340	0.02086769309387342
8399	0.0045189722895906765
8412	0.06962492932043661
8453	0.034812464660218305
8486	0.015942892908482168
8504	0.017382385697856103
8513	0.042186149883007895
8523	0.030985537679544293
8635	0.03863939164089231
8760	0.016514550168223036
8965	0.03863939164089231
8968	0.035813552549806206
8993	0.030985537679544293
9014	0.013857232654274338
9143	0.0184125432858141
9198	0.010382494466704872
9204	0.034812464660218305
9337	0.010865898296476268
9381	0.015677829756848262
9391	0.006638843402305883
9394	0.0184125432858141
9438	0.022099688406034847
9457	0.01465685714618226
9461	0.07494252293824354
9618	0.01622132611836303
9679	0.02086769309387342
9698	0.02065115206250643
9731	0.03863939164089231
9736	0.030985537679544293
9761	0.1426780541919883
9779	0.018854466164811616
9802	0.016415068403320063
9872	0.024068922364668077
9939	0.020048253099037038
9954	0.04627473375226353
9986	0.027469073495260447
10012	0.023688006610016524
10022	0.02975354236738286
10034	0.034812464660218305
10213	0.008567472157015015
10217	0.01933486368436614
10223	0.03863939164089231
10337	0.049840003844355905
10349	0.017501123361833227
10358	0.013674196381159222
10369	0.03863939164089231
10378	0.040096506198074075
10400	0.020442784368793293
10414	0.02540039944173248
10421	0.011639340932197382
10432	0.0447657664554952
10476	0.03863939164089231
10478	0.01444583444468683
10568	0.02065115206250643
10654	0.02676401423005903
10729	0.0447657664554952
10744	0.012207225667994502
10794	0.014729029266399586
10806	0.01933486368436614
10833	0.021573472461058472
10894	0.010618907464012825
11026	0.021093074941503948
11045	0.034812464660218305
11050	0.01009269151903645
11089	0.017622470852650184
11097	0.03343811662033975
11099	0.018555956247073596
11168	0.03770893232962323
11225	0.032573855883525966
11237	0.013213839132525404
11268	0.02874692890285196
11410	0.07352056509395236
11441	0.025577860814890552
11468	0.0184125432858141
11519	0.012347007528447765
11631	0.032573855883525966
11644	0.013382007115029515
11659	0.0091528486040901
11667	0.021328050342507232
11669	0.03863939164089231
11674	0.020048253099037038
11689	0.032573855883525966
11699	0.015177385662812608
11703	0.014585616305140096
11715	0.017382385697856103
11738	0.02789584934534209
11752	0.018703194001403863
11780	0.021093074941503948
11812	0.015262514585140897
11833	0.03863939164089231
11860	0.1495200115330677
11904	0.020965154725414464
11917	0.02975354236738286
11925	0.04599393962241789
12150	0.015592229769671
12210	0.03863939164089231
12365	0.017501123361833227
12391	0.0076287008947135936
12423	0.01299729810115842
12428	0.019861079629342516
12472	0.11591817492267692
12485	0.01079419483960771
12514	0.09505000035916321
12577	0.015424911250754509
12582	0.03005507836827521
12610	0.012738044438228598
12631	0.05307731170799921
12636	0.012539064756600366
12664	0.05481828427608251
12675	0.04024564192099488
12718	0.012394399137689022
12738	0.03863939164089231
12749	0.020764988933409743
12790	0.019680044113117152
12794	0.03863939164089231
12822	0.027158610698870284
12858	0.11591817492267692
12862	0.022633699880979533
12958	0.00967010697356415
12960	0.034812464660218305
