281
t_index	tf-idf
167	0.035457795301854673
193	0.03311832840970766
194	0.07340999693536443
200	0.025355838866164545
224	0.18153585374425082
230	0.021119640050399215
242	0.03522401138376698
323	0.08733841584463257
440	0.051175764801909995
493	0.02152704142266962
512	0.04722662228880744
546	0.06301730557750422
643	0.0472993360774489
660	0.02047157119099616
705	0.07091559060370935
708	0.030247563377067205
924	0.035940341246013564
949	0.021389608002690432
993	0.05026823111123109
1007	0.03903897341575223
1019	0.022463417963614844
1035	0.05903474955193767
1099	0.06363196092444327
1103	0.06689373430196532
1110	0.15882445586932517
1134	0.03412235730687112
1187	0.03903897341575223
1213	0.029248592752718093
1258	0.09989265923217527
1447	0.028205271590865288
1500	0.12711919078778156
1510	0.21426967723868734
1667	0.04864573681358476
1690	0.029112805281544193
1697	0.051175764801909995
1720	0.02034628684083762
1832	0.029112805281544193
1839	0.054499835689596036
1921	0.03134312987350796
1996	0.018352017652159023
2083	0.08011001334872057
2088	0.03644434058980924
2089	0.04483077478159952
2144	0.049427986154105125
2157	0.04657855342940439
2167	0.028846013717654554
2283	0.1143196443812846
2287	0.07045243537044088
2397	0.021119640050399215
2420	0.04198134205689878
2448	0.04791399142438795
2498	0.011110408406771459
2542	0.04657855342940439
2576	0.02390257335675672
2591	0.024974689755230536
2606	0.05903474955193767
2607	0.026691276861148108
2623	0.044303325339836906
2709	0.11120182909735546
2727	0.026800824750313756
2781	0.02152704142266962
2788	0.02736502663373932
2794	0.01872379254319129
2802	0.03569650134649038
2849	0.02231423004374089
2879	0.057286970904132796
2904	0.12220386587223607
2924	0.04094314238199232
2966	0.025453162367811474
2972	0.017841205217527228
3042	0.019739825801799348
3107	0.030247563377067205
3126	0.0768178317360808
3237	0.03477042616627416
3245	0.04005500667436029
3272	0.018886933750974683
3330	0.03970611396733129
3343	0.04791399142438795
3347	0.05026823111123109
3407	0.05026823111123109
3422	0.06363196092444327
3432	0.02047157119099616
3440	0.0411711318678668
3442	0.07816598355436902
3496	0.020160918379659838
3588	0.026158873030700462
3635	0.06998990139541962
3694	0.04041497717252483
3739	0.12949831463626496
3836	0.04657855342940439
3848	0.025259343659679998
3858	0.036187469990958926
3946	0.01856296547325148
3998	0.02626337255684345
4012	0.049427986154105125
4031	0.061101932936118035
4060	0.03522401138376698
4074	0.02795878104999156
4097	0.07149094567447094
4113	0.052162310089864564
4135	0.04069257368167524
4176	0.04379932599604123
4185	0.038719568679376724
4197	0.07044802276753397
4234	0.03644434058980924
4252	0.13247331363883064
4287	0.019799032820545667
4330	0.036189540691051486
4332	0.052490562348410645
4389	0.02575024796641815
4390	0.044303325339836906
4470	0.04596553287712253
4487	0.028585355839781577
4516	0.11457394180826559
4547	0.028585355839781577
4595	0.025355838866164545
4606	0.03237457865906624
4633	0.0411711318678668
4708	0.039088781839285075
4791	0.04864573681358476
4854	0.11343610496609345
4940	0.051175764801909995
4949	0.04477715725407909
4956	0.0384089158680404
5001	0.05026823111123109
5042	0.04005500667436029
5054	0.01905245666621884
5072	0.03086058392934906
5078	0.029248592752718093
5110	0.021596387928297624
5116	0.052162310089864564
5246	0.04227193247100435
5251	0.08759865199208246
5279	0.035984094307988955
5294	0.057170711679563155
5310	0.01579068328869679
5405	0.057286970904132796
5412	0.030099350569498758
5420	0.04041497717252483
5446	0.03086058392934906
5600	0.014947461275409493
5612	0.036971790031571854
5626	0.22056056952126477
5627	0.10567203415130096
5689	0.03237457865906624
5765	0.018299888280672798
6017	0.055772976174415616
6044	0.06689373430196532
6152	0.06689373430196532
6180	0.05903474955193767
6198	0.051175764801909995
6199	0.052162310089864564
6217	0.04156900140407747
6289	0.06689373430196532
6322	0.04791399142438795
6442	0.019564037500317252
6454	0.01697601389538642
6458	0.0384089158680404
6521	0.036189540691051486
6591	0.01845700097930165
6598	0.03499495069770981
6689	0.04331678005188234
6713	0.06689373430196532
6782	0.03311832840970766
6801	0.035457795301854673
7103	0.05903474955193767
7183	0.015421598023658703
7226	0.042106281264111964
7275	0.022463417963614844
7425	0.05903474955193767
7439	0.05600978894099362
7562	0.021666161184337836
7589	0.013530623252662768
7640	0.058497185505436186
8002	0.03499495069770981
8005	0.057286970904132796
8009	0.021736366475675423
8043	0.02555132850766067
8060	0.06689373430196532
8214	0.0407867520635571
8238	0.14828395846231537
8271	0.032927767313529435
8326	0.04596553287712253
8399	0.046400851765710745
8513	0.04331678005188234
8553	0.024605937959356904
8560	0.0411711318678668
8715	0.03781203498869781
8773	0.04331678005188234
8803	0.03903897341575223
8815	0.0793499304244986
8879	0.03477042616627416
8890	0.06689373430196532
8927	0.02871493574533352
8968	0.07354678172711573
9009	0.054437538179432046
9014	0.11382896058115746
9025	0.057286970904132796
9105	0.06689373430196532
9117	0.02871493574533352
9121	0.06689373430196532
9144	0.06689373430196532
9198	0.021321510991231227
9266	0.04832249774564573
9337	0.02231423004374089
9381	0.03219602192433262
9441	0.04555874609796468
9461	0.1539021120273696
9462	0.03522401138376698
9648	0.03274035613217221
9726	0.03970611396733129
9761	0.06511198484499434
9779	0.038719568679376724
9795	0.057286970904132796
9802	0.0337100166540498
9807	0.04433395936828854
9921	0.06363196092444327
9989	0.029665993936007377
10037	0.04864573681358476
10117	0.061101932936118035
10213	0.017594177617783813
10302	0.044303325339836906
10307	0.05026823111123109
10311	0.044303325339836906
10470	0.05903474955193767
10516	0.09729147362716951
10535	0.06689373430196532
10548	0.05324294818609037
10580	0.08570787089547494
10681	0.05130070400912319
10749	0.025952719745507127
10815	0.0343342909227149
10922	0.022690946367985073
11050	0.020726371089753913
11082	0.05324294818609037
11237	0.027135965947682143
11238	0.16848813897591547
11288	0.045383963436062706
11318	0.029386026172697283
11407	0.054437538179432046
11410	0.17614563937909142
11426	0.04657855342940439
11468	0.15124813995479125
11470	0.06689373430196532
11495	0.04285393544773747
11516	0.12726392184888655
11525	0.061101932936118035
11590	0.02209406548864249
11608	0.05903474955193767
11634	0.018247997488380564
11703	0.029953050238670155
11715	0.03569650134649038
11730	0.042409246361203426
11735	0.03724501092272495
11748	0.0303977393252042
11767	0.051905439491014255
11786	0.06998990139541962
11810	0.0343342909227149
11825	0.03781203498869781
11876	0.03219602192433262
11883	0.03219602192433262
11896	0.04483077478159952
11904	0.04305408284533924
12071	0.06689373430196532
12148	0.02429948367364726
12391	0.01566631511310344
12528	0.04156900140407747
12580	0.07149094567447094
12582	0.06172116785869812
12664	0.03752497868603504
12675	0.12397279372304634
12718	0.05090632473562295
12762	0.03412235730687112
12838	0.09822106839651662
12845	0.04791399142438795
12862	0.04648061044791421
12869	0.01702238663211689
12898	0.08663356010376468
12958	0.03971710127742861
12982	0.028330555941023818
13036	0.04156900140407747
