130
t_index	tf-idf
194	0.06903017516774315
323	0.05475172679761445
336	0.16664031801636928
399	0.10013268473417748
440	0.09624498450066675
1011	0.11102518111101929
1110	0.07467429823784245
1213	0.11001419781601791
1353	0.07341962364147771
1458	0.05989410162748991
1500	0.07968996388860163
1546	0.06759210340208045
1616	0.023543218754313085
1635	0.06624491969596193
1638	0.12580537772137182
1690	0.05475172679761445
2030	0.08237230001243298
2061	0.10489084527100893
2080	0.14923143510206652
2088	0.0685399623978321
2224	0.0484278491197799
2576	0.04495297356379207
2904	0.11491288134453001
2963	0.21333645342746685
2996	0.06264932425437242
3042	0.03712419805925661
3050	0.06624491969596193
3198	0.15951602382566224
3237	0.0653918732901816
3397	0.09624498450066675
3408	0.09810035561853717
3437	0.08332015900818464
3442	0.04900160525064812
3627	0.08759912373032458
3897	0.06157397120852833
3946	0.0698218123822869
3998	0.04939286973927733
4176	0.08237230001243298
4252	0.062284814243974744
4389	0.0484278491197799
4415	0.08759912373032458
4458	0.07223469012560792
4470	0.08644623126684436
4525	0.09011064866065639
4633	0.07742952086472496
4651	0.11102518111101929
4682	0.05745449351525538
4800	0.134451238491714
4809	0.050197618692126064
4815	0.06157397120852833
4915	0.04939286973927733
4949	0.04210564143578677
5072	0.0580387305096195
5082	0.06953192340796699
5117	0.10681330656349765
5246	0.026499923034748674
5251	0.08237230001243298
5279	0.10151158304175466
5315	0.028111317619671616
5434	0.08237230001243298
5517	0.07817778417830916
5626	0.11851507490034249
5975	0.12580537772137182
6013	0.04768609376179425
6184	0.019881893264566974
6309	0.06759210340208045
6458	0.07223469012560792
6585	0.041011898292767336
6646	0.034318553757536514
6669	0.06122724297791286
6752	0.08237230001243298
7176	0.04495297356379207
7198	0.037235547222744976
7343	0.04900160525064812
7439	0.035112071044940886
7614	0.12043930953129432
7677	0.024565971562366402
8179	0.07895326295998241
8271	0.061926430743130235
8399	0.01745298492868597
8490	0.08146478789031422
8496	0.061926430743130235
8513	0.08146478789031422
8715	0.07111215114248895
9009	0.10237932034067711
9014	0.05351882179615038
9180	0.14923143510206652
9381	0.18165076631985397
9461	0.09647995455159426
9528	0.03281496602706222
9648	0.12314794241705666
9708	0.17070497624764988
9761	0.06122724297791286
9796	0.14923143510206652
9921	0.11967104188136148
9954	0.11914688842233281
10001	0.06417306634962987
10063	0.0868142580793086
10145	0.09295798078866169
10237	0.14923143510206652
10311	0.08332015900818464
10481	0.042530705006367964
10706	0.11967104188136148
10833	0.08332015900818464
10860	0.10237932034067711
10878	0.04644704636756033
11015	0.05957344421116641
11017	0.05552720557928769
11091	0.0580387305096195
11209	0.06378180186100064
11338	0.09810035561853717
11356	0.10489084527100893
11396	0.11967104188136148
11410	0.047324672967824014
11450	0.10489084527100893
11667	0.08237230001243298
11721	0.1505928560763782
11767	0.04880863274491321
12074	0.06378180186100064
12277	0.09624498450066675
12452	0.07403773406052379
12590	0.09148682396383531
12636	0.0484278491197799
12776	0.04644704636756033
12804	0.09011064866065639
12838	0.06157397120852833
12845	0.09011064866065639
12862	0.08741492480780805
12958	0.03734748089895533
13036	0.07817778417830916
