29
t_index	tf-idf
478	0.08166783035357096
1387	0.15313005318637546
1500	0.12154887748286793
1510	0.24585655637589715
2302	0.14546853544547622
2794	0.10741993958943981
2802	0.2047937675740129
3442	0.14948156135196367
3858	0.1038052475575263
3979	0.22979887153145284
4422	0.10558748831617924
5626	0.18076773555917128
5688	0.12551643137181373
6752	0.25128033979760284
7913	0.05151348135411518
8968	0.14064798093833794
9461	0.147158181571491
9761	0.1867764092788249
10053	0.2748865141730228
10878	0.141688766637255
11238	0.3222101090289261
11703	0.17184311563671079
11812	0.17981811696479838
12582	0.1770497111489837
12675	0.11854035430895615
12718	0.14602688838831243
12862	0.13333154474120845
12873	0.19821769582794532
12896	0.38377486190649795
