216
t_index	tf-idf
73	0.022220206708498537
105	0.030870551232907356
111	0.02961313113359016
172	0.07691670027093621
232	0.04069400296493752
245	0.13859741555189425
376	0.02086692431826376
413	0.012821745851999517
423	0.03370420658741147
478	0.0551942733987108
556	0.026867589553509104
708	0.029320035364287168
710	0.024578313399312053
732	0.2861223767030711
745	0.030542454032766196
1054	0.03917566995970638
1187	0.07568372148634897
1281	0.05922826947017998
1319	0.03693802785927625
1387	0.0258728007850106
1460	0.024672652519276597
1537	0.028090008221988143
1660	0.032102769670198004
1690	0.028220074118619654
1733	0.042944783668240255
1839	0.026414311292563546
1921	0.03038200680374285
1996	0.01778926123270089
2018	0.07691670027093621
2078	0.016145841683286755
2088	0.035326791173251174
2158	0.035579456093791845
2171	0.11648021338797236
2224	0.02496062812077487
2372	0.03693802785927625
2386	0.017149815943330437
2393	0.06920376817221187
2485	0.041988490350636065
2498	0.021539425396836575
2500	0.05406272278596896
2508	0.0315576774647173
2580	0.03693802785927625
2794	0.01814963581285251
2869	0.079072089079716
2874	0.038160446527755285
2945	0.15383340054187242
2996	0.03229064501426568
3003	0.04715403703484708
3068	0.07691670027093621
3107	0.058640070728574335
3251	0.11169337088573773
3256	0.03693802785927625
3272	0.03661554873681991
3442	0.07576905860245209
3496	0.05862807848346906
3548	0.04960648284562514
3675	0.05722447534061423
3702	0.02770879867826209
3727	0.05922626226718032
3771	0.027220254249097582
3776	0.13197685344060542
3866	0.02961313113359016
3946	0.017993740433135907
3972	0.05056277616322934
4008	0.022764014308753765
4012	0.04791229904894163
4013	0.04896955435041784
4252	0.06420553934039601
4333	0.05406272278596896
4389	0.02496062812077487
4422	0.017840025479970264
4423	0.028756299490223642
4449	0.03637429198521273
4466	0.03349079327999968
4516	0.05553029154393072
4547	0.02770879867826209
4598	0.05276823540027041
4666	0.03753225041029225
4682	0.02961313113359016
4708	0.012630047271219993
4788	0.10812544557193791
4854	0.14661018333857978
4972	0.022220206708498537
5078	0.02835169772767586
5082	0.035838066613608735
5117	0.0825803934701128
5119	0.061680715280958046
5195	0.27031361392984476
5213	0.024863795423943354
5246	0.013658560851288202
5250	0.0830796773388475
5265	0.05922826947017998
5429	0.024300059549879835
5524	0.023939684969728217
5599	0.061680715280958046
5600	0.014489104055687173
5626	0.030542454032766196
5627	0.17071941408462613
5629	0.07691670027093621
5765	0.01773873038509374
5810	0.022843945133751185
6030	0.12968493567120662
6177	0.10553647080054082
6199	0.05056277616322934
6432	0.01422962124411269
6585	0.021138306995234564
6590	0.15383340054187242
6606	0.026303853679445585
6644	0.05276823540027041
6669	0.09467303239415191
6670	0.04369522747820355
6685	0.03414388281692522
6849	0.012693576002986625
7015	0.026414311292563546
7016	0.06929870777594713
7031	0.04515024290528133
7183	0.014948701612451527
7198	0.01919190432764595
7225	0.048726778269977844
7237	0.025978989437113898
7308	0.045778439022744366
7331	0.02525635286748403
7343	0.05051270573496806
7416	0.03120874530100171
7434	0.08691211821719563
7439	0.018097424598298575
7560	0.07691670027093621
7570	0.06929870777594713
7589	0.02623142547539539
7619	0.024767808438319522
7664	0.0317363877436306
7677	0.0379852972043297
7717	0.01890789782694706
7911	0.023590752806012624
8043	0.024767808438319522
8193	0.03882673779599079
8271	0.06383610408973783
8289	0.03917566995970638
8320	0.20644110790076356
8399	0.09895157884411095
8502	0.038160446527755285
8560	0.03990863750925477
8715	0.036652545834644945
8742	0.08491247847815148
8743	0.13197685344060542
8766	0.045778439022744366
8879	0.03370420658741147
8893	0.025978989437113898
8938	0.10610356128774456
9014	0.02758461159428428
9051	0.029320035364287168
9117	0.02783440507392186
9123	0.12968493567120662
9181	0.07691670027093621
9200	0.05276823540027041
9211	0.07730288492352477
9215	0.026303853679445585
9368	0.02946560623409086
9381	0.09362623590300513
9383	0.04069400296493752
9441	0.02208085375494503
9443	0.030223868248185404
9485	0.033921846174434674
9618	0.03229064501426568
9624	0.15383340054187242
9761	0.09467303239415191
9787	0.017840025479970264
9986	0.02734036954297236
10098	0.13859741555189425
10161	0.030223868248185404
10167	0.0332814452361793
10207	0.018522228782249274
10212	0.036652545834644945
10276	0.036652545834644945
10284	0.03848854372789644
10302	0.042944783668240255
10311	0.12883435100472077
10342	0.035579456093791845
10371	0.12968493567120662
10417	0.05056277616322934
10516	0.04715403703484708
10678	0.033921846174434674
10711	0.06484246783560331
10717	0.03753225041029225
10744	0.024300059549879835
10749	0.02515689119324635
10859	0.03414388281692522
10894	0.021138306995234564
10922	0.021995138638601076
11080	0.026752505360657892
11209	0.03287434536247311
11210	0.015346949530519198
11256	0.06484246783560331
11450	0.27031361392984476
11453	0.048726778269977844
11590	0.06424968253400036
11620	0.030223868248185404
11654	0.07691670027093621
11659	0.009109963728841427
11703	0.029034553339655867
11782	0.03437049785564698
11834	0.05406272278596896
11841	0.01338378553962645
11937	0.032102769670198004
12148	0.023554350866669262
12340	0.15383340054187242
12391	0.030371829123433777
12423	0.1034912031400424
12509	0.03229064501426568
12528	0.0805886131079051
12676	0.02349581320227737
12677	0.06207669493844325
12839	0.025663452741190213
12869	0.03300080550730487
12880	0.031918052044868916
12958	0.019249597058520026
