180
t_index	tf-idf
6	0.045103544753361695
76	0.09452203031535653
129	0.03271789451510993
157	0.03745215721804566
278	0.22854278697540004
342	0.03693666392777488
498	0.04145491101258731
561	0.06817638315376406
642	0.10160577962244463
656	0.04879456743642315
659	0.06699168289398424
715	0.04998851679323901
1036	0.06949397337016698
1040	0.01918951883428924
1074	0.164620466499349
1428	0.03139165993857088
1435	0.0431649089658539
1460	0.03259219500764289
1554	0.07008058735869054
1660	0.04240726563789885
1720	0.052105914291940746
1813	0.0431649089658539
1839	0.03489289949539063
1862	0.02520097818773309
1890	0.050409363721213525
2063	0.020273084601679495
2082	0.05271869715567574
2277	0.06135277532637896
2287	0.03007091324809973
2304	0.04602078883575766
2316	0.048417450066870336
2353	0.06436732565452827
2386	0.04530928688218701
2397	0.02704321832654937
2413	0.11622626415949529
2581	0.19177099496426958
2583	0.06807728241116218
2591	0.06395904343793668
2593	0.06329141111388674
2670	0.0329726063539358
2788	0.07008058735869054
2794	0.023975390131564665
2798	0.04100118025986412
2818	0.026789249125766565
2823	0.045402899738721025
2899	0.039516275225079514
2900	0.025582055247047167
2954	0.09154252854842823
3031	0.04957952629909594
3084	0.04804988100573122
3335	0.045402899738721025
3465	0.03745215721804566
3494	0.038731316362406724
3533	0.037788446362763656
3536	0.03798662993171479
3756	0.08848164701299084
3883	0.10168555016609712
4287	0.050704421660861795
4354	0.07559265296077029
4487	0.036602897448657225
4595	0.03246757447921241
4697	0.08200236051972824
4706	0.04192328074050563
4708	0.050052295345756274
4899	0.1525283252491457
5099	0.09154252854842823
5117	0.036362477114867175
5232	0.029758681807422086
5310	0.040439220998328515
5315	0.019139883905876516
5495	0.05430407458051184
5560	0.05175045828105572
5623	0.0353396486647046
5631	0.04570855739508001
5715	0.0361162082199868
5856	0.027832922475232606
5873	0.058113132079747644
6252	0.04570855739508001
6260	0.3088606140977107
6318	0.08565590403478672
6407	0.03234401456388243
6432	0.03759422219485112
6442	0.025051304672206183
6460	0.040779524009032134
6526	0.030716272935015717
6531	0.037806277271812926
6625	0.05430407458051184
6671	0.030716272935015717
6759	0.04734153552622882
6807	0.024829648421374213
6969	0.038731316362406724
7018	0.06329141111388674
7019	0.039118491371724226
7028	0.12270555065275791
7039	0.05391613467024743
7202	0.4269712998246449
7226	0.026958067335123716
7439	0.02390641991909974
7589	0.034651310140025635
7614	0.04100118025986412
7677	0.01672599805175014
7912	0.015989706071953953
7913	0.022994907969980067
7996	0.016642319419984963
8437	0.05375615285947086
8565	0.030826678048211084
8576	0.0403461126471971
8620	0.03564530632106359
8676	0.03323186685808272
8721	0.0708986147328995
8794	0.05038257882110841
8797	0.02330000312800949
8798	0.03210000541807329
8800	0.039118491371724226
8833	0.04804988100573122
8980	0.045402899738721025
9002	0.039719330317159754
9045	0.023769454729501822
9210	0.05128952425236253
9251	0.18283422958032003
9315	0.04957952629909594
9356	0.07141602640039538
9362	0.07823963422778048
9449	0.03210000541807329
9471	0.037278284452212394
9481	0.0431649089658539
9485	0.04481023775909991
9499	0.029252769908305658
9662	0.0814792774744118
9697	0.12722179691369656
9754	0.08565590403478672
9781	0.02497704260532885
9806	0.15581511052164843
9807	0.08515293865917471
9904	0.08848164701299084
9909	0.05546615081273745
9999	0.07559265296077029
10094	0.056396359073237
10103	0.01813492846260208
10164	0.03139165993857088
10177	0.04570855739508001
10193	0.09154252854842823
10217	0.05084277508304856
10514	0.05964277737311236
10556	0.03139165993857088
10568	0.05430407458051184
10714	0.035800582693397795
10744	0.03210000541807329
11054	0.05084277508304856
11165	0.03564530632106359
11186	0.07383397642149937
11210	0.04054616920335899
11232	0.050409363721213525
11263	0.06047261479522995
11503	0.03549167311577541
11613	0.06135277532637896
11659	0.012034122157355252
11699	0.019955155055657814
11802	0.04633988305246463
11841	0.035359550247560156
11843	0.11288441275156935
11849	0.15667952269831842
11868	0.06228975864012255
11876	0.04122627317834611
11932	0.07335466218790318
11937	0.04240726563789885
12148	0.015557467850794251
12244	0.08565590403478672
12417	0.0362766319784482
12425	0.05972402929041234
12504	0.03816925123798737
12518	0.03504029367934527
12568	0.03489289949539063
12626	0.02390641991909974
12676	0.03103760834606149
12682	0.06329141111388674
12716	0.05546615081273745
12718	0.03259219500764289
12811	0.04879456743642315
13002	0.15525019707066684
