126
t_index	tf-idf
208	0.03752288784890135
643	0.09397013333993495
778	0.03282529850776221
813	0.1576454166353462
960	0.07292224133130448
1036	0.10782266940221959
1040	0.029773303279640395
1124	0.07512160348137094
1134	0.06779127852342837
1279	0.03282529850776221
1376	0.12641834640047597
1422	0.1576454166353462
1751	0.09664504312083555
1976	0.07292224133130448
2078	0.03309187640817004
2219	0.10363145957138732
2224	0.051158312898484395
2283	0.07570671611044077
2498	0.022073175778533235
2585	0.07512160348137094
2709	0.04418518979130142
2806	0.058657945976035915
2899	0.06131107595338567
2900	0.039691578301893495
2943	0.1576454166353462
2972	0.03544532698072072
2996	0.06618162465065427
3272	0.03752288784890135
3310	0.0817951597680894
3323	0.1576454166353462
3432	0.040671105221137725
3437	0.08801792445395219
3452	0.07455130543335774
3465	0.11621702919795464
3467	0.10167147873564837
3619	0.07888459190655975
3755	0.06952486981854493
3771	0.05578955294368624
3917	0.09016484055079287
3946	0.03687925635678675
4078	0.06541797288596529
4135	0.040422201366112624
4150	0.09664504312083555
4287	0.039334965528944735
4307	0.05506674537819282
4415	0.18507629237651188
4487	0.05679085421908193
4540	0.1420318815179111
4708	0.02588604369639008
4785	0.1420318815179111
5078	0.05810851459897732
5268	0.1576454166353462
5279	0.0714900127710396
5310	0.03137153155253235
5429	0.04980443776853017
5563	0.09382567202227286
5573	0.13159312560159886
5984	0.13815760871489058
5995	0.1069305384800203
6260	0.15973651752426757
6432	0.02916446703628222
6526	0.09531504334337898
6531	0.11731589195207183
6557	0.04389453324650068
6591	0.0366687354816214
6671	0.04765752167168949
6700	0.0951912761656057
6748	0.20726291914277464
7039	0.041826515898220756
7198	0.07866993105788947
7202	0.09463756983441003
7226	0.041826515898220756
7362	0.032301424438434256
7589	0.02688144436410706
7593	0.07091864853676375
7614	0.1272299305930309
7675	0.1420318815179111
7677	0.07785315780189177
7807	0.09819914685526031
7865	0.10815168130569106
8022	0.10167147873564837
8076	0.06907880435744529
8099	0.1576454166353462
8576	0.0625986017874026
8577	0.11381268197269546
8623	0.035247732997164084
8656	0.055305113419328616
8721	0.027500506614802554
8794	0.015634115812959707
9048	0.07821213690483773
9051	0.06009318099300564
9229	0.08701662317855649
9550	0.08103150800340043
9779	0.07692461107082081
9781	0.03875287707517443
9869	0.11728501385308351
9887	0.09986847114619851
9904	0.1372828018226565
10182	0.13995989462008937
10184	0.05730870621386936
10368	0.12641834640047597
10556	0.04870541152560517
10894	0.04332423519848748
10989	0.12139191078566312
11015	0.06293232003464014
11149	0.061945641005577236
11156	0.09016484055079287
11186	0.03818545236981257
11318	0.05838155515032165
11373	0.08513840493598004
11393	0.07292224133130448
11620	0.061945641005577236
11634	0.03625350584968308
11659	0.018671420153326068
11714	0.07399509026775679
11803	0.08906581430786788
12102	0.12139191078566312
12257	0.07240438933651706
12391	0.031124447872021163
12518	0.054366412192609556
12532	0.040422201366112624
12568	0.05413772424173217
12690	0.13289854897051864
12752	0.1576454166353462
12862	0.04617178087193618
13002	0.09635074733295383
