263
t_index	tf-idf
58	0.056875798472535516
81	0.023193946231225407
113	0.07644803587525961
160	0.04842987907889547
212	0.028998591679276788
230	0.020347276823156596
316	0.07644803587525961
478	0.027428983419923902
499	0.03416107352322138
521	0.04372423323323306
546	0.03035635451586902
554	0.018961178111583304
557	0.01879268931595573
659	0.02520222076073719
959	0.04686672077982309
1036	0.13071790278707962
1039	0.04549950448207844
1040	0.014438165129227102
1279	0.01591818938664192
1300	0.040858304095790755
1319	0.0734259184026465
1325	0.19371951631558187
1327	0.05886738319944248
1413	0.04428453418442796
1636	0.021356314354327555
1646	0.09146158376233726
1670	0.0688764608921549
1746	0.0688764608921549
1806	0.028048125192883574
1845	0.022160411103601996
1862	0.018961178111583304
1921	0.03019688491463474
1948	0.04487513605291613
1998	0.029581315095436524
2033	0.056875798472535516
2109	0.07585585899794746
2165	0.06444737345564024
2218	0.028718487263384766
2226	0.03209389352104885
2255	0.03893696703014469
2265	0.04616173594284077
2271	0.033935839282165155
2286	0.041732648506326096
2363	0.07683186744982758
2392	0.05886738319944248
2403	0.04487513605291613
2419	0.07644803587525961
2531	0.03859016095973606
2547	0.0688764608921549
2581	0.028857641676171376
2591	0.09624537630555369
2593	0.047620362595607674
2816	0.025820695759122696
2835	0.03561970017598829
2845	0.022236533179459877
2848	0.048122688152776844
2869	0.03929514579671838
2889	0.07644803587525961
2900	0.03849579983651094
2911	0.026703881508610826
2948	0.08574324980107088
2966	0.02452231853794414
3003	0.04686672077982309
3041	0.023447010993526637
3141	0.05244671103602084
3189	0.04616173594284077
3219	0.09099900896415689
3237	0.03349884206245905
3245	0.03859016095973606
3280	0.07644803587525961
3333	0.0613048859090502
3350	0.031543013418803424
3432	0.019722908393994282
3437	0.04268311499271931
3496	0.03884723284119137
3533	0.04264795537141965
3640	0.04842987907889547
3747	0.03792792949897373
3755	0.03371515554052064
3883	0.07650805511240925
3946	0.017884102013178315
4009	0.07644803587525961
4049	0.07644803587525961
4083	0.01868179015348053
4099	0.04758763412787053
4287	0.019074965324647693
4307	0.05340776301722165
4332	0.03371395851310397
4373	0.06444737345564024
4380	0.03035635451586902
4389	0.024808539463139732
4391	0.036152658250128346
4405	0.03101858597663135
4422	0.017731323667087316
4605	0.04219754733425412
4726	0.05886738319944248
4899	0.03825402755620463
4949	0.04313961847022766
5117	0.013679536564358039
5210	0.026703881508610826
5232	0.022390387464845504
5421	0.05519193757871239
5483	0.035882929146410836
5516	0.04004878761250296
5564	0.07644803587525961
5580	0.07644803587525961
5600	0.014400819883690267
5610	0.07644803587525961
5620	0.06444737345564024
5623	0.05317899708023334
5631	0.03439104988446489
5655	0.0688764608921549
5696	0.07644803587525961
5718	0.051295808216337765
5729	0.058572136208011924
5730	0.0613048859090502
5733	0.05025468997582402
5743	0.05886738319944248
5883	0.15289607175051922
5995	0.025927267079354336
6013	0.024428554239656695
6016	0.04616173594284077
6058	0.0986084469788616
6109	0.12889474691128047
6153	0.06273078409407995
6252	0.10317314965339468
6260	0.38731043638684043
6407	0.07300676383521593
6417	0.059463972173413406
6432	0.05657167255118614
6448	0.0688764608921549
6454	0.016355186606348018
6460	0.061364905146199834
6472	0.05025468997582402
6511	0.03966546850415356
6591	0.03556402546207451
6606	0.026143580557415922
6652	0.04219754733425412
6849	0.012616232238817603
6883	0.031907162928176684
6955	0.051295808216337765
7027	0.03035635451586902
7202	0.20651950559162632
7290	0.07644803587525961
7303	0.0688764608921549
7439	0.017987154415974215
7589	0.05214318733743094
7593	0.06878209976892978
7635	0.0493042234894308
7639	0.031190612739473607
7663	0.04686672077982309
7677	0.012584615795096564
7717	0.01879268931595573
7794	0.03019688491463474
7881	0.07644803587525961
7891	0.04616173594284077
7911	0.023447010993526637
7913	0.008650667097725844
7996	0.012521656118324752
8011	0.04219754733425412
8014	0.03561970017598829
8015	0.11618837776452351
8021	0.0613048859090502
8110	0.043191275159093
8118	0.0613048859090502
8134	0.04842987907889547
8251	0.041732648506326096
8263	0.051295808216337765
8411	0.047620362595607674
8451	0.0688764608921549
8620	0.053638949802720354
8623	0.08546458292922554
8630	0.03101858597663135
8656	0.026819474901360177
8676	0.02500360667679343
8698	0.07644803587525961
8728	0.036429216659276085
8794	0.02274466594823528
8797	0.01753088733379746
8817	0.03893696703014469
8829	0.04428453418442796
8833	0.036152658250128346
8869	0.03825402755620463
8879	0.03349884206245905
8892	0.04372423323323306
9045	0.017884102013178315
9099	0.0688764608921549
9100	0.06444737345564024
9125	0.023619037756368894
9151	0.035362665406854385
9178	0.0688764608921549
9241	0.02327765141997363
9310	0.05244671103602084
9328	0.09923415785255893
9336	0.03101858597663135
9349	0.07644803587525961
9362	0.05886738319944248
9389	0.04842987907889547
9391	0.01313495158791766
9448	0.030849226403078342
9468	0.02625336513658524
9506	0.0688764608921549
9549	0.04686672077982309
9781	0.03758537863191146
9787	0.03546264733417463
10001	0.06574894726659349
10018	0.0688764608921549
10100	0.04428453418442796
10110	0.02302843588788073
10133	0.0613048859090502
10164	0.023619037756368894
10167	0.033078656656275136
10182	0.06787167856433031
10184	0.05558218084749936
10185	0.059463972173413406
10187	0.07644803587525961
10211	0.0688764608921549
10258	0.04004878761250296
10280	0.04842987907889547
10503	0.051295808216337765
10556	0.023619037756368894
10676	0.04616173594284077
10688	0.026819474901360177
10744	0.02415199583050896
10760	0.06273078409407995
10789	0.04219754733425412
10949	0.04686672077982309
11210	0.04576031515206275
11318	0.028311354163306126
11393	0.035362665406854385
11438	0.020347276823156596
11538	0.03966546850415356
11550	0.15289607175051922
11659	0.009054455424005497
11681	0.11375159694507103
11779	0.034866058360203706
11803	0.043191275159093
11841	0.013302236230572636
11843	0.028311354163306126
11849	0.11788543739015515
11903	0.12889474691128047
12046	0.07644803587525961
12051	0.053733310925945486
12074	0.03267403730000688
12076	0.05025468997582402
12150	0.030849226403078342
12178	0.0688764608921549
12425	0.022468134936685827
12518	0.10545705719624177
12532	0.01960220579924353
12535	0.030849226403078342
12545	0.05886738319944248
12577	0.030518186715507635
12593	0.0613048859090502
12718	0.02452231853794414
12776	0.023793817063935265
12840	0.022236533179459877
12842	0.035882929146410836
12910	0.033935839282165155
13001	0.058572136208011924
13002	0.14017201792341
13037	0.04372423323323306
13038	0.07644803587525961
