43
t_index	tf-idf
763	0.141724914377998
778	0.058460601660315345
926	0.1369997913232234
949	0.0756819337818437
1019	0.07948134957042399
1073	0.28076045990302584
1258	0.07068918346096706
1334	0.1485407843483389
2232	0.10702365785653392
2576	0.08457345145241486
2986	0.09561484675794578
3205	0.22416011188654333
3672	0.12894944923226137
4065	0.2366872347181302
4222	0.12894944923226137
4931	0.28076045990302584
6184	0.03740531941467201
6292	0.23999511914752378
6449	0.0893740536986129
6454	0.06006550280625485
6953	0.11329582105566985
7183	0.054565579710013606
7277	0.11999755957376189
7405	0.10547054086443151
7807	0.17488892618389007
7808	0.25974344767275664
7843	0.1254587982981079
7898	0.10755501898110899
7927	0.12987172383637832
8009	0.07690885443356589
8457	0.19733913258800914
8591	0.17786192892418043
8783	0.08611069616798687
9267	0.2509175965962158
9807	0.15686494940794274
10050	0.09765168919310235
10213	0.06225272502645323
10749	0.09182739660264752
11114	0.15862281010399998
11122	0.22909916983820866
11133	0.2366872347181302
11186	0.06800683075837602
11410	0.0890355100995914
