26
t_index	tf-idf
1500	0.1208913706080035
1547	0.38169886897814503
1917	0.11130241423873265
2498	0.0633965253547722
2891	0.17345096429430515
3937	0.17978989000974954
4310	0.09106087374909054
6524	0.28203846903991786
7202	0.27180923831341325
7226	0.12013023419231512
7677	0.07453420299306965
8113	0.11863430976369409
8279	0.19008071549294867
8617	0.10622562644636213
8721	0.0789844009021099
8794	0.0449028553698043
8824	0.14468163749863716
8930	0.13786524947501724
9336	0.18371205139540653
9402	0.38169886897814503
9471	0.3322381375386874
10806	0.2265649982169168
11721	0.152301711001705
11876	0.18371205139540653
12470	0.2285557968030226
13002	0.13836483380396375
