214
t_index	tf-idf
4	0.04250586184475633
129	0.02827680018951859
165	0.17562782514365433
212	0.03330994400673971
242	0.077962469268358
342	0.09576875416638464
412	0.05386596921380294
472	0.07954794584179402
478	0.015753487479400297
538	0.05772628297556379
556	0.03067406885314723
557	0.02158668378705737
660	0.06796560828057331
710	0.02806045834529514
778	0.018284818898175695
878	0.047425016261948685
908	0.0697391432215618
949	0.047342326755563276
998	0.032988195195190646
1028	0.07402905716703957
1036	0.1501523270741353
1134	0.03776207093390355
1213	0.03236843880134245
1270	0.08781391257182716
1272	0.08781391257182716
1279	0.03656963779635139
1318	0.08781391257182716
1358	0.07402905716703957
1376	0.07041936172470555
1504	0.06339757360300309
1584	0.04472590275800373
1616	0.013853797974512822
1636	0.07359436380919349
1669	0.02421175536945577
1862	0.02178022257715414
1926	0.04472590275800373
2078	0.036866623892612506
2204	0.0270313970025478
2232	0.03347396616096484
2348	0.04600302275588145
2372	0.042171241584525655
2380	0.07041936172470555
2397	0.04674479775880496
2449	0.053834609012100326
2498	0.07377310305756483
2581	0.033148038326521925
2596	0.05154692633869115
2607	0.0295383428841879
2849	0.024694411648327332
2891	0.06728032171432219
2971	0.08781391257182716
3080	0.03468639293967023
3083	0.033640160857161094
3085	0.029905613478019573
3219	0.05226412245790253
3256	0.042171241584525655
3324	0.06172208630114472
3403	0.034133132904406956
3432	0.0226552027601911
3465	0.0647368776026849
3533	0.08164770098353456
3581	0.028168163007657
3609	0.03872774083838788
3756	0.03823561830774871
3839	0.022176492861639162
3848	0.027953670329470767
3917	0.1004498271395326
3938	0.04645934635746437
3987	0.038981234634179
4008	0.10395647006443764
4087	0.03582786279342788
4099	0.027331351910882106
4197	0.038981234634179
4276	0.0137848554047876
4287	0.04382185410394126
4308	0.04091544277465467
4353	0.06339757360300309
4405	0.03563026003046228
4708	0.07209707793926513
5064	0.03776207093390355
5072	0.03415237549156952
5117	0.031426670787088294
5232	0.025719268059358768
5246	0.015593644348069022
5403	0.06761946441688792
5524	0.027331351910882106
5560	0.04472590275800373
5600	0.033083710359608054
5631	0.03950412346414636
5671	0.03977397292089701
5729	0.033640160857161094
5761	0.049029007552002984
5765	0.040503747916508896
5801	0.08781391257182716
5810	0.026080372581048405
5849	0.043566847034341716
5957	0.08781391257182716
6058	0.056634506319917934
6161	0.06901170004900606
6260	0.1779574552027808
6382	0.07402905716703957
6432	0.032491220020078926
6442	0.0216508655951435
6501	0.03080684804058555
6531	0.032674490952676764
6807	0.04291859348485556
6834	0.03163445670488135
6849	0.02898388956946198
6910	0.05772628297556379
7039	0.02329880619851127
7170	0.05892218899332711
7183	0.034133132904406956
7202	0.3690146420095808
7205	0.07911663714826636
7208	0.06024420176225196
7226	0.13979283719106764
7227	0.04320312544806384
7335	0.06761946441688792
7341	0.06270461260464788
7357	0.04847124834445782
7405	0.09896458558557196
7439	0.020661386355008828
7589	0.014973887954220824
7593	0.07900824692829272
7745	0.07911663714826636
7911	0.02693298460690147
7913	0.019873602127520956
7936	0.14805811433407914
8076	0.03847926705311493
8279	0.11059631529365344
8296	0.06761946441688792
8311	0.06024420176225196
8399	0.010270053970846143
8402	0.03041265281182966
8551	0.018684773591129644
8553	0.02723056810700945
8617	0.02060205992712174
8619	0.05470029817944226
8676	0.028721006439968735
8678	0.03468639293967023
8721	0.015318726894161838
8794	0.04354369788982636
8824	0.02806045834529514
8852	0.07041936172470555
8861	0.056634506319917934
8891	0.11784437798665422
8957	0.04842351073891154
9051	0.03347396616096484
9098	0.07402905716703957
9125	0.027130587369867065
9198	0.023595802694052103
9229	0.04847124834445782
9251	0.03950412346414636
9317	0.03977397292089701
9328	0.05699387539545412
9336	0.07126052006092456
9391	0.04526335348596685
9402	0.07402905716703957
9406	0.032988195195190646
9441	0.01260458492315692
9468	0.030156572165988594
9471	0.032218167351093854
9507	0.05226412245790253
9586	0.06172208630114472
9806	0.02693298460690147
9807	0.04906290920612899
9849	0.04091544277465467
9904	0.03823561830774871
10107	0.0310766974973362
10174	0.037305747332320637
10177	0.07900824692829272
10182	0.038981234634179
10184	0.0638458361109231
10185	0.3415237549156952
10356	0.05154692633869115
10398	0.15823327429653272
10556	0.027130587369867065
10667	0.05470029817944226
10678	0.03872774083838788
10681	0.028386386179738057
10909	0.14227504878584607
10919	0.07911663714826636
10953	0.05252979640505026
10995	0.07402905716703957
11018	0.03977397292089701
11040	0.05154692633869115
11050	0.022937181281320537
11130	0.06024420176225196
11142	0.046932893731309516
11210	0.052563709034713635
11474	0.028721006439968735
11507	0.07041936172470555
11667	0.04847124834445782
11777	0.03415237549156952
11817	0.03450585002450303
11904	0.023823256344491707
12144	0.03665094575303158
12148	0.013445712702221852
12257	0.04033173212844217
12275	0.0310766974973362
12359	0.1408387234494111
12437	0.036232656482246973
12469	0.029299335350682555
12485	0.04906290920612899
12506	0.07041936172470555
12518	0.030283959210618182
12532	0.02251655476248544
12544	0.08781391257182716
12676	0.013412297193463926
12736	0.04847124834445782
12862	0.025719268059358768
13001	0.13456064342864438
13002	0.10734135229693904
13037	0.0502249135697663
