219
t_index	tf-idf
12	0.22125439567347352
53	0.04288339918497422
76	0.025383969404863062
81	0.04967117928923017
160	0.10371539119311224
200	0.026157581925000527
208	0.03896826443099324
273	0.048051351552935564
432	0.07375146522449116
478	0.0293703783648976
556	0.05718790898751205
557	0.04024563267646758
579	0.03267823225974802
598	0.08185894841726767
643	0.12198731276201251
659	0.08095802327557595
680	0.06564398203171465
738	0.10985294444071257
742	0.014912315266399925
761	0.04096160787682835
920	0.04468644200316035
938	0.08185894841726767
1036	0.027993996023444913
1507	0.06564398203171465
1636	0.022867892092955817
1763	0.0370767626942757
1786	0.030173423374334964
1845	0.02372890197460604
1862	0.02030323059573898
2216	0.050183898577354995
2217	0.029357048464806645
2255	0.04169288509709068
2269	0.05909836557052724
2347	0.024835589644615085
2498	0.01146171576709897
2509	0.020486471300979518
2514	0.05909836557052724
2581	0.061800311136003636
2587	0.035201294717157765
2591	0.02576438100794463
2620	0.04624830873474944
2695	0.04247294914844318
2718	0.07375146522449116
2759	0.06564398203171465
2818	0.021582825017161123
2900	0.061830738821863324
2906	0.02948921513427662
2911	0.028593954493756023
2948	0.03060402264202676
2963	0.07801527752155664
2977	0.08338577019418136
3044	0.07375146522449116
3080	0.032334189051274415
3100	0.0893728840063207
3314	0.0266684327994212
3403	0.06363689497279061
3533	0.015222177779022933
3640	0.05185769559655612
3692	0.05909836557052724
3747	0.04061242893795552
3756	0.0712854584220062
3858	0.018665852783323635
3923	0.026359252882917343
3946	0.019149920170279913
3979	0.04132153245338512
3998	0.027093811524381256
4013	0.026058035572686482
4021	0.03931146430511438
4072	0.031203981112337874
4077	0.49115369050360597
4135	0.06296888867111755
4234	0.03759669832705313
4247	0.018986328331604747
4287	0.020425071549507644
4310	0.016463265874195006
4367	0.08185894841726767
4389	0.026564462107758608
4390	0.04570418151982964
4431	0.031051081865865717
4991	0.04942901564616163
5117	0.014647759947960975
5246	0.014536185564920666
5279	0.07424379842657879
5411	0.05099088237775072
5419	0.033968932191801984
5567	0.05279392519593685
5612	0.038140825541972935
5613	0.04207641538457849
5671	0.0370767626942757
5703	0.08185894841726767
5712	0.02547791871153767
5729	0.03135890557322014
5765	0.018878524565748806
5766	0.04871991213073203
5778	0.05172289799805095
5810	0.024311772602876768
5856	0.02242366304031178
5871	0.06564398203171465
5899	0.06997334341694256
5989	0.05381166471260614
6006	0.08185894841726767
6034	0.11887017843563383
6087	0.027877610726905935
6178	0.04169288509709068
6184	0.010905952047359705
6252	0.18412606329753728
6260	0.05529651554927692
6267	0.08185894841726767
6417	0.0636727703347651
6430	0.02118403778526205
6432	0.030287878375334237
6433	0.04061242893795552
6449	0.026058035572686482
6460	0.03285412468405184
6526	0.024746641491275336
6563	0.030173423374334964
6646	0.018824993004134868
6649	0.05909836557052724
6807	0.020004067848274045
7027	0.06500989149035802
7072	0.03962339281187794
7183	0.06363689497279061
7202	0.19656599253577212
7226	0.0434376676526706
7247	0.07375146522449116
7331	0.026879188515694773
7357	0.0903684917741044
7362	0.06709134190755034
7381	0.03931146430511438
7439	0.019260266515063833
7498	0.0356427292110031
7589	0.0279169139775639
7640	0.030173423374334964
7677	0.026950683648769232
7729	0.06900889158148987
7892	0.03267823225974802
7897	0.0266684327994212
7912	0.012882146364262678
8015	0.020735345068536377
8107	0.04624830873474944
8113	0.021448379562257504
8288	0.033968932191801984
8290	0.03842268558540046
8312	0.02405840618083935
8361	0.0266684327994212
8388	0.05381166471260614
8417	0.03786559811896486
8551	0.017417694677179348
8617	0.03840992643356547
8623	0.09151367730260879
8721	0.028559822422710508
8794	0.016236339846695053
8797	0.018771705322918265
8836	0.16724745669296845
8854	0.04169288509709068
8864	0.04096160787682835
8922	0.04570418151982964
8930	0.04985043879928949
8957	0.04513974553311591
8961	0.04061242893795552
9095	0.03183638516738255
9215	0.027993996023444913
9242	0.023810411891894603
9309	0.06833103753092598
9336	0.09964214778182587
9374	0.1381187907550586
9391	0.028129259625534055
9441	0.058749122822754046
9443	0.03216588937361586
9445	0.056158834745712066
9499	0.023567566647136152
9524	0.07375146522449116
9535	0.04061242893795552
9781	0.06036844901470138
10172	0.05718790898751205
10184	0.08927434477856508
10185	0.09550915550214764
10200	0.07801527752155664
10207	0.01971236630170275
10219	0.04985043879928949
10421	0.024658364651150462
10529	0.08185894841726767
10556	0.025290768706195132
10663	0.07375146522449116
10719	0.03267823225974802
10768	0.0345688906621131
10769	0.0945477288573043
10772	0.03285412468405184
10871	0.22125439567347352
11017	0.030458721074156474
11070	0.05099088237775072
11157	0.04871991213073203
11215	0.03682521265950745
11235	0.04871991213073203
11244	0.023892493813281207
11297	0.08185894841726767
11564	0.02547791871153767
11634	0.018824993004134868
11659	0.03878128148168585
11767	0.026773335976100147
11843	0.030315202392623954
11904	0.02220771919984745
12133	0.050183898577354995
12148	0.012533912569085266
12156	0.03931146430511438
12423	0.0826057380546798
12462	0.07375146522449116
12468	0.04169288509709068
12481	0.05753649883893814
12518	0.0282302995310103
12577	0.03267823225974802
12676	0.025005526162355865
12736	0.0903684917741044
12762	0.035201294717157765
12776	0.05095583742307534
12900	0.0630339554131328
12913	0.03842268558540046
13001	0.09407671671966042
13002	0.02501554128318707
