313
t_index	tf-idf
70	0.02396719793885315
81	0.014531643746273531
86	0.020471180930691828
343	0.032138231383560846
478	0.00859250537634188
710	0.015305159540695201
744	0.01560406538592699
847	0.022823903839861763
878	0.025867269564072922
894	0.0957935843574574
998	0.017992920294070746
1019	0.013559251483540036
1036	0.08189835294196499
1039	0.028506688045840462
1040	0.054275439784887185
1149	0.03840919320304878
1151	0.0478967921787287
1162	0.02169412180053314
1171	0.06068019455072151
1181	0.02034786487376695
1245	0.0478967921787287
1262	0.032138231383560846
1279	0.029919547318038024
1300	0.025598848651188368
1420	0.032138231383560846
1448	0.02126173449584498
1500	0.025577008198655934
1503	0.076021677843687
1560	0.05130222835568314
1591	0.03840919320304878
1609	0.0478967921787287
1616	0.007556347998144169
1690	0.01757292006244035
1691	0.04280569985640457
1845	0.02776821125807144
1846	0.032859303580395564
1862	0.023759396747778924
1921	0.01891917698920654
1926	0.024395078258856808
1942	0.022481639723145472
1996	0.01107754941741495
2078	0.020108351526547566
2198	0.028506688045840462
2220	0.023371704604715642
2277	0.02892159422736885
2304	0.04338824360106628
2349	0.0478967921787287
2465	0.0478967921787287
2466	0.1915871687149148
2480	0.02059675979338904
2498	0.03353203459871183
2503	0.022155680214488847
2524	0.04315299269088874
2554	0.02126173449584498
2581	0.018080104352021804
2583	0.016045757730792386
2585	0.022823903839861763
2676	0.0957935843574574
2721	0.06297188447603944
2788	0.016517935008005018
2806	0.017821814982062433
2845	0.013931798198319351
2891	0.018348525264906358
2906	0.01725454377449983
2940	0.02169412180053314
2948	0.017906832920040958
2951	0.048790156517713616
2953	0.02936328657223424
2960	0.03563424839172217
2961	0.0478967921787287
2972	0.010769215473163427
3042	0.01191525095252236
3100	0.026146649416042247
3209	0.02396719793885315
3256	0.023001676328233772
3272	0.011400432690039973
3305	0.02774547581607373
3338	0.027394431895720887
3432	0.012356943297387754
3465	0.03530976677869119
3466	0.018533505606494454
3531	0.03688203087140081
3533	0.026720114282669873
3542	0.03148594223801972
3568	0.0237628885580005
3628	0.02169412180053314
3675	0.03563424839172217
3683	0.04037804787956213
3702	0.01725454377449983
3771	0.01695032231269318
3851	0.02356450202995895
3946	0.011204880643710538
3980	0.03651575368078762
3987	0.02126173449584498
4061	0.02892159422736885
4111	0.02417779473952889
4183	0.01862790511687568
4245	0.03457926333728684
4247	0.022218321635418228
4276	0.0075187442991665665
4295	0.032859303580395564
4310	0.009632882408163665
4328	0.02022673151690717
4332	0.010561360052855238
4422	0.011109160817709114
4423	0.017906832920040958
4487	0.01725454377449983
4544	0.028506688045840462
4644	0.08552006413752139
4708	0.0235945671314397
4783	0.02774547581607373
4796	0.028115504092555605
4899	0.02396719793885315
4972	0.027673486229556732
4973	0.023371704604715642
5105	0.032859303580395564
5117	0.01714121003693222
5141	0.02936328657223424
5170	0.02318418997093192
5210	0.050192143526237534
5246	0.01701064263678164
5443	0.02318418997093192
5453	0.0478967921787287
5563	0.028506688045840462
5570	0.04037804787956213
5710	0.0478967921787287
5715	0.017025119297586475
5846	0.0478967921787287
5848	0.02892159422736885
5849	0.0237628885580005
5887	0.03563424839172217
5946	0.03148594223801972
5956	0.043996686524679585
6013	0.015305159540695201
6052	0.01954177473895371
6063	0.0478967921787287
6064	0.1436903765361861
6200	0.0478967921787287
6201	0.04315299269088874
6252	0.021546936428978758
6260	0.04853212320730593
6439	0.019990713094020684
6454	0.040987892754068375
6459	0.03089044890388221
6521	0.021844542273067678
6526	0.07239799481586615
6531	0.017821814982062433
6585	0.039489100296603
6591	0.02228183781432192
6646	0.022029522614655777
6669	0.01965127877101685
6670	0.02720945155413279
6671	0.028959197926346453
6675	0.03034264813902833
6686	0.023371704604715642
6700	0.02892159422736885
6796	0.015305159540695201
6849	0.023713247045635953
6854	0.025340559281229004
6887	0.4841096867220158
6967	0.07681838640609756
6986	0.024619487084394282
7027	0.019019089070160537
7164	0.0478967921787287
7183	0.018617409533985527
7198	0.011950989185148952
7202	0.5606905939441413
7238	0.08075609575912426
7341	0.022800865380079947
7343	0.015727381442851865
7362	0.01962803164754624
7405	0.017992920294070746
7481	0.04037804787956213
7498	0.020855049163348408
7530	0.03840919320304878
7589	0.01633456882733134
7590	0.02936328657223424
7593	0.043093872857957516
7616	0.012395070727453892
7619	0.015423159981045216
7717	0.011774135520165057
7794	0.01891917698920654
7877	0.021844542273067678
7912	0.015075040643813098
7996	0.015690322294519526
8014	0.022316719550280313
8015	0.04853013788740112
8107	0.027060519038120272
8276	0.08561139971280914
8287	0.03148594223801972
8298	0.0478967921787287
8302	0.1915871687149148
8303	0.0478967921787287
8309	0.06427646276712169
8361	0.01560406538592699
8362	0.03457926333728684
8399	0.02240659259105872
8433	0.015727381442851865
8502	0.095051554232002
8551	0.010191331776373368
8576	0.019019089070160537
8577	0.03457926333728684
8617	0.022474174168607655
8623	0.053545906318406625
8656	0.03360627388227759
8676	0.03133089134353071
8680	0.0478967921787287
8709	0.0478967921787287
8721	0.02506611504955649
8794	0.033250367082129785
8833	0.022650632407880924
8844	0.032859303580395564
8865	0.029835463849446877
8893	0.01617737440243531
8921	0.019762563434284536
8957	0.02641188352163437
8999	0.019223398451013188
9042	0.03840919320304878
9045	0.011204880643710538
9125	0.014797975251113744
9209	0.05623100818511121
9211	0.016045757730792386
9215	0.016379670588392996
9266	0.014584087343860483
9306	0.0478967921787287
9328	0.015543230709846647
9336	0.01943399525168893
9370	0.022481639723145472
9391	0.0164588151750738
9435	0.021998343262339792
9442	0.025091664361606918
9443	0.018820702542118987
9471	0.01757292006244035
9481	0.02034786487376695
9554	0.0478967921787287
9586	0.03366539371520881
9611	0.0237628885580005
9781	0.011774135520165057
9904	0.041710098326696816
10001	0.02059675979338904
10110	0.014427946974631876
10182	0.08504693798337992
10184	0.05223564217994666
10352	0.020724686059983753
10421	0.014427946974631876
10449	0.02774547581607373
10477	0.02318418997093192
10527	0.0478967921787287
10532	0.0478967921787287
10556	0.07398987625556872
10580	0.051734539128145844
10636	0.023371704604715642
10644	0.03840919320304878
10653	0.02774547581607373
10681	0.04644879608720162
10728	0.08630598538177749
10749	0.015665445671765355
10760	0.01965127877101685
10768	0.02022673151690717
10894	0.026326066864402
10953	0.028651595947802228
11017	0.017821814982062433
11050	0.0375322328599796
11080	0.01665905044036232
11097	0.041449372119967506
11165	0.016803136941138795
11210	0.019113395391415922
11266	0.03840919320304878
11303	0.024395078258856808
11353	0.013336304864181841
11437	0.03725581023375136
11438	0.012748127250672613
11492	0.016244144258833932
11529	0.03457926333728684
11618	0.04315299269088874
11627	0.03688203087140081
11659	0.005672864773697907
11730	0.025598848651188368
11752	0.02318418997093192
11767	0.06266178268706142
11800	0.025340559281229004
11841	0.01666843201276502
11937	0.019990713094020684
11988	0.024395078258856808
12009	0.04037804787956213
12074	0.020471180930691828
12257	0.021998343262339792
12423	0.01611124967550845
12451	0.03840919320304878
12485	0.013380316951528921
12514	0.02356450202995895
12515	0.03457926333728684
12518	0.033035870016010035
12532	0.01228131980974651
12535	0.019327886831700447
12591	0.032859303580395564
12628	0.020471180930691828
12676	0.02194661389637662
12677	0.019327886831700447
12718	0.015363905446426329
12776	0.04472243784953066
12795	0.044311360428977695
12811	0.023001676328233772
12862	0.014028192129812194
12869	0.02054992891720923
12906	0.03148594223801972
12910	0.02126173449584498
12913	0.022481639723145472
12958	0.02397383004181177
12996	0.0478967921787287
12998	0.0478967921787287
13001	0.036697050529812716
13002	0.058547743661289134
