54
t_index	tf-idf
778	0.04323886622160049
904	0.1499188599602602
988	0.10774403071918826
1036	0.07101428151271759
1344	0.13650772484816287
2275	0.0695665978403018
2304	0.09405515601796918
2342	0.12189514506570996
2386	0.04630051064504818
2587	0.17859505663734518
2948	0.07763531428318837
3275	0.09341703186561146
3533	0.03861513794353762
3866	0.0799485602536289
4382	0.17505956811397244
4423	0.07763531428318837
5117	0.07431594600528234
5765	0.04789044254110964
5808	0.11098415164741683
6260	0.07013722368539302
7028	0.25077991931221877
7202	0.1246605943473686
7405	0.23402564174357843
7430	0.0997240762091457
7639	0.08472362646618542
7677	0.0341838198803597
7911	0.12737908150486818
8015	0.05260076591877638
8361	0.06765163475535975
8363	0.18709037855978472
8783	0.06368954075243409
8794	0.061781748181487454
8800	0.0799485602536289
8930	0.06322950627449585
9002	0.16235305410527998
9441	0.029806582406214633
9474	0.12730492274105143
9727	0.14246195136693507
9728	0.2076571848610098
9806	0.06368954075243409
9807	0.1740316307823536
10421	0.06255255760962114
10556	0.12831364032992063
10904	0.06985053904496664
10953	0.12421937849395338
10969	0.27867146637372736
11353	0.057819728599154366
11467	0.11214789411516779
11887	0.10302432204033377
12177	0.16652357225855963
12501	0.4153143697220196
12518	0.07161372875828542
12907	0.096056248711887
13002	0.2538345278593986
