120
t_index	tf-idf
27	0.1132640313605616
114	0.042914460356754495
287	0.06594391472436954
376	0.04360418092687371
742	0.14639938641676223
746	0.06521477510773024
1019	0.04550086200372892
1173	0.1288899613469084
1190	0.05298620512118321
1252	0.1027192324077188
1484	0.13549685886261417
1527	0.11603784259112461
1745	0.08973876975709506
2078	0.03373885826376896
2160	0.15256622892467828
2275	0.05384484601825809
2315	0.05236265635194645
2347	0.048763924586043325
2576	0.09683189740772459
2617	0.0970523682273193
2781	0.13081254278062113
2794	0.03792604945846356
2821	0.05519617510912303
2963	0.07659031180774267
2972	0.07227664266389142
3164	0.08590221085183142
3654	0.0850354676548476
3776	0.09192766037792514
3780	0.04893990988284821
3788	0.11297116478711385
3798	0.12376525349751422
3858	0.03664983398763544
4072	0.06126806745964607
4074	0.0566320156802808
4247	0.03727907797546399
4255	0.06037895117871676
4449	0.07600886381813061
4523	0.0970523682273193
4539	0.1288899613469084
4858	0.0566320156802808
4980	0.11039235021824606
5106	0.08339434331371341
5117	0.05752086193062925
5182	0.14480875790670292
5203	0.10565756631688959
5210	0.056143359610251915
5412	0.060967854441516756
5670	0.10011904603133005
5984	0.21128810834109077
6557	0.044752718688153614
6598	0.07088415596873647
7029	0.05688029884281057
7135	0.049840651559547776
7166	0.16072755446649742
7167	0.10011904603133005
7275	0.09100172400745785
7276	0.06998341429203689
7314	0.08774046918323056
7377	0.07907554162214138
7604	0.21502076660173125
7614	0.06485870644264274
7794	0.06348719635851635
7912	0.025293702416664055
7913	0.036375050089971876
7917	0.10365926574302509
8009	0.04402818008702679
8107	0.18161429397448262
8305	0.05952297748666824
8398	0.049840651559547776
8413	0.08420024947153552
8430	0.06450807415321178
8506	0.11297116478711385
8721	0.028038171163651242
8743	0.09192766037792514
8760	0.06869526534790638
8783	0.0492959785479357
8803	0.07907554162214138
8817	0.08186271128416406
8938	0.05542933415595722
8968	0.04965765482356349
8980	0.07182167262343601
9215	0.05496535940894193
9322	0.05039855678046184
9441	0.023070423016480598
9486	0.04211324065315816
9528	0.035342883594355175
9618	0.06747554675391888
9745	0.09192766037792514
9802	0.068281452911741
9954	0.06416271473003143
10072	0.12376525349751422
10103	0.02868717422424105
10169	0.1288899613469084
10329	0.2790534285087256
10477	0.07779932615131326
10546	0.13549685886261417
10603	0.11026616325873087
10934	0.11957806230281962
11157	0.09566006505091354
11199	0.14480875790670292
11238	0.05688029884281057
11248	0.0784285701391418
11353	0.044752718688153614
11410	0.0509703531755407
11412	0.06250977357934727
11492	0.10902114577447143
11493	0.07740926287668115
11519	0.0513596162038594
11594	0.054064617732242366
11644	0.055664884619345226
11703	0.06067151524794815
11721	0.1621938531967271
11812	0.06348719635851635
12291	0.07029651114966694
12440	0.08871789196239961
12610	0.05298620512118321
12636	0.05215851306241949
12880	0.06669696477404187
12887	0.05496535940894193
12963	0.0697187433089056
