139
t_index	tf-idf
27	0.04656836020447723
111	0.050884199635949943
114	0.035288449896547856
287	0.10845102146865855
376	0.0358556053397
478	0.02371005968358664
742	0.14446060473339162
746	0.05362594111104927
1173	0.10598588227248873
1190	0.04357041959943428
1252	0.08446575946890864
1279	0.02751988395878818
1407	0.08102471242564765
1491	0.13216585285320845
1527	0.09541761821865506
2078	0.027743375997511484
2160	0.1505457791305921
2275	0.044276477791094254
2315	0.04305767705721559
2347	0.0400984492222045
2576	0.11943692865949068
2617	0.079805911691769
2781	0.10756681601910001
2794	0.06237298500146879
2821	0.045387672211816575
2963	0.06298001555466623
2972	0.05943289656056426
3164	0.07063716608451828
3244	0.06113612703255981
3654	0.0699244453925727
3776	0.07559187766513985
3780	0.040243161477169415
3788	0.09289589698212886
3798	0.10177184824585957
3815	0.05166575351945922
3858	0.030137063815738028
3881	0.07559187766513985
3901	0.08868186295549971
4072	0.050380573606997235
4164	0.09832873174263666
4206	0.06449161063206488
4247	0.0306544895214931
4248	0.11907586756284859
4255	0.04964945558591648
4276	0.02074713582021192
4449	0.06250189237477997
4523	0.079805911691769
4539	0.10598588227248873
4858	0.04656836020447723
4980	0.09077534442363315
5106	0.1371499061722815
5117	0.023649628090054435
5182	0.23815173512569718
5203	0.0868819438522404
5210	0.046166539580368086
5246	0.023469485005196748
5294	0.04761198798116082
5412	0.05013370921768701
5417	0.05013370921768701
5670	0.08232763292829517
5688	0.07288064507682573
5984	0.11582777713227409
6557	0.036800044973946504
6598	0.05828785834815084
7029	0.046772522807670934
7135	0.040983839031161824
7167	0.16465526585659035
7183	0.025686331976000416
7275	0.07483048257954408
7276	0.05754718079415842
7314	0.07214876116191694
7377	0.06502361361130617
7604	0.26521653141613727
7792	0.052760834580105234
7794	0.05220535756817874
7815	0.05193362832094631
7912	0.020798946159605026
7913	0.04486666458974906
7996	0.021647846685209114
8009	0.03620425875383726
8107	0.14934096479688624
8305	0.04894559063005987
8398	0.040983839031161824
8413	0.06923764763793533
8430	0.05304482274166863
8506	0.09289589698212886
8551	0.05624368541877333
8721	0.023055715720857486
8743	0.07559187766513985
8783	0.040535955820689404
8803	0.06502361361130617
8810	0.05548496779578089
8817	0.06731549602468913
8968	0.04083336128787134
8980	0.05905877587155708
9215	0.04519787305779097
9337	0.03716675274592513
9441	0.018970749251915088
9486	0.034629609003957305
9528	0.029062361883402416
9618	0.05548496779578089
9745	0.07559187766513985
9802	0.11229532469515091
9954	0.052760834580105234
9986	0.04697891674032476
10010	0.11907586756284859
10050	0.04596879058119721
10072	0.10177184824585957
10110	0.03981230955316356
10169	0.10598588227248873
10329	0.32780701917680044
10477	0.12794836985261962
10481	0.037667043111729775
10546	0.11141871703299654
10603	0.09067158121278461
10744	0.04175475655456806
10761	0.06731549602468913
10934	0.09832873174263666
11157	0.07866102438634898
11199	0.11907586756284859
11238	0.046772522807670934
11248	0.06449161063206488
11353	0.036800044973946504
11410	0.041912789751795576
11412	0.05140162534170502
11492	0.08964780655155435
11493	0.12730687380634942
11519	0.04223287973445432
11644	0.04577309083132179
11703	0.09978006052861274
11721	0.22228597751899282
11812	0.05220535756817874
12291	0.028902319765704555
12440	0.07295249338839065
12610	0.04357041959943428
12636	0.04288981055757184
12869	0.028352617762802523
12880	0.05484474184492793
12963	0.0859943137926246
