77
t_index	tf-idf
333	0.0706258971755876
617	0.08282146525578908
1039	0.10808034538023022
1214	0.11132805568722763
1395	0.14562473411453472
1413	0.10519428297380318
1646	0.05431487482435054
1815	0.15308945583523614
2008	0.05549452417946391
2019	0.07809061889628906
2107	0.09249157529472145
2293	0.07210903322809023
2386	0.040489760462160324
2443	0.32722078038120944
2498	0.025426691974197408
2509	0.045447226749724685
2581	0.06854896365845109
2794	0.0428502794995673
3175	0.09086930852374359
3352	0.19826497521405234
3496	0.0461392095401386
3533	0.06753781605276243
3815	0.07098880962046138
3917	0.1038633339665262
3937	0.07210903322809023
4276	0.028506590431438553
4287	0.04531101742472562
4829	0.2051946714472916
5110	0.049424349088141896
5299	0.11132805568722763
5656	0.11132805568722763
5995	0.06158809887272166
6013	0.05802802930308253
6252	0.08169312153642816
6256	0.3631920925333494
6260	0.06133494743229664
6526	0.054897996371603607
7019	0.06991495361207711
7202	0.3270467777055922
7218	0.1038633339665262
7341	0.04322363582336173
7589	0.03096546743094411
7677	0.05978744766977755
7890	0.12458286540379758
8012	0.06956665553921913
8015	0.1379979863616387
8110	0.1025973357236458
8361	0.05916130185080437
8551	0.03863944687308812
8556	0.10519428297380318
8620	0.06370746546035816
8721	0.0316785820873587
8794	0.10805618123650107
8839	0.27966929223733233
8930	0.055294153941881134
8931	0.12458286540379758
9045	0.04248221918902283
9364	0.0749278442357616
9441	0.026065833076343106
9648	0.0749278442357616
10556	0.05610508921613725
10954	0.1815960462666747
11052	0.09607627497235904
11066	0.0663189452322217
11402	0.13510379975916614
11590	0.050563307582381097
11620	0.07135686993100585
11883	0.07368210981025475
12148	0.055610510782421234
12275	0.06426550453409885
12509	0.15247282957631186
12518	0.06262614996742401
12577	0.07249345236033536
12610	0.05986581074178889
12840	0.05282106285446708
12862	0.05318653110498961
13002	0.11098904835892782
