66
t_index	tf-idf
27	0.09932670548084796
114	0.07526753045113835
131	0.13537778617544033
287	0.11565881449567238
708	0.10745786140301507
742	0.1027077603544165
1190	0.18586466073649272
1252	0.18015892286406554
1283	0.1190456771606159
1917	0.0692974015503833
2008	0.08614659002813112
2017	0.13231707862863293
2146	0.11975861501130411
2160	0.053517081123431454
2578	0.2170714698256901
2757	0.16547553521500133
2849	0.07927380494963351
2863	0.18915154505326484
2972	0.12676576513804988
3031	0.13755561044257605
3164	0.15066360423410688
3432	0.07272755270634022
3855	0.13039862381538078
4276	0.04425203378724969
4308	0.13134643076890495
4522	0.18531245701422328
5412	0.10693131878087721
5688	0.07772438558083587
5802	0.1652240150807948
6184	0.03755707578959317
6396	0.12352583873688319
6439	0.11765657616071304
7020	0.11134998425815963
7183	0.05478695663452171
7275	0.07980381176760332
7600	0.09330357665532638
7616	0.07295195405001868
7677	0.04640534196293405
7892	0.22506954740304586
7913	0.031899040178396613
8009	0.07722087981206324
8305	0.20879430771241536
8312	0.08285048204749353
9322	0.17678772495946254
9475	0.13869033159234403
9486	0.2215868215683246
9856	0.06014512006895799
10094	0.07823426500949936
10329	0.06991869824353042
10481	0.08034088555116187
11051	0.16547553521500133
11167	0.08614659002813112
11244	0.08227912584349108
11493	0.13576785079749298
11634	0.06482805773623584
11735	0.13231707862863293
11782	0.12596779468497524
12249	0.16547553521500133
12291	0.061646409503708956
12394	0.1538877194574005
12509	0.1183451388596673
12620	0.10693131878087721
12785	0.08199645845882948
12869	0.12094787541461204
12963	0.06113973694873939
12964	0.08646005415494917
