179
t_index	tf-idf
62	0.09230880531093033
76	0.07139005944764476
99	0.04038297519848357
129	0.07413295376673663
157	0.0848599544884437
167	0.10287492875349763
200	0.036782886451846075
212	0.04366414379409776
412	0.03530494414646936
413	0.05756548231682903
472	0.05213747800144023
557	0.028296777224395202
570	0.06950726084514594
575	0.051098321690179596
592	0.20852178253543782
638	0.0347988169031838
742	0.08387900697409104
878	0.06216680307478649
908	0.04570857244742482
1074	0.06216680307478649
1416	0.04696474279665289
1428	0.0355639705637607
1500	0.03073460900056596
1548	0.10370957754382254
1554	0.31758039565829915
1616	0.05448050828885637
1624	0.05527992350121611
1636	0.06431382538798992
1644	0.05527992350121611
1646	0.034429187020559214
1800	0.0676620358333973
1806	0.042232994799265636
1890	0.05710934468031702
1917	0.028296777224395202
2063	0.04593521880790246
2083	0.058106488612253746
2217	0.04128198788934131
2289	0.11511034977671472
2304	0.05213747800144023
2342	0.13513996921405652
2498	0.01611750622872327
2586	0.07170356350055496
2607	0.038720162689963755
2677	0.0970405533083176
2715	0.11511034977671472
2798	0.09290141207535246
2806	0.04283116390312619
2821	0.03953056490057106
2834	0.08090803307803814
2848	0.07245993179603184
2891	0.04409700660638937
2899	0.04476844014124387
2959	0.0970405533083176
2972	0.02588165310342405
2986	0.03920159718343409
3341	0.06353825023433242
3403	0.022371608054632557
3459	0.06030279126766277
3496	0.02924678514634129
3533	0.02140548153116809
3768	0.08407668712449021
3874	0.06090096037152333
4074	0.040558889576561945
4235	0.05249898348895634
4287	0.08616542879198374
4354	0.0856397810754254
4547	0.04146784113868874
4595	0.036782886451846075
4697	0.23225353018838113
4706	0.04749536421805078
5110	0.06265834777776788
5112	0.06152170715574814
5279	0.026100474568986187
5315	0.02168379337551457
5600	0.02168379337551457
5675	0.03132917388888394
5732	0.07056877995735347
5744	0.11711864463575965
5749	0.07056877995735347
5765	0.05309409925361907
5778	0.07273292651735379
5851	0.10887251945414804
5852	0.08953688028248774
5856	0.031532236191064864
6184	0.03067197854583817
6343	0.09961526661223073
6354	0.11511034977671472
6430	0.029789070667199873
6432	0.042590924281209946
6454	0.02462654833921548
6907	0.042038343562245103
7135	0.07139005944764476
7183	0.022371608054632557
7209	0.0970405533083176
7331	0.11339283676052704
7589	0.07851373111374986
7604	0.05133140930095224
7627	0.059168007724461284
7677	0.01894907448430525
7717	0.028296777224395202
7761	0.1434071270011099
7913	0.013025597113390295
8009	0.031532236191064864
8160	0.06216680307478649
8193	0.058106488612253746
8221	0.20854991200576092
8276	0.051437464376748815
8361	0.03750124680187837
8399	0.013462439722667733
8426	0.16181606615607627
8620	0.12114892559545072
8743	0.06583703195996622
8794	0.01141579995213101
8797	0.10558736008246729
8812	0.058628686044959064
8856	0.039365258609002106
8880	0.05663256238248304
8893	0.03887908023118526
8923	0.059168007724461284
9076	0.07840319436686818
9241	0.03504993380478403
9368	0.04409700660638937
9441	0.03304529172659567
9443	0.04523179014959085
9449	0.036366463258676894
9486	0.030160789031518934
9488	0.10370957754382254
9499	0.03314079758646905
9509	0.11945122987909261
9528	0.02531197408041166
9575	0.0666806957341083
9668	0.04499848357735699
9841	0.07897075683992046
9856	0.07367865283469889
9897	0.08090803307803814
10103	0.020545267860379603
10161	0.04523179014959085
10174	0.04890201903477057
10422	0.05710934468031702
10431	0.1333613914682166
10654	0.039866246705999114
10744	0.07273292651735379
10760	0.047227913812066875
10794	0.04387915126832392
10859	0.051098321690179596
10878	0.03582714157917469
10894	0.03163471526128963
10910	0.10370957754382254
11066	0.042038343562245103
11089	0.05249898348895634
11179	0.06353825023433242
11210	0.02296760940395123
11280	0.07567015783736532
11386	0.045952248571896254
11467	0.06216680307478649
11492	0.03903954821191988
11493	0.08315880268883621
11594	0.038720162689963755
11634	0.13235886675482056
11659	0.054534378494464096
11699	0.04521484677034913
11701	0.07423900884253319
11779	0.05249898348895634
11870	0.045952248571896254
11876	0.04670571637936156
11904	0.031228575180404568
12148	0.035250466510850495
12417	0.041098211256064145
12423	0.038720162689963755
12469	0.15362744429289268
12514	0.11326512476496609
12620	0.04366414379409776
12626	0.027083856538695397
12676	0.017581430732699188
12749	0.030930418903189635
12801	0.0886385764257506
12869	0.049387639504532795
12952	0.07170356350055496
12963	0.07489707307735409
