192
t_index	tf-idf
135	0.05354156109307102
157	0.04173261039955777
208	0.026948340883799844
230	0.030134021060561966
242	0.05025848444116096
384	0.0647549535281136
435	0.08718173839819876
470	0.08173845688664126
491	0.07172394659038712
492	0.06940893188278598
493	0.03071531134310474
556	0.03954806015434121
557	0.02783169957107579
587	0.0519996801200618
592	0.13672971918390245
742	0.041250197927318356
805	0.10200503689707899
852	0.07052506445159867
898	0.06180544551158102
917	0.07767281630129598
962	0.10200503689707899
1082	0.0599000097858832
1179	0.06940893188278598
1252	0.03617833355956155
1416	0.04619284385581568
1435	0.048098279581513505
1616	0.03572338826551918
1777	0.08173845688664126
1786	0.04173261039955777
1855	0.07442646499014696
2063	0.24849132454209122
2146	0.048098279581513505
2160	0.04298779724562405
2225	0.08718173839819876
2226	0.04753058955673481
2260	0.0581955394477434
2347	0.03434989705422701
2781	0.03071531134310474
2782	0.04898900943839691
2829	0.09544562281670878
2849	0.03183849139870176
2899	0.04403263899616823
2972	0.025456269732239637
2983	0.06940893188278598
3084	0.05354156109307102
3134	0.0433722409488632
3235	0.10550451587237178
3314	0.03688488714647092
3432	0.058418680994576054
3433	0.0285058598528625
3504	0.07957825202699381
3578	0.057665081903513486
3692	0.08173845688664126
3768	0.04134741349560455
3855	0.05237159318120685
3897	0.09342948827373858
3923	0.036457262980702634
4003	0.07957825202699381
4020	0.04544026603969159
4099	0.035238297033428324
4197	0.10051696888232192
4276	0.01777280651541279
4287	0.05649949246950381
4469	0.0647549535281136
4529	0.07172394659038712
4657	0.19089124563341756
4679	0.0907916444620364
4793	0.09544562281670878
4949	0.031944573783136254
4973	0.05524603143121081
5054	0.027184513044029378
5112	0.06051055415534453
5187	0.04725404426435165
5209	0.0581955394477434
5210	0.03954806015434121
5246	0.020104877108260186
5287	0.08718173839819876
5310	0.022530534689357
5315	0.08530961925491905
5467	0.08423223038166619
5607	0.10200503689707899
5726	0.04403263899616823
5749	0.06940893188278598
5750	0.05665365847473418
5849	0.05617071199448475
5851	0.16062468327921303
5852	0.04403263899616823
5904	0.06114504746427598
5992	0.15534563260259196
6014	0.057665081903513486
6021	0.10200503689707899
6184	0.015083931384989998
6187	0.0647549535281136
6225	0.07172394659038712
6244	0.2232793949704409
6245	0.15915650405398762
6315	0.057151467156908636
6396	0.04961129791411455
6432	0.020945456078778027
6531	0.042127203270470405
6646	0.026036690933922788
6652	0.06249395391462541
7056	0.09544562281670878
7072	0.054802784371270764
7080	0.06738410442952734
7135	0.07021671306070638
7226	0.06007827611487686
7275	0.032051356386397334
7277	0.04838977405622418
7307	0.0599000097858832
7394	0.03350775496417004
7531	0.10200503689707899
7589	0.07722330211789044
7604	0.025243870545660047
7677	0.018637632971943277
7717	0.02783169957107579
7797	0.170950990559727
7886	0.051280561479582834
7912	0.017817189274821656
7927	0.05237159318120685
8127	0.0907916444620364
8221	0.051280561479582834
8361	0.11065466143941276
8391	0.05237159318120685
8394	0.0599000097858832
8486	0.04671474413686929
8551	0.02409026834652957
8565	0.03434989705422701
8620	0.07943850457581016
8783	0.034724682286823474
8794	0.04491269265212267
8798	0.035768754577658234
8824	0.0723566671191231
8856	0.03871826259419082
8894	0.05931167201655609
8922	0.12642614511020878
9250	0.09544562281670878
9374	0.03183849139870176
9406	0.08506332395669071
9469	0.07596834596315619
9509	0.0587439819917774
9528	0.024895953789024882
9535	0.1123414239889695
9672	0.07172394659038712
9683	0.050932644722947666
9694	0.09544562281670878
9698	0.06051055415534453
9726	0.05665365847473418
9802	0.048098279581513505
9835	0.06321307255510439
9856	0.024155897262734535
9904	0.09859432344060391
10094	0.06284196841999104
10103	0.06062277532485882
10110	0.034104778642783704
10184	0.04115820074616427
10329	0.028081229027033836
10352	0.04898900943839691
10358	0.04006716904454025
10415	0.06180544551158102
10654	0.03921101659560002
10749	0.03702997785585798
10760	0.046451689468470905
10768	0.04781194457285122
10796	0.02885377660949767
10799	0.06940893188278598
10821	0.10200503689707899
10953	0.06772663770392082
11211	0.065584751088264
11492	0.07679581095814392
11634	0.07811007280176836
11647	0.10200503689707899
11719	0.05617071199448475
11796	0.08423223038166619
11892	0.0907916444620364
12121	0.0730188379466236
12148	0.017335550014940408
12288	0.10200503689707899
12291	0.04951771092586513
12308	0.07052506445159867
12391	0.044706166244602795
12423	0.038083769285259375
12469	0.03777561700335432
12485	0.09488517290877212
12626	0.05327742819851796
12675	0.029481237748938866
12676	0.017292467417819916
12749	0.12168822190520626
12785	0.03293198224841254
12952	0.07052506445159867
12963	0.024555362142615646
13002	0.1037963599973822
