193
t_index	tf-idf
135	0.05342370869594217
157	0.041640751139692664
208	0.026889023850322238
230	0.030067691903462028
242	0.05014785855079595
384	0.06461241889999565
435	0.08698983930810263
470	0.08155853921362165
491	0.07156607224259728
492	0.0692561532032417
493	0.030647702685522808
556	0.03946100939235684
557	0.02777043814268898
587	0.05188522161666797
592	0.1364287581204668
742	0.04115940052416974
805	0.10178050967239385
852	0.07036982900956815
898	0.06166940315942595
917	0.07750184766672547
962	0.10178050967239385
1082	0.05976816156186455
1179	0.0692561532032417
1252	0.036098700032875436
1416	0.046091167003899786
1435	0.04799240860146119
1616	0.03564475613648324
1777	0.08155853921362165
1786	0.041640751139692664
1855	0.07426264202477494
2063	0.24794436069447195
2146	0.04799240860146119
2160	0.042893175145534757
2225	0.08698983930810263
2226	0.04742596814111207
2260	0.05806744299918822
2347	0.03427428816972077
2781	0.030647702685522808
2782	0.048881177838469396
2829	0.0952355337715864
2849	0.031768410466138354
2899	0.04393571705456502
2972	0.02540023695417611
2983	0.0692561532032417
3084	0.05342370869594217
3134	0.04327677263489701
3235	0.10527228580941446
3314	0.0368036983974077
3432	0.058290093380547615
3433	0.028443114504253054
3504	0.07940308926428688
3578	0.05753815306553757
3692	0.08155853921362165
3768	0.041256402107515515
3855	0.05225631604561618
3897	0.09322383702019293
3923	0.036377015491699395
4003	0.07940308926428688
4020	0.045340245715860525
4099	0.0351607326574306
4197	0.1002957171015919
4276	0.017733686104860927
4287	0.05637512925542943
4469	0.06461241889999565
4529	0.07156607224259728
4657	0.1904710675431728
4679	0.09059179946834037
4793	0.0952355337715864
4949	0.03187425934854109
4973	0.055124427258618505
5054	0.02712467616289231
5112	0.0603773620385438
5187	0.047150031563248186
5209	0.05806744299918822
5210	0.03946100939235684
5246	0.0200606234870953
5287	0.08698983930810263
5310	0.02248094185964627
5315	0.08512184095854355
5467	0.08404682356753292
5607	0.10178050967239385
5726	0.04393571705456502
5749	0.0692561532032417
5750	0.056528955919914005
5849	0.05604707247180672
5851	0.1602711260878265
5852	0.04393571705456502
5904	0.061010458739757925
5992	0.15500369533345093
6014	0.05753815306553757
6021	0.10178050967239385
6184	0.01505072956129349
6187	0.06461241889999565
6225	0.07156607224259728
6244	0.2227879260743248
6245	0.15880617852857376
6315	0.057025668856179906
6396	0.04950209657099928
6432	0.020899352226790038
6531	0.04203447545700362
6646	0.025979380568344694
6652	0.06235639606004408
7056	0.0952355337715864
7072	0.05468215584689393
7080	0.06723578267586021
7135	0.07006215634282646
7226	0.05994603550195937
7275	0.03198080690849172
7277	0.048283261456430235
7307	0.05976816156186455
7394	0.03343399975112968
7531	0.10178050967239385
7589	0.0770533229263428
7604	0.025188305287645908
7677	0.018596608958490756
7717	0.02777043814268898
7797	0.17057470373473152
7886	0.0511676858559906
7912	0.017777971171664634
7927	0.05225631604561618
8127	0.09059179946834037
8221	0.0511676858559906
8361	0.11041109519222309
8391	0.05225631604561618
8394	0.05976816156186455
8486	0.04661191851009647
8551	0.0240372423268515
8565	0.03427428816972077
8620	0.07926364941661307
8783	0.03464824844807294
8794	0.0448138335904423
8798	0.03569002259108125
8824	0.07219740006575087
8856	0.038633038331650965
8894	0.05918111880551467
8922	0.1261478636414429
9250	0.0952355337715864
9374	0.031768410466138354
9406	0.08487608779040454
9469	0.07580112910404914
9509	0.05861467834516556
9528	0.024841154344015327
9535	0.11209414494361344
9672	0.07156607224259728
9683	0.05082053491236002
9694	0.0952355337715864
9698	0.0603773620385438
9726	0.056528955919914005
9802	0.04799240860146119
9835	0.06307393182072145
9856	0.024102726784715364
9904	0.09837730366898063
10094	0.06270364453724663
10103	0.06048933619370949
10110	0.03402970929787585
10184	0.0410676058415627
10329	0.02801941834972827
10352	0.048881177838469396
10358	0.03997897565193712
10415	0.06166940315942595
10654	0.03912470771320458
10749	0.036948469742033
10760	0.04634944286148409
10768	0.04770670385584062
10796	0.02879026544788364
10799	0.0692561532032417
10821	0.10178050967239385
10953	0.0675775619870397
11211	0.06544038996070153
11492	0.07662677273389158
11634	0.07793814170503409
11647	0.10178050967239385
11719	0.05604707247180672
11796	0.08404682356753292
11892	0.09059179946834037
12121	0.07285811336347943
12148	0.017297392066552307
12249	0.06631313746267199
12288	0.10178050967239385
12291	0.04940871558068268
12308	0.07036982900956815
12391	0.044607761776171095
12423	0.037999941630436844
12469	0.03769246763441591
12485	0.09467631749157863
12626	0.053160157194500346
12675	0.029416345458387266
12676	0.017254404300199568
12749	0.12142036926211754
12785	0.0328594943909249
12952	0.07036982900956815
12963	0.024501312387027765
13002	0.1035678898222658
