279
t_index	tf-idf
15	0.03816718467841679
73	0.046630886087384534
81	0.024486377270067174
103	0.06472096425085654
114	0.1077456004164179
131	0.03875870715324539
178	0.03655542760514385
188	0.03256823089373801
208	0.019210166500394123
287	0.03311315871955474
301	0.08070793254996422
302	0.06803855992281244
303	0.06214763712707833
310	0.03706805244081389
322	0.08070793254996422
342	0.05867937418483293
348	0.024311644231159807
413	0.08072238635439569
458	0.06472096425085654
472	0.03655542760514385
475	0.04269981466850886
478	0.028957402481621146
504	0.04269981466850886
529	0.056727480101302685
557	0.019839870107577668
579	0.0322187447562601
583	0.06660135529397622
587	0.03706805244081389
621	0.06214763712707833
638	0.048797359627324205
643	0.024054410667877765
742	0.058810534850727535
778	0.01680519506650163
846	0.0473757031461068
847	0.03845915368947211
908	0.03204789481743161
995	0.0445489117546977
1040	0.015242699750929987
1063	0.07271444840041039
1140	0.02920636583942636
1252	0.05157956212464065
1279	0.01680519506650163
1377	0.06004507577325859
1402	0.08070793254996422
1428	0.024935156074467366
1435	0.0685738660593265
1484	0.06803855992281244
1669	0.02225251855935624
1800	0.023720121756331206
1806	0.029611044552065313
1808	0.0440581074741509
1828	0.04803486311653931
1917	0.019839870107577668
1996	0.018666095797469154
2003	0.06660135529397622
2017	0.1136472765619174
2063	0.016103402293570237
2104	0.03582683840668536
2146	0.03428693302966325
2160	0.04596587668241525
2185	0.04616066882797064
2204	0.049687984560042454
2214	0.02831393045723668
2369	0.04616066882797064
2397	0.06444325063229871
2483	0.03733317124197031
2498	0.011300552974642794
2505	0.03816718467841679
2654	0.03514155801751621
2729	0.046752191302799236
2816	0.02725949656994173
2818	0.021279349654524462
2835	0.07520905740323831
2849	0.02269611786223573
2906	0.02907456829126004
2911	0.02819189587991335
2924	0.10410961786833531
2951	0.04110664286910858
2966	0.025888770167470463
2972	0.018146541271089663
2976	0.05788852002559675
3080	0.03187953912754591
3134	0.03091796907704066
3189	0.048733995951748835
3256	0.03875870715324539
3272	0.019210166500394123
3356	0.035365490489387516
3403	0.015685524693564632
3432	0.020821923573667064
3502	0.04313504216707005
3503	0.04110664286910858
3544	0.045598012851173
3581	0.025888770167470463
3588	0.026606558428601063
3632	0.03706805244081389
3737	0.03582683840668536
3747	0.04004137896698546
3829	0.04616066882797064
3848	0.07707490328356018
3857	0.051128526316623894
3858	0.01840339286726364
3946	0.018880653799287335
4059	0.07271444840041039
4067	0.04004137896698546
4186	0.03155002642643912
4247	0.018719362219847317
4276	0.025338745254303578
4287	0.02013787531868809
4307	0.02819189587991335
4310	0.03246355291430481
4311	0.05536918729566064
4330	0.03680889187277475
4442	0.058267385478324794
4560	0.048733995951748835
4708	0.039757750904987274
4858	0.028437270241956802
4937	0.05536918729566064
4972	0.023315443043692267
5041	0.04803486311653931
5082	0.03760452870161916
5117	0.02888359659501137
5200	0.13607711984562487
5315	0.015203273524692248
5563	0.04803486311653931
5573	0.06737023715481448
5600	0.04560982057407674
5671	0.03655542760514385
5729	0.03091796907704066
5744	0.027372006339833665
5754	0.06004507577325859
5765	0.037226148558094425
5810	0.023969925601794582
5820	0.2202905373707545
5821	0.11653477095664959
5841	0.1288749790250404
5852	0.031388734846999104
5962	0.05536918729566064
5981	0.09232133765594128
5995	0.027372006339833665
6013	0.025789781062320324
6146	0.04506153659036774
6313	0.02920636583942636
6343	0.03492189118650803
6454	0.017266542983799472
6501	0.02831393045723668
6516	0.06803855992281244
6547	0.03906624964396928
6807	0.01972279133606416
6849	0.026638487409320045
6939	0.05305502073992158
6953	0.03256823089373801
7020	0.06375907825509182
7081	0.06803855992281244
7131	0.0473757031461068
7135	0.02502704628130655
7183	0.015685524693564632
7198	0.02013787531868809
7275	0.022847858998113764
7277	0.03449472531703569
7301	0.04313504216707005
7362	0.016536993212274576
7420	0.046752191302799236
7431	0.03906624964396928
7471	0.08070793254996422
7589	0.06881093801802061
7600	0.026712846369401164
7604	0.017995132182257963
7640	0.02974915590271181
7797	0.030465669539918267
7886	0.03655542760514385
7888	0.046752191302799236
7891	0.048733995951748835
7909	0.051128526316623894
7913	0.05479623762535922
7927	0.03733317124197031
7996	0.013219397540318676
8009	0.08843345873223307
8043	0.02598861633181181
8058	0.029611044552065313
8220	0.05305502073992158
8221	0.03655542760514385
8391	0.03733317124197031
8398	0.1501622776878393
8399	0.01887798411181296
8496	0.03349129620081885
8551	0.017172785069458917
8655	0.03606462332459705
8746	0.08008275793397092
8747	0.06004507577325859
8783	0.0247535435030873
8794	0.024012061843118045
8798	0.025497812051265008
9093	0.0440581074741509
9211	0.027037717428287113
9215	0.02760037340508475
9242	0.1173780725329063
9309	0.03368511857740724
9322	0.12653596748717133
9328	0.052381880233555646
9337	0.09078447144894292
9369	0.02760037340508475
9370	0.07576485104127828
9391	0.013866867535151097
9404	0.048733995951748835
9441	0.023169221368341944
9468	0.027716275485618003
9471	0.029611044552065313
9479	0.05415415297752448
9486	0.021146794632553013
9516	0.02831393045723668
9528	0.01774711918390464
9580	0.16141586509992845
9620	0.034082818675647455
9675	0.058267385478324794
9847	0.03449472531703569
9856	0.017219568743933503
9873	0.11627612145973618
9901	0.16141586509992845
9904	0.07028311603503241
9994	0.07271444840041039
10050	0.028071139175043204
10083	0.058267385478324794
10094	0.022398497216692397
10103	0.10083509146996986
10204	0.020381951306496664
10329	0.16014198053114612
10359	0.048733995951748835
10480	0.02988894137108529
10715	0.025213052893487346
10719	0.0322187447562601
10725	0.041875738466578154
10751	0.06898945063407139
10758	0.03706805244081389
10796	0.020568459306036162
10806	0.04038564811276979
10913	0.02540210892987894
10953	0.02413951924562297
11042	0.04616066882797064
11083	0.04269981466850886
11165	0.02831393045723668
11244	0.02355654227688528
11306	0.07271444840041039
11386	0.0644374895125202
11491	0.04506153659036774
11492	0.13686003169916833
11493	0.17491672255444848
11564	0.025119674570000895
11590	0.02247218539036442
11594	0.08144422160388709
11634	0.07424118169154356
11644	0.027951633857504543
11659	0.019117989606160346
11671	0.03449472531703569
11699	0.015850863152083346
11762	0.05205159162370474
11786	0.10678157266391579
11841	0.014043473742249376
11845	0.05415415297752448
11876	0.03274702765264115
11926	0.07271444840041039
12061	0.08070793254996422
12074	0.03449472531703569
12100	0.056727480101302685
12144	0.03368511857740724
12148	0.04943069461661906
12394	0.0440581074741509
12405	0.03428693302966325
12425	0.023720121756331206
12468	0.04110664286910858
12485	0.06763904233866809
12486	0.06004507577325859
12610	0.026606558428601063
12626	0.01898944856790028
12655	0.0422804171792171
12749	0.021686409323080188
12785	0.02347561450658126
12963	0.38509521383764544
12964	0.0742606305092619
13032	0.0473757031461068
