38
t_index	tf-idf
1213	0.12593900313031114
1646	0.20438273944852287
1832	0.12535432752209277
2107	0.17401937863041486
2232	0.13024038493184414
2271	0.15166804493560113
2845	0.09938081935833387
3350	0.1409738871294571
3533	0.12706983037219088
3537	0.15919365488401593
4707	0.3416660493928283
5995	0.11587566394786264
6849	0.05638520568785783
7202	0.307663032325143
7218	0.19541490975524187
8015	0.08654598635021607
8565	0.1036597459689222
8721	0.11920409298184727
8926	0.3416660493928283
9241	0.1040338461119259
9328	0.11087578081675921
9646	0.3416660493928283
9648	0.1409738871294571
9781	0.08398939021175476
9793	0.1603700932500292
10200	0.16281159346931354
10556	0.10555958996574032
10894	0.09389692766947233
11066	0.12477657131432138
11186	0.08275960655202859
11590	0.09513293874546719
11721	0.11492767630181963
11841	0.05945113499587953
12532	0.08760732879705238
12577	0.13639367147030418
12676	0.052184516794250256
12862	0.1000684339617442
13002	0.20882167017544528
