203
t_index	tf-idf
51	0.05661657667757535
66	0.03680915544116269
73	0.02265487902054389
76	0.048635979567880794
81	0.0237926387958922
112	0.0318192516592001
114	0.06281579649648183
178	0.1065592605364838
181	0.07842134693693142
208	0.03733182313674056
259	0.06288731517768766
291	0.1076009782270371
342	0.028508446540505772
359	0.07065433105730955
413	0.07843539124182274
478	0.014068496333973913
498	0.03199571885416247
507	0.04735328341844387
557	0.01927777465897549
643	0.04674582100541994
710	0.02505911506113314
742	0.07143042219270436
784	0.046033473233896664
1040	0.02962169907358601
1140	0.28378902493167785
1233	0.04235244216827074
1279	0.04898723053661657
1283	0.03311719757282594
1435	0.03331552903870968
1458	0.03147444182918115
1635	0.13924722567287706
1656	0.2515492607107506
1666	0.25411465300962444
1720	0.06032456023670415
1800	0.04609618506800245
1917	0.01927777465897549
1978	0.04235244216827074
2063	0.03129433398253016
2078	0.01646168709491869
2160	0.014887863140921997
2273	0.044852862793357304
2287	0.023209324600454828
2323	0.03147444182918115
2347	0.0475852775917844
2408	0.04149006020181212
2495	0.10310377324101896
2498	0.010980390122804946
2525	0.04807646564089464
2782	0.06786499561825607
2924	0.020232004969944428
2964	0.05057688626598121
2986	0.05341382524103487
3085	0.05341382524103487
3235	0.03653913188624702
3294	0.03458542628864886
3314	0.02554851315908779
3474	0.07842134693693142
3502	0.08382591400984825
3503	0.07988405104678478
3581	0.02515529964563045
3589	0.21196299317192865
3780	0.023878504620593786
3805	0.07065433105730955
3815	0.030656163404079593
3838	0.066110918025225
3848	0.049927498157537574
3858	0.0357639902612267
3872	0.03766061060491049
3901	0.052619878672979195
3917	0.044852862793357304
3980	0.029893594725288596
3984	0.07842134693693142
4083	0.01916401291747472
4095	0.07065433105730955
4099	0.02440799376414862
4310	0.015771904108199446
4330	0.035766036729188204
4431	0.029747116361153406
4466	0.03414594112530224
4468	0.05380048911351855
4529	0.049679972884546016
4708	0.012877116613132258
4937	0.1076009782270371
4949	0.022126578845666708
4984	0.02945978176418512
4991	0.04735328341844387
5150	0.1257746303553753
5232	0.022968338209474068
5298	0.07065433105730955
5315	0.01477254031899351
5524	0.02440799376414862
5595	0.035278767121180506
5600	0.01477254031899351
5712	0.04881598752829724
5765	0.0180857359305592
5778	0.07432625400608694
5802	0.030642335399959034
5815	0.04807646564089464
5818	0.07065433105730955
5841	0.21914155107210254
5852	0.03049944147465288
5856	0.021481999132427078
5981	0.17941145117342922
5995	0.026596513350247306
6014	0.03994202552339239
6150	0.03736954397283958
6170	0.066110918025225
6184	0.020895930517551606
6313	0.28378902493167785
6432	0.014507981497320525
6454	0.016777354033888924
6458	0.03795943992194168
6511	0.040689331404874234
6606	0.026818410409026962
6608	0.034811806418219265
6619	0.06038689455260108
6636	0.07842134693693142
6807	0.01916401291747472
6905	0.04667395814157564
6957	0.039241457708803044
7106	0.04807646564089464
7121	0.035766036729188204
7135	0.048635979567880794
7180	0.15064244241964195
7212	0.03826645735427477
7420	0.09085525296906474
7469	0.05661657667757535
7516	0.06584463105050468
7664	0.09707164757464214
7710	0.07842134693693142
7912	0.01234117086594616
7913	0.017747924009809683
7996	0.03853461220177204
8009	0.1074099956621354
8043	0.07575695102235845
8058	0.02877211600662513
8220	0.10310377324101896
8221	0.035519753512161266
8312	0.023048092534001224
8399	0.009171570220720638
8468	0.06288731517768766
8656	0.027511751241558614
8783	0.024052235779578206
8791	0.03826645735427477
8794	0.015554507658871987
8848	0.03199571885416247
8850	0.03958626753882198
9045	0.01834573449237315
9054	0.048849560797953454
9262	0.028906314440444166
9368	0.030042013256564307
9383	0.04149006020181212
9486	0.020547671908914662
9509	0.08137866280974847
9726	0.039241457708803044
9787	0.018189012562946444
9856	0.01673171064983436
9950	0.02812422254641708
10213	0.017388283766008563
10297	0.07065433105730955
10421	0.023622856225176295
10719	0.03130593586744322
10744	0.02477541800202898
10751	0.033517434236179144
10829	0.04328676939178315
10971	0.066110918025225
11054	0.039241457708803044
11066	0.057279011514490594
11154	0.15465565986152846
11165	0.027511751241558614
11167	0.047930067016842444
11210	0.04694150097379524
11244	0.09155659009783082
11248	0.07653291470854955
11380	0.03795943992194168
11386	0.03130593586744322
11459	0.05155188662050948
11474	0.025649011010235243
11492	0.15957908010148383
11493	0.05665368343655444
11530	0.029893594725288596
11634	0.03606890476866068
11644	0.027159719087543575
11762	0.05057688626598121
11776	0.035278767121180506
11786	0.06917085257729771
12148	0.024015121744467918
12291	0.017149352852478678
12302	0.07842134693693142
12364	0.066110918025225
12405	0.03331552903870968
12458	0.06288731517768766
12620	0.029747116361153406
12627	0.066110918025225
12681	0.049679972884546016
12718	0.02515529964563045
12749	0.02107199844685316
12869	0.01682318409897027
12887	0.026818410409026962
12963	0.1530756191016638
12964	0.04810447155915641
12979	0.07842134693693142
13020	0.06288731517768766
