146
t_index	tf-idf
27	0.10525961925828814
209	0.07408495682429177
499	0.044497338499105366
544	0.09957925144304408
705	0.044497338499105366
710	0.03182000841709073
745	0.03954140907115414
949	0.05368526833415979
1428	0.030765553001543648
1462	0.12209477769867148
1616	0.047129804089417394
1649	0.08394749626602058
1699	0.09957925144304408
1907	0.09957925144304408
1917	0.024478875268137277
1996	0.04606129256812324
2004	0.04335843988768015
2160	0.0756183016520634
2204	0.030653073073947507
2224	0.03231496742657529
2276	0.07189160279731949
2397	0.02650384109619812
2498	0.01394287488916594
2508	0.04085575548805743
2576	0.0899887504511315
2580	0.047821359354372976
2587	0.04282144647024474
2709	0.027910282570816628
2914	0.06202906335559068
2948	0.03722898625944405
2972	0.022389608294534555
3272	0.023701932880280885
3410	0.05268398591197355
3548	0.06422241738256297
3568	0.04940394851288295
3600	0.0447968998107863
3769	0.04541563367231223
3820	0.05322097932940895
3858	0.06811955260778821
3946	0.09318149097299024
4074	0.03508653975276271
4255	0.03740796518213672
4310	0.020027128661651974
4363	0.09957925144304408
4377	0.05695406514290166
4422	0.023096367586787136
4637	0.06546047065827003
4669	0.04982871548124652
4774	0.0897167120013153
4980	0.034196960304223
4991	0.060129093676128884
5082	0.09279461635713433
5117	0.01781861359249602
5124	0.3983170057721763
5213	0.03218960417734946
5279	0.022578905588675476
5294	0.03587285233308363
5301	0.06308351877113776
5372	0.09957925144304408
5384	0.07189160279731949
5412	0.03777282201254543
5429	0.03145977052414935
5446	0.19364061381905323
5675	0.08130639052619158
5688	0.05491130972761171
5906	0.06308351877113776
6009	0.05956775699057743
6040	0.06422241738256297
6184	0.026533605968500976
6439	0.04156145234710114
6450	0.06308351877113776
6454	0.021303846734910054
6489	0.0897167120013153
6557	0.05545336942131328
6671	0.06020727319557784
6685	0.04420395415159488
6711	0.05695406514290166
6986	0.051184849407606946
7212	0.04859066220553945
7275	0.028190199206253815
7331	0.03269782379985641
7372	0.05768389879610177
7600	0.09887672108554782
7604	0.08881118550365714
7662	0.03705223073495002
7717	0.048957750536274554
7792	0.19876103772554785
7819	0.11390813028580332
7912	0.031341582483911105
7913	0.022536274325742046
7963	0.07985417255958649
8177	0.4978962572152204
8242	0.06104738884933574
8340	0.05377903660967443
8399	0.011646039411579793
8433	0.03269782379985641
8464	0.07408495682429177
8486	0.04108712053279646
8502	0.0988078970257659
8551	0.021188166124195443
8742	0.05496544323432791
8798	0.03145977052414935
8893	0.03363337626655917
9125	0.030765553001543648
9254	0.046740183486385034
9337	0.028002977600564714
9368	0.22888368859590555
9381	0.040404014792671285
9516	0.03493436036905749
9659	0.03539587012541316
9722	0.09957925144304408
9856	0.021245888867632717
10107	0.035240364350870315
10164	0.030765553001543648
10329	0.07409503336006873
10418	0.08394749626602058
10431	0.05768389879610177
10459	0.07189160279731949
10481	0.028379917173499063
10913	0.06268337974699197
10916	0.058453201647268256
11210	0.03973747549752182
11237	0.06810791545243366
11441	0.032958907028515935
11447	0.07985417255958649
11459	0.06546047065827003
11554	0.04062809244327245
11620	0.039128955938905856
11634	0.06870032225005447
11659	0.011794101483759221
11699	0.039114298620731784
11715	0.0447968998107863
11760	0.04541563367231223
11782	0.044497338499105366
11841	0.05198145555447726
11937	0.04156145234710114
12275	0.035240364350870315
12291	0.0653286300153396
12409	0.046740183486385034
12475	0.08217424106559292
12485	0.027818187513101403
12568	0.034196960304223
12590	0.06104738884933574
12631	0.034196960304223
12776	0.06198643209265725
12964	0.03054147535094248
