322
t_index	tf-idf
14	0.057463360783240484
76	0.027106542787937116
81	0.05304189921032868
99	0.03066653406906532
101	0.0313492376880336
114	0.1166981790448479
148	0.03508362787176454
230	0.046531892231669994
287	0.03586453006025707
318	0.057463360783240484
348	0.026331698003422326
413	0.04371480347831096
448	0.07875628968406057
478	0.03136347216418709
498	0.0713293598571969
507	0.052783302178169386
554	0.021681021596697818
557	0.021488364305293998
575	0.03880368930922145
583	0.0360676299296099
586	0.03417151715292917
587	0.04014803577931303
643	0.026053090911269932
660	0.022552016563710028
742	0.04777282528851891
778	0.05460461462485954
859	0.07369188177651208
908	0.03471075341323366
940	0.043006350948260476
949	0.04712669970149627
960	0.04043518329351253
1019	0.024746286900333033
1054	0.044522192562220786
1134	0.03759007845552394
1140	0.06326624375948733
1190	0.11526918620409765
1202	0.04103007509332171
1252	0.11173061271389007
1258	0.0220088715671016
1277	0.05637655677258463
1279	0.09100769104143257
1283	0.11074427709693462
1337	0.08741395218602428
1428	0.027007017426634722
1433	0.0423122631266898
1435	0.03713583324173169
1447	0.03107166255909552
1460	0.028039867285328427
1560	0.03120967906567375
1635	0.03880368930922145
1660	0.036484014045126724
1669	0.02410147964280925
1681	0.030274134255991954
1753	0.07009862718209685
1800	0.025691025944333024
1917	0.021488364305293998
2008	0.02671311288400033
2019	0.03759007845552394
2063	0.05232430048623838
2078	0.036698709849341996
2095	0.04624774095748767
2103	0.043006350948260476
2112	0.02916588755035773
2146	0.03713583324173169
2160	0.09957035992757857
2170	0.0482504794637598
2281	0.03932419657102905
2286	0.047718894270620905
2287	0.051741493104567736
2291	0.0383040080076489
2293	0.03471075341323366
2302	0.027932653178472516
2323	0.03508362787176454
2347	0.05304189921032868
2372	0.04197916693986002
2379	0.04999615738273445
2386	0.019490347162433686
2418	0.033158229344839064
2498	0.03671854672238774
2576	0.026331698003422326
2709	0.024500566842875333
2781	0.04742950017878852
2782	0.03782355005232146
2794	0.020626618036784544
2811	0.032837945981930544
2818	0.023047450163572777
2849	0.04916387519627339
2906	0.0314903732773493
2924	0.045104033127420055
2972	0.05896301048341443
2976	0.0313492376880336
2977	0.044522192562220786
2986	0.02976940430165977
2998	0.030274134255991954
3006	0.07875628968406057
3024	0.07369188177651208
3042	0.02174590676472972
3080	0.06905681810849519
3164	0.0467191314955332
3216	0.04999615738273445
3245	0.044125639676205655
3383	0.2818827838629231
3403	0.0169888344584608
3432	0.022552016563710028
3433	0.0220088715671016
3496	0.02220979332732741
3522	0.047718894270620905
3578	0.044522192562220786
3581	0.16823920371197054
3702	0.0314903732773493
3722	0.059969811366999866
3757	0.09543778854124181
3793	0.03932419657102905
3804	0.0482504794637598
3839	0.022075487014377306
3848	0.027826351543163
3858	0.09966265107606931
3876	0.05445115824565914
3889	0.052026078417161115
3910	0.03986734156763748
3911	0.07009862718209685
3930	0.052783302178169386
3946	0.020449446743416953
3993	0.027932653178472516
4014	0.10820288978882969
4078	0.036274086973222236
4186	0.03417151715292917
4226	0.0673114823866619
4247	0.04054950690319296
4276	0.01372207040951221
4287	0.021811130760240244
4405	0.03546797717424193
4414	0.04579349574369542
4422	0.1013737672579824
4467	0.05537679399749693
4560	0.052783302178169386
4568	0.08741395218602428
4606	0.10699403978579536
4708	0.014353740402080472
4809	0.029403806491605757
4844	0.09761139656255352
4858	0.030800122152708585
4972	0.02525272248989349
4980	0.030019219964216064
5054	0.020988683003721448
5106	0.04535519228925588
5232	0.025602126161516844
5246	0.015522620978003087
5255	0.06310882074762288
5294	0.0314903732773493
5297	0.04535519228925588
5304	0.034528409054247595
5417	0.033158229344839064
5443	0.0846245262533796
5563	0.052026078417161115
5600	0.016466513054782573
5688	0.12050739821404625
5715	0.03107166255909552
5721	0.0467191314955332
5754	0.06503421927454836
5802	0.13662441394557098
5810	0.025961585983641455
5820	0.047718894270620905
5841	0.03489579926823053
5852	0.03399682386110869
5967	0.058653819884698165
6014	0.044522192562220786
6034	0.0423122631266898
6150	0.04165472358798472
6184	0.023292074702730363
6313	0.06326624375948733
6350	0.04938675033811066
6447	0.05637655677258463
6454	0.018701219509859063
6511	0.04535519228925588
6532	0.03986734156763748
6620	0.05637655677258463
6667	0.032837945981930544
6849	0.014425939254885205
6883	0.036484014045126724
6901	0.04165472358798472
6905	0.052026078417161115
6957	0.04374129037372827
7029	0.061870308919664704
7135	0.027106542787937116
7137	0.04720901258729951
7176	0.026331698003422326
7180	0.04197916693986002
7183	0.10193300675076479
7226	0.02319268862279933
7227	0.043006350948260476
7275	0.024746286900333033
7276	0.03806146899356948
7319	0.047718894270620905
7341	0.020806338644735387
7411	0.06310882074762288
7463	0.0673114823866619
7604	0.09745173581216843
7616	0.022621600959599017
7664	0.0360676299296099
7677	0.014389787661609053
7753	0.04165472358798472
7792	0.03489579926823053
7819	0.04999615738273445
7890	0.059969811366999866
7913	0.05934925532619531
8009	0.04789069605071677
8043	0.05629601932879483
8058	0.03207142533418321
8113	0.022903881148898093
8151	0.04720901258729951
8178	0.052783302178169386
8220	0.057463360783240484
8221	0.07918563392359215
8305	0.03237241259135799
8391	0.04043518329351253
8398	0.05421308557587423
8399	0.02044655523169235
8553	0.05421308557587423
8576	0.06942150682646732
8617	0.041016450096788004
8623	0.019544771504565378
8794	0.008669074441320658
8803	0.08601270189652095
8810	0.036697529787292155
8824	0.027932653178472516
8841	0.036697529787292155
8930	0.02661666169617082
8938	0.060292053614515444
8957	0.02410147964280925
9045	0.020449446743416953
9051	0.03332150443789629
9142	0.04999615738273445
9266	0.02661666169617082
9322	0.08222990228293853
9328	0.028367144526440444
9337	0.024581937598136695
9364	0.0360676299296099
9391	0.06007626053051054
9486	0.045807762297796185
9668	0.03417151715292917
9726	0.04374129037372827
9745	0.04999615738273445
9787	0.02027475345159648
9856	0.055951026545537325
9873	0.04197916693986002
9900	0.04999615738273445
9949	0.02187669714049763
9950	0.0313492376880336
10050	0.060807138533386894
10053	0.052783302178169386
10063	0.025426202594713128
10073	0.07009862718209685
10094	0.04851917532459739
10103	0.031203850320669937
10110	0.026331698003422326
10173	0.04880569828127676
10200	0.04165472358798472
10201	0.044522192562220786
10207	0.02105006085085446
10217	0.04374129037372827
10219	0.02661666169617082
10284	0.04374129037372827
10329	0.10840510798348908
10445	0.03932419657102905
10478	0.032680832378806986
10481	0.024912827591062076
10547	0.04624774095748767
10608	0.06144096468013311
10615	0.05537679399749693
10654	0.09082240276797587
10714	0.030800122152708585
10744	0.027616424471258512
10796	0.022277491957868625
10798	0.04579349574369542
10849	0.04938675033811066
10916	0.05131214886503615
10922	0.024996938122762342
11046	0.052783302178169386
11073	0.047718894270620905
11167	0.08013933865200099
11210	0.03488286699082559
11224	0.05537679399749693
11244	0.05102770930193088
11380	0.0423122631266898
11410	0.05544189395751939
11483	0.05637655677258463
11491	0.04880569828127676
11492	0.059292691011370344
11493	0.02105006085085446
11634	0.060307409398087174
11656	0.0673114823866619
11659	0.02070650277519159
11671	0.03736089098387809
11699	0.017167910884418287
11703	0.032997061086021
11715	0.03932419657102905
11735	0.04103007509332171
11827	0.04336841591519739
11841	0.015210345544047996
11870	0.03489579926823053
12082	0.0673114823866619
12128	0.0673114823866619
12148	0.06692236189212454
12291	0.09557937786209166
12405	0.03713583324173169
12469	0.02916588755035773
12475	0.0360676299296099
12620	0.0994746880345172
12626	0.04113456253202309
12628	0.03736089098387809
12636	0.05673428905288089
12676	0.013351209065137872
12704	0.057463360783240484
12718	0.056079734570656854
12785	0.025426202594713128
12795	0.08087036658702507
12869	0.056256914777047355
12880	0.036274086973222236
12963	0.24646390560083214
12964	0.16086188803366924
13036	0.04579349574369542
