107
t_index	tf-idf
27	0.04753112493623479
200	0.043106011769818146
323	0.04949301554338581
376	0.0365968921727623
478	0.02420024677952457
761	0.06750209389812331
926	0.1316498493325505
1019	0.03818877238654724
1258	0.033964359588406906
1334	0.1427401581441882
1675	0.12153766877701123
1749	0.08700099142940587
2178	0.23146404333478543
2214	0.04732497017288163
2255	0.0687071916993654
2282	0.0687071916993654
2302	0.043106011769818146
2347	0.08185490712411331
2458	0.11372221259835534
2508	0.05534658111489067
2545	0.04926490298008817
2576	0.12190619453181027
2709	0.03780957419075913
2842	0.1003616020138806
2924	0.03480254758533391
2940	0.12220023805477734
2973	0.0713700790720941
2986	0.04594050855136112
3042	0.03355854909150695
3205	0.10770324783417616
3256	0.06478276347881542
3403	0.026217376968912406
3433	0.033964359588406906
3793	0.06068558075735636
3819	0.07531755007677919
3848	0.04294196578702069
3858	0.09228037271319282
4210	0.0652968015853363
4247	0.0312882473186699
4287	0.10097761067558271
4332	0.05949080237068684
4362	0.0925461458352247
4422	0.0625764946373398
4682	0.05193619100086156
4708	0.022150867615749713
5042	0.0680952264391123
5054	0.03238999212894943
5076	0.08867816066125392
5213	0.04360669671568481
5496	0.0713700790720941
5515	0.0925461458352247
5623	0.046919159675981675
5712	0.041985970530415945
5715	0.09590033882011866
5716	0.08545814529607938
5758	0.09481644760806177
5802	0.052710116346208334
6184	0.017972307175123194
6204	0.4627307291761235
6292	0.3459347014818755
6820	0.08545814529607938
6845	0.08700099142940587
6849	0.022262285767791448
7015	0.04632602713499269
7097	0.0680952264391123
7215	0.06110011902738867
7226	0.07158248107405785
7362	0.027640553532546186
7600	0.044648857903144636
7616	0.03490993107551014
7677	0.022206496187213386
7767	0.12391387898460893
7843	0.06027977026045641
7913	0.06105899744586591
8009	0.03695275372584335
8504	0.06068558075735636
8513	0.07364038084493114
8824	0.08621202353963629
9068	0.061956939492304464
9198	0.036247481638825615
9262	0.049723860058588455
9266	0.041075157630663314
9391	0.023177604871336306
9441	0.019362954780187135
9462	0.05988232758944583
9526	0.07285352519960327
9781	0.03316110642049637
9806	0.08274801054032567
9807	0.15073925847369624
9856	0.05756287198821283
10050	0.14075747902794503
10329	0.033458417507192376
10834	0.13489827936148593
11122	0.27519084974602326
11124	0.11372221259835534
11130	0.0925461458352247
11191	0.07285352519960327
11659	0.015977264075778548
11699	0.02649372989807023
11739	0.05473461585463757
11782	0.12055954052091282
11841	0.023472791140014014
12400	0.07918553525074999
12405	0.1146169434440834
12636	0.0437765241282297
12676	0.04120749800786434
12869	0.028938786146554304
