89
t_index	tf-idf
114	0.05195111198861147
189	0.08694541948451281
230	0.15536126382746324
660	0.15059390998981215
742	0.0354454459199748
746	0.07894728389379727
858	0.09653267302111208
949	0.15734721444787086
1190	0.06414370012388772
1202	0.09132781863096262
1236	0.0900036638426897
1252	0.06217459455199338
1258	0.1469669913725969
1283	0.0821676394703303
1676	0.1000124581178148
1720	0.04989076250424174
1737	0.23497806607016292
1800	0.114370025038989
1810	0.08472007251184646
2103	0.0957267616607787
2160	0.03693852924471688
2498	0.027243631797955418
2739	0.14047234673940306
2873	0.10508136116040119
2972	0.04374809709801796
3042	0.04840367034322861
3216	0.11128519709774133
3302	0.10621629405515493
3331	0.125487168625797
3339	0.10621629405515493
3403	0.03781502199654262
3839	0.04913727478328145
3858	0.04436732080579428
3910	0.08873971913788825
4014	0.16056407194810318
4020	0.07809177038796637
4135	0.04989076250424174
4155	0.18988711015045676
4186	0.07606152593650757
4191	0.09736264495860848
4197	0.08637216216115622
4222	0.08936450936789292
4276	0.09163084065170594
4422	0.09025813390803525
4606	0.23815535891479728
4831	0.07274344795645711
4915	0.06439994152465973
5080	0.14047234673940306
5272	0.08168411432334122
5688	0.10729376227315704
5971	0.11271125302089893
6184	0.025922623455495803
6350	0.2198574663776688
6532	0.08873971913788825
7029	0.2065733613259876
7140	0.11271125302089893
7183	0.03781502199654262
7604	0.0867661532013606
7913	0.022017337339278093
8380	0.14047234673940306
9111	0.10399094708248854
9142	0.11128519709774133
9266	0.11849072400772846
9322	0.061011161403409495
9337	0.1094326409812338
9856	0.24907998305851123
9949	0.04869479337163251
10174	0.08265972302747673
10219	0.05924536200386423
10329	0.09651848813893547
10432	0.11271125302089893
10796	0.049586912538020424
10855	0.07767368739401025
11008	0.07809177038796637
11167	0.059460050292121064
11389	0.125487168625797
11687	0.1099287331888344
11735	0.09132781863096262
11800	0.10294169066594396
11810	0.08419049468714716
12148	0.05958432506241645
12291	0.04254954964813184
12640	0.1279062585091771
12718	0.062413239752699114
12749	0.10456418406134142
12768	0.07767368739401025
12887	0.066539612019117
12963	0.04219983440588848
12964	0.05967640932315515
