181
t_index	tf-idf
6	0.09883093774532742
46	0.051493133178091365
105	0.04467806932536441
135	0.05264347651959073
148	0.04467806932536441
188	0.04492091603781937
413	0.03711309498336337
478	0.01997027486378379
614	0.06721813498186842
638	0.033652765817067665
643	0.03317792008649519
660	0.028719394788447983
742	0.02027914186364919
849	0.05304618538867403
1040	0.021024047573700678
1134	0.04786996764759941
1279	0.023179176021091267
1448	0.09883093774532742
1660	0.04646142396486881
1690	0.04084210930754631
1790	0.12289141102188463
1849	0.05431935675902241
2073	0.08926874199846192
2105	0.06824469442476123
2107	0.05669783105335618
2160	0.04226673725473056
2224	0.03612480597352755
2342	0.06534466026731917
2498	0.031173396738136155
2576	0.03353271882689971
2580	0.05345935538979881
2639	0.0763699637756159
2688	0.14635613090676183
2703	0.05721939091646449
2709	0.062401643747776625
2754	0.04786996764759941
2760	0.0467333305979397
2781	0.09060031525819161
2794	0.0788023525358059
2820	0.05112745843678742
2848	0.03503678189170642
2986	0.03791054659529034
3042	0.02769283534555516
3043	0.08571938704448098
3138	0.11131934901505541
3272	0.026496320271502817
3319	0.06824469442476123
3410	0.05889527115589616
3581	0.07141605417928591
3771	0.03939509849434882
3919	0.06144570551094231
3933	0.07824343849016517
3946	0.18229279532466
3998	0.03684466413930265
4013	0.035436120456572066
4016	0.11131934901505541
4078	0.04619408740816774
4150	0.06824469442476123
4332	0.02454618926065754
4369	0.08281935288703891
4552	0.10029404550675868
4598	0.0763699637756159
4666	0.05431935675902241
4741	0.11131934901505541
4744	0.08571938704448098
4775	0.05619283147357166
4841	0.06721813498186842
4868	0.08926874199846192
4878	0.05570337283366116
4972	0.12863468854264812
5042	0.05619283147357166
5077	0.040653868640811025
5113	0.06824469442476123
5279	0.02524089140237581
5284	0.09384465639533567
5410	0.11131934901505541
5411	0.06934210543556281
5443	0.05388354454667824
5561	0.05388354454667824
5630	0.041818253016644893
5688	0.030692594912395305
5712	0.03464722403676269
5716	0.0705208780083938
5732	0.06824469442476123
5802	0.04349689162783336
5956	0.05112745843678742
6009	0.13318123674128693
6013	0.035571492768954285
6124	0.11131934901505541
6134	0.16073481788771915
6217	0.058316801927266064
6327	0.08281935288703891
6328	0.10029404550675868
6439	0.04646142396486881
6497	0.04264473245418682
6563	0.041032604407096045
6646	0.025599961970574424
6671	0.033652765817067665
6807	0.02720337670564466
6849	0.036742101841296296
6932	0.12733756005577498
7135	0.034519463103332135
7275	0.157568699240514
7329	0.08571938704448098
7604	0.17374308022449803
7677	0.05497503847714031
7717	0.02736486185607021
7880	0.06934210543556281
7912	0.017518330920604442
7913	0.025193234040338366
7937	0.15648687698033034
7996	0.03646666893984641
8113	0.029167485002710717
8133	0.07824343849016517
8398	0.1035583893099964
8399	0.013019072820026718
8452	0.11131934901505541
8455	0.11899114900019407
8486	0.09186233968087358
8598	0.06366878002788749
8773	0.060768745870445416
8798	0.035168783899870985
8803	0.10953489394657027
8927	0.0402839414865167
8934	0.06824469442476123
8938	0.03839016536436696
8985	0.08036740894385958
9045	0.026041827903522854
9205	0.0467333305979397
9219	0.08281935288703891
9308	0.09384465639533567
9328	0.03612480597352755
9337	0.03130444537194594
9382	0.0763699637756159
9391	0.01912638099031209
9397	0.04786996764759941
9426	0.05077000180504148
9441	0.015978495288011686
9516	0.03905301755321119
9545	0.06721813498186842
9620	0.047009966278375816
9856	0.09500286389856347
9899	0.04567252754505943
10032	0.0763699637756159
10103	0.03973727554461909
10167	0.09633457506423013
10279	0.10029404550675868
10329	0.30371226386018424
10681	0.035984662770079064
10744	0.035168783899870985
10769	0.04285824103838149
10887	0.05619283147357166
10894	0.030592869502997236
11105	0.05264347651959073
11153	0.11131934901505541
11338	0.07317806545338092
11412	0.043294053250725655
11441	0.03684466413930265
11474	0.03640885192695849
11493	0.026806694035040605
11519	0.10671447830686286
11659	0.013184590970143174
11663	0.11131934901505541
11666	0.08926874199846192
11703	0.042020881880377295
11720	0.10029404550675868
11776	0.05007832106150794
11988	0.05669783105335618
12030	0.0763699637756159
12076	0.07317806545338092
12291	0.04868712079385027
12391	0.02197814151223207
12568	0.07645736042788281
12620	0.042226125382185065
12626	0.0261918870418949
12723	0.14938816707236846
12811	0.05345935538979881
12869	0.0477611256476866
12873	0.04847027099180029
12876	0.058316801927266064
12963	0.048286960783148467
