152
t_index	tf-idf
15	0.11289416016269185
52	0.1075405044022
101	0.171227611007069
105	0.04790615521279741
114	0.09560974307687173
189	0.0533375122650401
208	0.028410735975423696
212	0.045277053085317105
310	0.10964305291133387
342	0.043391716754099405
413	0.039794595324890915
445	0.08188785669288835
446	0.11464381588332706
529	0.08389669395505481
660	0.030794432372034296
705	0.0533375122650401
734	0.08009089052849111
744	0.07777300982797437
1040	0.0676292396790174
1140	0.04319454225701543
1162	0.05406338368473533
1329	0.07104081131163632
1413	0.06914381316523611
1460	0.03828800827631237
1500	0.06373982871791448
1572	0.09191279575206371
1813	0.05070841013755978
1978	0.06446318187835484
2160	0.02266029962617609
2275	0.039987235468126575
2291	0.0523035348451942
2302	0.03814160905948068
2397	0.03176929221435486
2498	0.10027722360416137
2501	0.07317551928562159
2508	0.04897246516183332
2585	0.05687888552592279
2654	0.051972351545219724
2781	0.06476425429934211
2900	0.03005277621818144
2972	0.026837695181323937
2998	0.04133886552159674
3041	0.03660907306076443
3084	0.05644708008134593
3216	0.34134492652459264
3272	0.05682147195084739
3403	0.04639598523997286
3533	0.044392356720595064
3569	0.05101572302910325
3737	0.052985841990782545
3757	0.06515941748861269
3759	0.07846533690281213
3821	0.10062513315933047
3858	0.027217563980671163
3889	0.07104081131163632
3985	0.06826898530491853
3993	0.03814160905948068
4013	0.03799645580853623
4287	0.029782764182367215
4310	0.024005867691297415
4328	0.05040653669879401
4423	0.044625174857773335
4431	0.045277053085317105
4606	0.04869957287539333
4708	0.11759887285881479
4783	0.06914381316523611
4858	0.0841141878379276
5090	0.1075405044022
5110	0.032486441872653225
5279	0.027064599690414595
5630	0.04483971107064134
5729	0.04572590541191274
5744	0.040481629621621606
5802	0.02331981745252168
5810	0.07090029413427136
5820	0.06515941748861269
5841	0.0476496781384426
6009	0.07140193270547474
6013	0.03814160905948068
6313	0.04319454225701543
6449	0.07599291161707246
6501	0.04187468144175403
6557	0.033235075078777605
6619	0.09191279575206371
6646	0.054899227747417734
6849	0.019698398568156944
6901	0.05687888552592279
7072	0.05777674567068587
7135	0.037013568004645975
7275	0.03379067482761282
7286	0.06025288350790962
7377	0.11744902386913739
7439	0.05616861359014601
7440	0.05777674567068587
7604	0.05322753962205293
7640	0.043997297671851114
7797	0.045056980302350204
7913	0.013506749491115539
8009	0.06539401018162581
8155	0.10062513315933047
8221	0.05406338368473533
8290	0.05602593759681624
8312	0.0350807014874235
8620	0.2512480886505242
8707	0.05264127665478226
8794	0.011837488051554648
8803	0.05872451193456869
8808	0.05561494411826286
8882	0.11936240962577258
8995	0.06826898530491853
9045	0.05584681112721511
9211	0.039987235468126575
9215	0.04081937143120966
9229	0.06588528890830792
9322	0.11228366907488488
9337	0.06713251675750417
9370	0.05602593759681624
9463	0.06743684934183544
9468	0.04099078396992789
9856	0.02546675590680153
9873	0.11464381588332706
10050	0.0415156070414675
10173	0.06664343167923954
10219	0.03634464289508345
10678	0.05264127665478226
10750	0.06743684934183544
10751	0.05101572302910325
10789	0.06588528890830792
11100	0.10062513315933047
11210	0.047632019312198036
11353	0.033235075078777605
11459	0.07846533690281213
11474	0.03903946920424376
11519	0.07628321811896135
11594	0.08030089264329426
11644	0.12401659656479024
11659	0.014137205814181058
11841	0.08307797325143572
11845	0.08009089052849111
11887	0.11843781217612745
12074	0.05101572302910325
12148	0.01827629153820386
12327	0.08880322793575787
12348	0.19547825246583808
12391	0.023566109155394394
12808	0.3018753994779914
12839	0.039825571660191
12869	0.0256059844680557
12887	0.04081937143120966
12963	0.2588789839133122
12964	0.1098272191822933
12971	0.0476496781384426
