185
t_index	tf-idf
27	0.11150482298917072
67	0.053248940777837706
99	0.037007065925568
114	0.11266110987515458
126	0.04844893797000204
367	0.05026714458373895
376	0.028617949390370462
412	0.03235354475754301
413	0.01758438705638845
493	0.028617949390370462
554	0.05232746509635899
616	0.07078092928176717
656	0.05065866898897238
708	0.040210970978825034
710	0.03370793501879637
714	0.07615703439561586
741	0.06466941772697193
742	0.01921673629545953
745	0.0837749148303947
778	0.021964840333889544
846	0.3715278821312516
1190	0.10432645477887625
1252	0.06741587003759274
1258	0.026559367915420656
1279	0.06589452100166864
1382	0.1900794656368542
1669	0.05816927625641926
1745	0.058896635980149395
1813	0.04481394036517381
1845	0.03057821965809988
1917	0.025931241942362564
1922	0.07414433679813241
2017	0.19805338164266065
2037	0.08962788073034762
2063	0.021047578371507305
2146	0.1344418210955214
2160	0.1602096872451137
2195	0.058896635980149395
2224	0.03423226065410048
2273	0.06033323127161983
2282	0.05372748389466615
2302	0.06741587003759274
2388	0.05637865613853419
2554	0.046826637962657264
2576	0.0953279116984834
2659	0.08459203480827976
2781	0.11447179756148185
2816	0.03562889257587314
2818	0.027812680288508935
2849	0.05932886861121375
2878	0.06466941772697193
2972	0.02371801577158342
2986	0.035924447969088294
2989	0.054221719716824594
3272	0.05021640490322835
3294	0.046522125745107265
3356	0.04622364387054946
3410	0.05580980213374669
3581	0.03383731643215178
3651	0.06803282524333716
3739	0.043038615265730676
3771	0.037331225561204655
3793	0.04745476393571535
3848	0.06715930947440453
3858	0.09621491076579011
3876	0.0657093363854685
3910	0.0962204163240587
3941	0.054221719716824594
4014	0.0870497562964242
4025	0.1336527082973631
4135	0.027048259705575603
4195	0.046826637962657264
4206	0.05147361567839458
4222	0.04844893797000204
4234	0.04844893797000204
4287	0.026320742739872206
4308	0.04915012682052592
4422	0.09786683241321856
4449	0.09977106652294496
4606	0.043038615265730676
4980	0.14490365944164624
5110	0.028710138314500623
5117	0.05662745225217756
5246	0.018732037229144672
5279	0.04783708868975823
5299	0.06466941772697193
5595	0.04745476393571535
5675	0.028710138314500623
5688	0.02908463812820963
5712	0.03283208787437146
5765	0.024327786916144734
5778	0.0333263236965299
5802	0.02060906476478098
6146	0.058896635980149395
6184	0.014053941376712432
6390	0.12384262737708385
6430	0.02729878362414135
6454	0.022567834425997343
6532	0.04811020816202935
6557	0.02937174856344426
6606	0.03607442773495991
6646	0.024258803536659917
6796	0.03370793501879637
6799	0.06278285343549206
6838	0.10548743082857444
6969	0.040210970978825034
7019	0.04061293725639011
7029	0.037331225561204655
7039	0.027987947869234555
7064	0.04428501444229913
7135	0.03271102021859469
7226	0.027987947869234555
7275	0.11945105614754675
7377	0.05189823085895594
7562	0.02880289455865675
7600	0.034914406113451986
7604	0.23520120034692082
7792	0.042110762864052444
7794	0.08333482403311353
7850	0.05959782483067327
7913	0.02387338370815353
7930	0.0950397328184271
8009	0.028896225148540757
8113	0.02763942732229602
8398	0.06542204043718938
8417	0.04879545534834065
8551	0.04489058063845365
8620	0.037007065925568
8721	0.01840178960603733
8728	0.05026714458373895
8783	0.03235354475754301
8794	0.010461469452044543
8798	0.0333263236965299
8803	0.05189823085895594
8854	0.1074549677893323
8938	0.03637893995250991
8944	0.06369663878798505
8968	0.03259091725558333
9266	0.06423970520374855
9315	0.10294723135678915
9322	0.132308720552259
9368	0.04041061419031203
9374	0.029664434305606877
9391	0.03624873500551352
9457	0.04001393755733815
9495	0.04454715743417714
9528	0.023195960399055436
9543	0.2311182193527473
9829	0.07848052325348451
9855	0.06369663878798505
9856	0.04501287567115045
9900	0.06033323127161983
9989	0.07887567050265026
10094	0.02927543614559984
10103	0.05648321440635748
10219	0.03211985260187428
10329	0.23547359293361544
10688	0.037007065925568
10796	0.026883527551057305
10878	0.03283208787437146
10894	0.02899013724117779
10916	0.061921313688541924
11008	0.0423374264152068
11186	0.025551553299109853
11353	0.02937174856344426
11493	0.05080463203897577
11649	0.06934433399029674
11659	0.02498772478049481
11703	0.03981944657359161
11735	0.04951334541066516
11760	0.04811020816202935
11782	0.04713742922304247
11817	0.041450532848808584
12291	0.023068223684496778
12298	0.05026714458373895
12395	0.07848052325348451
12423	0.035483260118239504
12437	0.0435248781482121
12485	0.05893736071601248
12620	0.04001393755733815
12675	0.027468143182407027
12768	0.042110762864052444
12785	0.030683257310403837
12963	0.045757251372765095
12964	0.03235354475754301
