119
t_index	tf-idf
114	0.06833149108307916
126	0.11754147199687554
184	0.08106336654566101
193	0.053407154696077826
202	0.04716675607725168
376	0.034714856896955935
478	0.022955722574920588
660	0.033012788445833066
705	0.05717981703185635
731	0.07844690586938781
846	0.07511333234423002
1134	0.05502626801504664
1279	0.05328867408033323
1428	0.03953424521216057
1503	0.13539958912446465
1578	0.07844690586938781
1666	0.13821390569471986
1832	0.04694778299415828
2103	0.06295488306650175
2160	0.14575615526347618
2204	0.03938970664206535
2224	0.04152526841305627
2251	0.04304278690410397
2255	0.06517384909012502
2293	0.050811365626189896
2347	0.03882271442221117
2413	0.07318691710419983
2576	0.15418271322226107
2581	0.04830277566929196
2709	0.143460701654216
2788	0.044129286738457896
2972	0.0863130525697953
3196	0.08106336654566101
3205	0.10216449031383953
3210	0.06838983999847532
3235	0.05962130954134396
3264	0.06295488306650175
3314	0.04168779422897028
3350	0.05279763045779388
3410	0.06769979456223232
3635	0.05643342630017425
3780	0.03896282264726407
3789	0.06193884202415816
3839	0.0969456607907638
3848	0.04073362814889214
3910	0.11671968308040886
3993	0.04088923788729426
4072	0.09755542468652668
4150	0.07844690586938781
4186	0.10004400834452237
4204	0.07844690586938781
4265	0.1026139344554111
4362	0.0877868588914157
4422	0.08903764476202579
4426	0.08586044365138551
4523	0.07726688136103974
4776	0.07318691710419983
4844	0.07144426254562346
4858	0.045086784760941655
5046	0.0952003966734134
5054	0.030724301297006512
5117	0.04579442723302454
5128	0.18886464919950524
5417	0.1456161058822191
6027	0.05919107712900741
6146	0.07144426254562346
6430	0.03311464962237685
6454	0.027375795934432314
6526	0.038683671669254384
6531	0.04761273023304893
6670	0.036346361970990865
6796	0.04088923788729426
7015	0.04394366043444237
7276	0.055716313451289655
7439	0.09032229602474433
7596	0.08411778909280913
7604	0.1997167277942043
7677	0.0210645027911867
7792	0.05108224515691977
7886	0.11591595692933805
8398	0.07935987099229733
8435	0.05309985277501645
8620	0.044891231732158594
8721	0.02232219660841351
9213	0.06295488306650175
9254	0.0600619099913273
9358	0.07511333234423002
9406	0.048069854890121916
9426	0.29179920770102213
9457	0.04853870196073969
9495	0.05403770110845134
9528	0.05627548185626603
9659	0.04548427941359159
9946	0.07844690586938781
9986	0.09096855882718317
10252	0.10787392322059909
10329	0.4125911624847828
10586	0.21688450826558892
10688	0.044891231732158594
10796	0.06522185074059532
10849	0.07229483608852964
10879	0.07511333234423002
11090	0.14824953087526943
11137	0.07615841872056127
11236	0.06838983999847532
11410	0.08115866317698364
11493	0.061628298620480415
11555	0.06348489217337558
11674	0.06639323644230966
11715	0.05756475827934428
12291	0.13991395280469265
12391	0.05052750878077321
12405	0.05436132077615597
12636	0.08305053682611253
12676	0.019544178637787228
12843	0.05919107712900741
12910	0.05680281328564358
12958	0.032024221539237764
12963	0.027752799680645077
