317
t_index	tf-idf
14	0.05723846622798867
27	0.061359159214715166
45	0.07340347360212227
51	0.06286183153604438
81	0.026417154472317732
99	0.030546514347862583
101	0.06245309213459867
114	0.11624145697504092
157	0.03209490886443591
184	0.05516006564594235
188	0.035136270952653974
189	0.038908357689827415
202	0.03209490886443591
230	0.04634978020296459
318	0.05723846622798867
361	0.07340347360212227
376	0.023621937589366978
413	0.014514572233223987
532	0.06704804520358813
536	0.0698242819407291
583	0.1077794157621745
586	0.03403777996722267
643	0.02595112683862325
660	0.02246375465793221
700	0.04919346524129013
705	0.038908357689827415
708	0.033191093949913354
710	0.027823333056433853
742	0.07930976102631089
778	0.01813030278480176
784	0.05111132832929431
793	0.06286183153604438
818	0.06704804520358813
846	0.10222265665858862
871	0.13409609040717627
940	0.042838036842756
949	0.0234711298863622
1005	0.07844806091880281
1040	0.03288920606379041
1134	0.03744296203454006
1137	0.05516006564594235
1140	0.12603727688183797
1190	0.05740902839427446
1202	0.04086949554551441
1223	0.06120050296265538
1248	0.03572416692403812
1252	0.055646666112867706
1258	0.021922735369788875
1279	0.07252121113920704
1283	0.03677028561130654
1403	0.07844806091880281
1433	0.04214666547511023
1435	0.07398098920364649
1497	0.08707183989687652
1531	0.08714019986646884
1577	0.08707183989687652
1616	0.041210178793039745
1635	0.03865182317521225
1669	0.024007153597981723
1720	0.022326278307036502
1800	0.025590478886608575
1847	0.05111132832929431
1884	0.06120050296265538
1917	0.021404265219064824
1996	0.020137937541279693
2008	0.10643426272424002
2019	0.07488592406908012
2078	0.036555081980776914
2088	0.03999090827184125
2103	0.042838036842756
2160	0.16530111843851647
2170	0.04806164139421804
2195	0.04861468724991496
2286	0.04753213666790113
2323	0.03494632095516071
2413	0.04980048724744071
2560	0.04056968626321642
2576	0.13114321772614326
2581	0.03286792037311439
2617	0.052576723984581665
2693	0.07340347360212227
2709	0.024404678889082824
2781	0.023621937589366978
2782	0.03767551989273597
2783	0.052576723984581665
2788	0.030028044197138535
2794	0.02054589156992804
2849	0.048971462366671784
2872	0.05723846622798867
2906	0.03136712929376753
2924	0.04492750931586442
2972	0.05873224674390752
2986	0.02965289568035258
3009	0.0698242819407291
3080	0.0343932750994638
3196	0.05516006564594235
3205	0.06951845491417318
3216	0.04980048724744071
3264	0.042838036842756
3302	0.04753213666790113
3383	0.16846774693792452
3384	0.04181487292798707
3403	0.016922345197865785
3432	0.02246375465793221
3433	0.021922735369788875
3496	0.022122870781821846
3503	0.04434794590211182
3573	0.056155915645974844
3578	0.04434794590211182
3581	0.11172051023626527
3588	0.02870451419713723
3594	0.06286183153604438
3651	0.056155915645974844
3759	0.05723846622798867
3780	0.026512491974580256
3793	0.0391702933259363
3839	0.021989090103956548
3848	0.05543489490840942
3858	0.11912712121369358
3889	0.10364492754568878
3990	0.054238052557970665
3993	0.055646666112867706
4025	0.05516006564594235
4135	0.022326278307036502
4222	0.0799818165436825
4226	0.06704804520358813
4247	0.02019540407839263
4276	0.04100509888426275
4287	0.04345153692362419
4332	0.038399108156720284
4405	0.03532916602843424
4422	0.12117242447035577
4426	0.058424266225514415
4523	0.052576723984581665
4547	0.03136712929376753
4606	0.14210039578614353
4809	0.029288728711721213
4831	0.032552929291293276
4844	0.04861468724991496
4851	0.04086949554551441
4858	0.030679579607357583
4980	0.029901733638480175
5046	0.06477969462404856
5054	0.041813079043885426
5117	0.03116109927372824
5186	0.04395294500650795
5238	0.04861468724991496
5246	0.015461870042213607
5294	0.03136712929376753
5299	0.05337967890883388
5301	0.05516006564594235
5304	0.0343932750994638
5417	0.09908537360146963
5443	0.04214666547511023
5524	0.027100387945964404
5600	0.03280413601056893
5613	0.04475589993076018
5688	0.024007153597981723
5697	0.05111132832929431
5712	0.027100387945964404
5744	0.02953031850001642
5765	0.020080735219063516
5802	0.08505606656301666
5820	0.04753213666790113
5841	0.03475922745708659
5842	0.0698242819407291
5847	0.07340347360212227
5849	0.043198684794770674
5851	0.04117670826936699
5852	0.06772754074629375
5895	0.06120050296265538
5907	0.06477969462404856
5967	0.058424266225514415
5981	0.04980048724744071
6013	0.027823333056433853
6134	0.06286183153604438
6146	0.04861468724991496
6184	0.06960274928650835
6313	0.12603727688183797
6350	0.04919346524129013
6432	0.01610832625939808
6454	0.01862802848192387
6557	0.024244141395040674
6626	0.06286183153604438
6883	0.036341226432278426
6901	0.0829833987023762
6957	0.04357009993323442
7019	0.03352288649703651
7029	0.03081408343807062
7137	0.04702425051029975
7176	0.02622864354522865
7180	0.08362974585597414
7183	0.08461172598932894
7226	0.023101919316552286
7276	0.03791250768979492
7277	0.03721467153470029
7319	0.04753213666790113
7348	0.05337967890883388
7394	0.02576949612139008
7469	0.06286183153604438
7516	0.03655390653714003
7562	0.047549191479571616
7589	0.014847350908288481
7604	0.11648440633713569
7616	0.022533066721128637
7664	0.03592647192072483
7753	0.0414916993511881
7792	0.06951845491417318
7886	0.03943786241614433
7913	0.02955848996945093
7962	0.059735107307368016
7996	0.014261761264312068
8043	0.028037846700929663
8058	0.03194590728514271
8113	0.022814242149467624
8221	0.07887572483228866
8290	0.04086949554551441
8331	0.04980048724744071
8399	0.010183266738631663
8678	0.0343932750994638
8700	0.0698242819407291
8721	0.015189275782028656
8794	0.008635146254483833
8813	0.04606674101261377
8824	0.027823333056433853
8850	0.04395294500650795
8893	0.029408937213675077
8930	0.026512491974580256
8933	0.06704804520358813
8937	0.056155915645974844
9143	0.0414916993511881
9151	0.04027693197581425
9154	0.04395294500650795
9241	0.026512491974580256
9315	0.042487549351220594
9337	0.024485731183335892
9374	0.024485731183335892
9391	0.014960284965104167
9426	0.03971131261407963
9441	0.012498069705048184
9457	0.06605691573431308
9486	0.06844272644840287
9495	0.03677028561130654
9528	0.01914649863264792
9596	0.05043865190606078
9615	0.0783405866518726
9668	0.03403777996722267
9806	0.026705387050360525
9839	0.0698242819407291
9856	0.09288675136343222
9900	0.04980048724744071
9939	0.04517768551521374
9949	0.13074646940819212
9950	0.031226546067299334
9986	0.03095005728511022
9989	0.032552929291293276
10050	0.0302845787117537
10094	0.024164642829564577
10103	0.031081727702981732
10173	0.04861468724991496
10207	0.02096767715438161
10271	0.04606674101261377
10284	0.04357009993323442
10329	0.17276934805564975
10481	0.024815326170943418
10503	0.11684853245102883
10654	0.030155650271304436
10750	0.04919346524129013
10796	0.06657091337999073
10839	0.06286183153604438
10849	0.04919346524129013
10922	0.04979821503792559
10953	0.02604294631932539
11054	0.04357009993323442
11058	0.05723846622798867
11167	0.026608565681060004
11192	0.0698242819407291
11210	0.03474634579278077
11238	0.03081408343807062
11244	0.025414000989148956
11386	0.03475922745708659
11410	0.027612455412012255
11438	0.023174890101482295
11483	0.056155915645974844
11491	0.04861468724991496
11492	0.08859095550004926
11493	0.02096767715438161
11634	0.040047589386576765
11644	0.030155650271304436
11648	0.04861468724991496
11659	0.010312731831578065
11674	0.04517768551521374
11699	0.017100720771791252
11715	0.0391702933259363
11827	0.08639736958954135
11839	0.05337967890883388
12148	0.0533283580890285
12275	0.03081408343807062
12291	0.07616424681442713
12591	0.059735107307368016
12626	0.04097357405136299
12636	0.02825612393409983
12676	0.013298956391715161
12677	0.07027254190530795
12704	0.05723846622798867
12718	0.027930127559066317
12749	0.023396406039126145
12773	0.05111132832929431
12795	0.04027693197581425
12839	0.02905174091466226
12869	0.01867891396457741
12871	0.04806164139421804
12887	0.02977669255415233
12963	0.1133073779792342
12964	0.05341077410072105
13015	0.07340347360212227
13036	0.04561427357989696
