222
t_index	tf-idf
15	0.08694320381461354
76	0.0285052670775567
111	0.035391211144168606
112	0.037298159708599
126	0.12665914183323057
129	0.029600474669988625
200	0.02937400557740832
212	0.03486922661764668
278	0.04135336382204976
310	0.042219713944410195
412	0.028193753299543798
413	0.015323510122516688
491	0.17470287323029207
498	0.03750501251870059
554	0.022799783652350428
586	0.035934801074043024
592	0.055506972526709414
628	0.06461137893576462
631	0.0481564851999459
656	0.04414533327527731
731	0.05635467838479453
742	0.03349196673172945
745	0.07300372491233047
749	0.03859115844676718
804	0.09825976933541765
908	0.036501862456165234
1179	0.05635467838479453
1387	0.06184214369919685
1394	0.11857128519028393
1416	0.03750501251870059
1428	0.02840060610964538
1435	0.03905207879089069
1616	0.02900462522486623
1636	0.025679804494468474
1644	0.04414533327527731
1866	0.05018123618608676
1917	0.04519437011014395
2017	0.04314726735523879
2063	0.12839000042322066
2103	0.045225520989598464
2112	0.030670876056791436
2160	0.05235414425492801
2204	0.08489031752944727
2287	0.05441140507942681
2291	0.04028053252459778
2386	0.02049606826093342
2399	0.19383413680729386
2416	0.07749445541325237
2483	0.04252167855299008
2587	0.039529763504841456
2610	0.06461137893576462
2848	0.028932455362110972
2900	0.02314455100393935
2906	0.033115307535354986
2923	0.05193515526837845
2972	0.02066851995445751
3023	0.06461137893576462
3047	0.06745268490053608
3079	0.06461137893576462
3085	0.03130553486651983
3403	0.01786547503912349
3432	0.047431445634012526
3485	0.11646858215352807
3496	0.046711681049531946
3503	0.09363916304585262
3505	0.030921071849598424
3570	0.07749445541325237
3578	0.09363916304585262
3619	0.09199676802568549
3858	0.041922136788981504
3993	0.02937400557740832
4013	0.029262218673081028
4099	0.02861076870481591
4170	0.07749445541325237
4186	0.07186960214808605
4247	0.021320950686731042
4394	0.049645044106014544
4422	0.06396285206019313
4469	0.05257600831636198
4539	0.07371578534481982
4547	0.033115307535354986
4560	0.055506972526709414
4697	0.037094514048306194
4727	0.08282019175387503
4972	0.026555787827364542
4984	0.0345324163179478
5232	0.026923221072371904
5279	0.020843265972780283
5293	0.13678009800839433
5296	0.0513241203534654
5315	0.069264805347517
5516	0.0481564851999459
5524	0.02861076870481591
5747	0.040805997873182384
5771	0.05823429107676403
5851	0.04347160190730677
5852	0.0357510934364089
5904	0.049645044106014544
5916	0.055506972526709414
6184	0.024493968684460896
6185	0.05193515526837845
6194	0.054710675274275644
6225	0.17470287323029207
6432	0.051018265614678836
6570	0.05395990625451931
6585	0.025262789089196363
6591	0.021381901524532242
6679	0.037094514048306194
6760	0.07371578534481982
6962	0.042830748859323246
6969	0.0700818537324442
7019	0.035391211144168606
7039	0.0487789083699536
7135	0.1140210683102268
7137	0.09929008821202909
7226	0.0243894541849768
7280	0.03669645685942599
7319	0.05018123618608676
7341	0.0437599323981815
7377	0.045225520989598464
7396	0.06461137893576462
7439	0.021628573224313597
7454	0.410340294025183
7589	0.015674835488085233
7596	0.0604285267625206
7600	0.030425357095786247
7604	0.02049606826093342
7639	0.07501002503740117
7677	0.015132314869236498
7717	0.04519437011014395
7886	0.04163584528939126
7892	0.03669645685942599
7912	0.014466178113779704
7913	0.0104019558867055
7996	0.015056609288034118
8009	0.025180951553572542
8221	0.16654338115756503
8361	0.08984301714550645
8399	0.02150161760778937
8417	0.04252167855299008
8551	0.01955943259816632
8595	0.03881959693465466
8623	0.04110660190538116
8754	0.07749445541325237
8794	0.09116407215716057
8797	0.021079936915952353
8798	0.029041459157628915
8824	0.02937400557740832
8826	0.06461137893576462
8893	0.031047979909092333
8915	0.09726833982779332
9095	0.0357510934364089
9198	0.024700353479961044
9279	0.08282019175387503
9328	0.02983091710661392
9337	0.051700779549839856
9391	0.015794063677175837
9414	0.061680414725417174
9441	0.026389244486151243
9477	0.05018123618608676
9486	0.024085743961140625
9615	0.04135336382204976
9659	0.032674990931890115
9668	0.035934801074043024
9779	0.0448554998454641
9856	0.05883815458951719
9873	0.04414533327527731
9949	0.06901666874045839
9950	0.03296688921070671
9990	0.06306431266357451
10069	0.061680414725417174
10094	0.051022812530188456
10096	0.11452178321800219
10103	0.016406999856039023
10204	0.023214603873866018
10278	0.07749445541325237
10367	0.04135336382204976
10415	0.10036247237217352
10477	0.044495617553223815
10480	0.034042860946183584
10700	0.03977528246584664
10744	0.029041459157628915
10794	0.0700818537324442
10866	0.06839004900419716
10922	0.0262868047351134
11080	0.03197242336797635
11180	0.23201283058827102
11186	0.022266314109748133
11210	0.018341428631888666
11321	0.05395990625451931
11353	0.10238134203590307
11393	0.04252167855299008
11437	0.0715021868728178
11485	0.0481564851999459
11493	0.02213626471094846
11634	0.042279554056915684
11659	0.010887489350203566
11699	0.036107583969861086
11719	0.04560626886522044
11735	0.04314726735523879
11752	0.08899123510644763
11767	0.030065474803545957
11776	0.04135336382204976
11817	0.07224222916108651
11862	0.06776729661239128
11953	0.07078482113447238
12291	0.040204547136539884
12332	0.05193515526837845
12391	0.03629794541120984
12395	0.06839004900419716
12417	0.06564025845212293
12469	0.12268350422716574
12521	0.05395990625451931
12537	0.041924535635116666
12620	0.03486922661764668
12676	0.014040144594884148
12678	0.061680414725417174
12727	0.04863416991389666
12749	0.09880141391984418
12952	0.057260891609001094
12963	0.01993705274857371
12964	0.028193753299543798
