188
t_index	tf-idf
27	0.08098850780280824
99	0.040318619864940515
114	0.09205688864434616
184	0.07280626827589352
188	0.09275336202873394
367	0.0547652682934676
376	0.03117880853092093
413	0.019157914834709352
493	0.06235761706184186
554	0.057009955286901316
660	0.029650112431103954
705	0.05135549232886713
708	0.04380922433991956
741	0.07045631975971918
742	0.020936333815271147
745	0.04563573010702833
778	0.023930350209265157
846	0.33731151682862587
1134	0.04942130338329925
1252	0.07344853662208337
1258	0.028936016191845867
1279	0.047860700418530314
1282	0.11492690700367167
1428	0.03550729491823193
1578	0.07045631975971918
1745	0.06416696428145634
1813	0.04882408753689446
2063	0.02293100763905865
2078	0.024124691245137275
2103	0.05654231129465186
2160	0.15272770625061124
2195	0.06416696428145634
2224	0.03729551289492166
2251	0.03865845725660957
2273	0.06573211239595579
2367	0.07711471606905045
2388	0.06142366460279886
2413	0.06573211239595579
2467	0.053944015877110243
2498	0.016091820961995556
2576	0.17309711619307816
2709	0.12884782333585235
2781	0.03117880853092093
2788	0.03963428643559053
2849	0.0323189374883658
2924	0.05930022486220791
2972	0.05168081488916138
2973	0.060803907056393915
2986	0.07827824904772017
2989	0.05907371608662453
2998	0.03980271484408789
3196	0.07280626827589352
3205	0.04587901790304725
3264	0.05654231129465186
3314	0.03744148386379981
3350	0.047419674400968746
3581	0.036865227338519234
3635	0.10137025761504778
3651	0.07412069967505644
3739	0.046889898591326584
3771	0.04067178672099657
3789	0.05562976398924828
3839	0.02902359840409696
3848	0.03658450894940618
3858	0.052412320667455395
3910	0.10483063955458652
4025	0.07280626827589352
4074	0.04049425390140412
4150	0.14091263951943836
4186	0.04492677285259441
4195	0.05101689010868519
4197	0.05101689010868519
4206	0.11215939938526104
4247	0.02665609603710994
4287	0.028676037793058638
4422	0.05331219207421988
4426	0.07711471606905045
4449	0.05434950872286114
4606	0.046889898591326584
4776	0.06573211239595579
4844	0.06416696428145634
4858	0.04049425390140412
4980	0.11840270396909743
5046	0.0855033033481511
5117	0.08225963210621014
5246	0.0816330470355932
5299	0.07045631975971918
5315	0.04329847506481478
5417	0.08718911901411548
5595	0.051701223538035176
5600	0.02164923753240739
5686	0.04049425390140412
5802	0.04490650783795639
5904	0.06206773248061854
6146	0.06416696428145634
6184	0.0153115494514344
6430	0.029741598048619818
6454	0.024587302847158623
6557	0.032000060947278294
6591	0.05346459722817788
6606	0.03930252513442923
6646	0.026429587261526565
6670	0.03264412882509797
6796	0.11017280493312505
6799	0.06840093745321765
6849	0.018966406823233393
7064	0.09649566202322778
7135	0.07127629043818395
7183	0.022335956092607124
7275	0.06507002926096854
7276	0.050041060929704215
7377	0.05654231129465186
7439	0.08112208505389533
7562	0.03138030340087333
7604	0.15374881879538793
7792	0.0917580358060945
7797	0.04338266462037295
7886	0.052054390394091224
7913	0.03901451757435426
8351	0.052054390394091224
8398	0.07127629043818395
8417	0.0531618858756155
8430	0.0461259642990304
8551	0.04890758591666145
8620	0.040318619864940515
8640	0.10354430333057703
8678	0.09079198816951992
8721	0.020048462135654845
8746	0.05701833378012299
8794	0.011397607443778933
8798	0.03630850874043522
8854	0.11707050776766006
8944	0.06939649231129305
8968	0.03550729491823193
9154	0.058013888638198396
9254	0.053944015877110243
9266	0.03499407734127231
9315	0.11215939938526104
9322	0.0360370707278741
9337	0.0323189374883658
9358	0.06746230336572517
9368	0.044026732498192625
9374	0.0323189374883658
9426	0.20966127910917304
9441	0.01649631495577257
9457	0.08718911901411548
9486	0.0301127240331253
9495	0.048533431703682954
9513	0.10354430333057703
9528	0.025271636276508615
9543	0.15107981241237517
9856	0.07356123666476899
9949	0.028762240751487655
10094	0.031895130073505355
10103	0.08205010560164282
10204	0.02902359840409696
10207	0.0553508524744306
10252	0.09688590702124576
10329	0.2565447987910559
10415	0.06273809600196179
10478	0.04296690504976648
10586	0.129861797147505
10688	0.040318619864940515
10796	0.05857836609580382
11090	0.06657443168610887
11137	0.06840093745321765
11236	0.06142366460279886
11410	0.0728918580114488
11493	0.0276754262372153
11634	0.026429587261526565
11649	0.07554956795455098
11659	0.013611867781423708
11674	0.05963043468470854
11699	0.0225713956218572
11782	0.05135549232886713
11850	0.07412069967505644
12148	0.017597145236666056
12291	0.10052987649064674
12620	0.08718911901411548
12640	0.07554956795455098
12675	0.059852225280149836
12676	0.01755341251875121
12677	0.04637668101436697
12749	0.06176225480622351
12839	0.03834565492527194
12910	0.05101689010868519
12958	0.028762240751487655
12963	0.04985181013468113
