269
t_index	tf-idf
14	0.05971763498297579
27	0.09602521121682965
65	0.028274186607445857
81	0.027561360253488952
99	0.03186957502603212
101	0.03257906094825118
111	0.03497486273360089
114	0.14553146556810606
157	0.033485035129069474
184	0.05754921267038846
188	0.036658127683853146
189	0.04059359475240467
202	0.033485035129069474
230	0.04835732747758953
318	0.05971763498297579
376	0.024645074187237208
417	0.09084318107942592
492	0.11138342414309683
532	0.06995209609289059
583	0.037482554613577114
586	0.03551205777627063
660	0.04687345379473341
705	0.04059359475240467
708	0.034628699261291015
742	0.049646942047937195
746	0.03685937762090731
778	0.018915580293872355
846	0.10665022492064359
898	0.09918179065764887
908	0.036072448148910315
940	0.04469348003444684
949	0.048975469105299416
1005	0.08184588050300616
1040	0.03431373571007592
1134	0.03906472843897962
1140	0.09862224555115845
1190	0.029947792352795235
1202	0.042639675340076746
1252	0.058056889255408216
1258	0.06861682334883705
1279	0.09457790146936178
1283	0.03836291639278838
1403	0.08184588050300616
1433	0.08794432662004133
1435	0.038592663291722853
1538	0.05754921267038846
1578	0.05569171207154842
1635	0.040325948962538403
1669	0.05009395010111137
1720	0.023293296035524935
1786	0.033485035129069474
1800	0.0266988788816073
1996	0.04202034340368327
2008	0.08328318615838884
2019	0.03906472843897962
2103	0.04469348003444684
2160	0.18970688339650565
2170	0.05014333448472361
2195	0.10144066881311205
2286	0.049590895328824436
2323	0.03645995038521384
2336	0.07658279705808374
2413	0.05195749494005106
2498	0.012719668906616983
2560	0.04232688042322022
2576	0.13682342177843398
2581	0.03429152807262652
2709	0.025461718348112262
2781	0.049290148374474416
2782	0.03930735907189786
2783	0.05485397877374684
2788	0.03132864838611864
2848	0.05718417777305132
2849	0.051092562518131
2873	0.04906101110635527
2906	0.03272573325371648
2924	0.04687345379473341
2972	0.0612761155900383
2986	0.03093725106773847
3080	0.03588295046338145
3196	0.05754921267038846
3205	0.07252950661901295
3216	0.05195749494005106
3264	0.04469348003444684
3302	0.049590895328824436
3383	0.1757645877157326
3403	0.017655302459658042
3433	0.022872274449612352
3569	0.03882654999644047
3573	0.0585881959052442
3578	0.04626878776028539
3581	0.08741959415666638
3588	0.029947792352795235
3651	0.0585881959052442
3759	0.05971763498297579
3780	0.027660827107433374
3793	0.04086687560245189
3839	0.022941503205299724
3848	0.057835945608222215
3858	0.1242868722735523
3866	0.03497486273360089
3889	0.05406704930174985
3993	0.058056889255408216
4025	0.05754921267038846
4044	0.06385127935016661
4127	0.06995209609289059
4135	0.023293296035524935
4222	0.0834460676602725
4226	0.06995209609289059
4247	0.021070127286140078
4276	0.04278115206402654
4287	0.09066710526864041
4332	0.020031144051284342
4405	0.03685937762090731
4422	0.06321038185842023
4426	0.060954795516470824
4445	0.042960194363631285
4547	0.03272573325371648
4560	0.05485397877374684
4606	0.18531898489148904
4708	0.01491683427993708
4809	0.030557310941129158
4844	0.050720334406556024
4858	0.03200840373894322
4980	0.031196866940291435
5046	0.06758549648166398
5054	0.04362412825513627
5117	0.032510779458776645
5246	0.03226313953477738
5294	0.03272573325371648
5299	0.05569171207154842
5417	0.06891803784906407
5443	0.043972163310020664
5524	0.056548373214891715
5600	0.03422498101902555
5613	0.04669441149512865
5623	0.0315962941759849
5688	0.025046975050555684
5745	0.08184588050300616
5802	0.035496039435202076
5820	0.049590895328824436
5841	0.03626475330950647
5852	0.07066102261496451
5967	0.060954795516470824
6013	0.029028444627704108
6134	0.06558456502098217
6146	0.050720334406556024
6184	0.04841163468808229
6313	0.09862224555115845
6350	0.051324180999639986
6454	0.03886972795200617
6557	0.025294227496206745
6849	0.014991865476846123
6883	0.07583054676106175
6957	0.04545725096163361
7029	0.03214873333188408
7072	0.043972163310020664
7137	0.04906101110635527
7176	0.027364684355686793
7180	0.04362599983771078
7183	0.08827651229829021
7226	0.0241025323714462
7227	0.13408044010334053
7276	0.039554611517548924
7277	0.03882654999644047
7562	0.04960868883527488
7589	0.015490433976229939
7600	0.03006742786255985
7604	0.12152969353061117
7664	0.037482554613577114
7753	0.04328882864904628
7769	0.06232241303674156
7792	0.10879425992851942
7886	0.04114603390830385
7913	0.04111834181842527
7996	0.014879480697546618
8043	0.0292522494981883
8058	0.03332957984680045
8221	0.0822920678166077
8290	0.08527935068015349
8399	0.010624334404937687
8551	0.019329332005093094
8553	0.028169926119819954
8700	0.07284857992658639
8721	0.015847168636454485
8791	0.04432781188390203
8824	0.029028444627704108
8850	0.04585667819732707
8930	0.08298248132230011
8937	0.0585881959052442
9143	0.04328882864904628
9154	0.04585667819732707
9262	0.033485035129069474
9266	0.027660827107433374
9315	0.04432781188390203
9337	0.0255462812590655
9364	0.037482554613577114
9369	0.03106640995351574
9374	0.0255462812590655
9391	0.015608259544008133
9426	0.041431328050206245
9430	0.048062029015399396
9441	0.013039398394517074
9457	0.06891803784906407
9486	0.047604790095823045
9495	0.03836291639278838
9528	0.01997579061591657
9615	0.04086687560245189
9668	0.03551205777627063
9847	0.03882654999644047
9856	0.096909953711574
9900	0.05195749494005106
9939	0.04713446587172833
9949	0.20461423366057918
9950	0.03257906094825118
9986	0.03229059661194471
9989	0.03396289378721152
10094	0.025211285610659676
10103	0.04864195510271973
10173	0.10144066881311205
10207	0.04375169962656915
10271	0.048062029015399396
10284	0.04545725096163361
10329	0.09012625200628595
10481	0.02589015198900026
10715	0.056758582637469135
10750	0.051324180999639986
10796	0.06945429826639295
10849	0.051324180999639986
10904	0.061114621882258316
10922	0.02597756215718112
11054	0.04545725096163361
11084	0.05569171207154842
11167	0.02776106205279628
11210	0.03625131370188449
11238	0.03214873333188408
11410	0.0288084332433061
11483	0.0585881959052442
11491	0.10144066881311205
11492	0.0924280941119637
11493	0.06562754943985372
11576	0.06758549648166398
11634	0.04178216997307064
11648	0.050720334406556024
11659	0.010759407017345141
11674	0.04713446587172833
11699	0.017841404011910172
11715	0.04086687560245189
11827	0.13520924617599026
11839	0.05569171207154842
11998	0.049590895328824436
12148	0.055638168393911114
12291	0.0794631475955442
12298	0.04328882864904628
12475	0.037482554613577114
12571	0.04626878776028539
12626	0.04274826179655311
12636	0.029479980969601766
12676	0.013874973873192581
12677	0.07331625536770629
12704	0.05971763498297579
12718	0.029139864718888794
12762	0.03906472843897962
12795	0.042021446074138456
12839	0.030310058495478093
12869	0.03897590692147516
12887	0.06213281990703148
12963	0.1773225878928241
12964	0.16717246226692523
