84
t_index	tf-idf
171	0.13930729318378482
413	0.031213264916817352
492	0.11479181281982517
900	0.12309004916569098
1255	0.10221680322631323
1453	0.1687008110417684
1458	0.07515128632897161
1650	0.1501555660630326
1691	0.08367155824757742
1786	0.06901938801707488
1810	0.16306000992212394
1944	0.13518297124868617
1964	0.07725907919086512
2100	0.1501555660630326
2160	0.07109527608477877
2206	0.13518297124868617
2217	0.06715199312624304
2498	0.0262177943170913
2637	0.1316103210842968
2781	0.05079845165107314
2983	0.11479181281982517
3042	0.04658106829010582
3169	0.09715360836382063
3410	0.09906550244655352
3600	0.08423484500998762
3768	0.06838233094534173
3839	0.047287049433223954
3938	0.09906550244655352
3989	0.18724605602050418
4155	0.09136853034706546
4186	0.07319748913201503
4547	0.13490862845896714
4829	0.1057894533907026
5246	0.0665008155916995
5248	0.41792187955135446
5272	0.07860836338508483
5279	0.04245674635500716
5429	0.059156077883617784
5688	0.05162685011393437
6013	0.059833459202566455
6849	0.030901248168258573
6907	0.06838233094534173
7589	0.03192889805960329
7600	0.0619750124890819
7604	0.08349904209501265
7614	0.07555976957583814
7677	0.03082380923442097
7717	0.04602939651939655
7792	0.14949789184120732
8160	0.1011246053351133
8399	0.02189888873913599
8721	0.032664199899313844
8791	0.09136853034706546
9397	0.08052025746781771
9399	0.09906550244655352
9475	0.09212224590599072
9528	0.04117411966729218
9620	0.07907368177379732
9856	0.11985053631547614
9989	0.07000435076286553
10173	0.10454480418695519
10207	0.04509052359200261
10449	0.10846719963178086
10475	0.08539829496184162
10656	0.1501555660630326
10894	0.05145910578412974
10916	0.10991377532580127
11052	0.09906550244655352
11089	0.17079658992368324
11196	0.18724605602050418
11412	0.07282328536832966
11590	0.05213648710307841
11714	0.08788894160854474
11760	0.08539829496184162
11783	0.11479181281982517
11850	0.12076204820504902
12136	0.10221680322631323
12240	0.15785253816252062
12291	0.04094737989533779
12321	0.13930729318378482
12440	0.10335549136893755
12475	0.07725907919086512
12638	0.1687008110417684
12676	0.028599110073780215
