113
t_index	tf-idf
105	0.064074112277325
278	0.07181876958441774
376	0.08662168949063857
659	0.052629753726960875
998	0.05997276694113807
1036	0.16378678125318294
1460	0.05120991509909843
1616	0.05037260100220323
1944	0.1152572271332038
2003	0.06587121999280855
2036	0.15964630019005888
2107	0.08131200044338345
2298	0.06624827768596428
2402	0.09944552028128893
2420	0.08446341289201649
2498	0.022353335236119688
2532	0.10712094697055992
2858	0.07727595071401275
2906	0.0575116610061761
3159	0.09944552028128893
3219	0.09501653597611355
3314	0.10402079945108876
3466	0.061774608800264905
3496	0.04056230434642864
3533	0.059374433956048966
3917	0.09130924011864508
4094	0.06741835318662454
4705	0.10494678156192065
4708	0.026214597232763984
4815	0.06587121999280855
4984	0.05997276694113807
5024	0.08913507471000581
5082	0.07438455784860815
5246	0.028349353237308365
5279	0.07239738574725907
5310	0.03176970856845415
5429	0.10087314166809887
5600	0.03007320708521444
5630	0.05997276694113807
5671	0.07230935776249602
5689	0.06513530226784219
5851	0.07549753326673023
5906	0.10113603214362951
5984	0.06995557354343275
6218	0.15964630019005888
6260	0.05392131398906373
6373	0.06026336285903387
6432	0.059069262636760364
6748	0.2098935631238413
6807	0.0390131498446442
7039	0.042357390753943736
7095	0.07332336785809095
7202	0.38335495456845015
7215	0.14461871552499203
7218	0.09130924011864508
7362	0.032711403937566524
7591	0.09019626470052299
7614	0.06442238577604542
7677	0.02628043124978088
7927	0.07384779258783167
8014	0.07438455784860815
8015	0.20219665579393903
8221	0.07230935776249602
8260	0.15964630019005888
8272	0.10952437532469728
8361	0.10402079945108876
8551	0.03396904757287597
8617	0.07490937477517805
8721	0.05569910281072
8794	0.015832548763883895
8797	0.03660972149050685
8800	0.06146424386209789
8930	0.24305339462065284
8976	0.10296192405354838
9205	0.06702162195101327
9312	0.1280228864862292
9336	0.06477605907856979
9441	0.04583044507366562
9550	0.08205998453787913
9649	0.09501653597611355
9793	0.074934258449149
10094	0.044305895312688914
10182	0.0708681540763487
10184	0.11607217147183364
10400	0.08446341289201649
10556	0.09864719083185466
10709	0.1345853377573781
10801	0.1280228864862292
10999	0.08621900745489068
11050	0.04169995415426125
11066	0.1166057792170589
11234	0.06587121999280855
11467	0.08621900745489068
11590	0.13335496802135707
11596	0.07230935776249602
11634	0.036713646367584105
11699	0.031354187588468495
11721	0.10740182317576995
11841	0.027779036755505977
11937	0.06663167277909499
12148	0.02444439865462578
12425	0.04692016706178998
12485	0.04459835407579936
12518	0.055056447224433834
12532	0.04093525223485957
12610	0.052629753726960875
12646	0.06741835318662454
12676	0.024383649028673196
12677	0.06442238577604542
12840	0.04643651351549129
13001	0.06115804502220989
13026	0.11877363090546324
13037	0.09130924011864508
