170
t_index	tf-idf
24	0.056586199844004065
101	0.04020189263633114
114	0.08979142098770314
178	0.05077336146121379
212	0.0425217221993534
342	0.04075111783653578
401	0.05042888584056202
413	0.09343224724962507
504	0.05930755749622171
577	0.06054028089577021
586	0.04382115053237762
587	0.10297073504760966
608	0.08093000733698359
705	0.05009166287975862
710	0.03582050496103349
742	0.02042110255115117
778	0.023341437905041194
920	0.06119414715223561
1040	0.021171222847077845
1260	0.07690457873294412
1279	0.023341437905041194
1336	0.07879116838895804
1384	0.09450159996966656
1765	0.06493607279775931
1806	0.04112801755530719
1845	0.0324946416430362
1917	0.02755642492262422
2003	0.04625270319190502
2112	0.037401990173124865
2160	0.02128130918420666
2173	0.055615145024596024
2204	0.10352057815860083
2220	0.05469961018799016
2275	0.037553815944951774
2291	0.049120608060350575
2304	0.05077336146121379
2358	0.15043393355720522
2372	0.05383358852528233
2386	0.04998838261180882
2397	0.059671949738573274
2495	0.1473806721375176
2498	0.03139162080612053
2554	0.04976139346757819
2557	0.11209862120638898
2806	0.041710536259499276
2818	0.08866733471201645
2848	0.03528205093112861
2924	0.05784088006536156
2966	0.03595799506703906
2972	0.025204489718463074
2986	0.038175932936311524
2998	0.03882319267628753
3041	0.0343812312990501
3080	0.04427882449696836
3235	0.05223050182778418
3465	0.04131984618343914
3502	0.05991206316200135
3581	0.03595799506703906
3633	0.06054028089577021
3769	0.05112540857763474
3779	0.100996136933912
3848	0.03568418499777611
3858	0.05112248327418374
3889	0.066717629297073
4276	0.017597021236722427
4325	0.06768868411648105
4422	0.026000104678790752
4663	0.06493607279775931
4708	0.018407067384431933
4767	0.08989365266143502
4831	0.04190951396117166
4858	0.07899542670166555
4980	0.038496293595313945
5077	0.040938459141763625
5117	0.10029408669890905
5200	0.09450159996966656
5279	0.02541758597459867
5566	0.11209862120638898
5573	0.046786669270253094
5686	0.039497713350832776
5820	0.06119414715223561
5852	0.04359712591551318
5855	0.11209862120638898
5859	0.0736903360687588
6013	0.03582050496103349
6184	0.014934740930462891
6369	0.05709473458755519
6449	0.03568418499777611
6606	0.03833531235081625
7017	0.06258785179628182
7135	0.03476111074046082
7183	0.08714512368205332
7420	0.06493607279775931
7439	0.02637523889753267
7604	0.07498257391771322
7639	0.04573596486353874
7661	0.22419724241277797
7765	0.11209862120638898
7912	0.03528193004023796
7913	0.012684797497647267
7934	0.09450159996966656
7971	0.11209862120638898
8009	0.03070723186428538
8160	0.06054028089577021
8391	0.05185360210901276
8398	0.1390444429618433
8430	0.04499083055955938
8482	0.09450159996966656
8551	0.07155599707754604
8676	0.03666372590956885
8791	0.10939922037598032
8810	0.04706047933951604
8824	0.03582050496103349
8880	0.0551508371816742
8895	0.05077336146121379
9045	0.02622412929565519
9242	0.03260626229684816
9254	0.05261648433613918
9322	0.1757510945971402
9328	0.03637769154069597
9337	0.1260943472945126
9344	0.0698275230645066
9364	0.04625270319190502
9369	0.0766706247016325
9456	0.047622554519552635
9481	0.047622554519552635
9486	0.11748666810545927
9516	0.03932640156808504
9528	0.024649715685252642
9541	0.06119414715223561
9543	0.049120608060350575
9546	0.06580209446046716
9577	0.04976139346757819
9847	0.04791116591344941
9856	0.023916978826939765
9949	0.02805441836997295
9950	0.04020189263633114
10050	0.07797835721456328
10103	0.08003089918263376
10161	0.044048352909197216
10164	0.03463348059106175
10207	0.02699434974258763
10329	0.13901743180331463
10480	0.04151400006366219
10749	0.03666372590956885
10796	0.02856839291625983
10922	0.032055778601337306
11040	0.06580209446046716
11065	0.100996136933912
11099	0.05383358852528233
11160	0.03915690264244993
11165	0.03932640156808504
11330	0.06872242981435717
11493	0.1619660984555258
11594	0.037707094617047396
11634	0.025779170155309384
11671	0.04791116591344941
11780	0.06119414715223561
11786	0.04943779662329323
11841	0.01950556771454531
11925	0.066717629297073
12148	0.034328179007476804
12410	0.100996136933912
12437	0.04625270319190502
12485	0.09394669329673745
12636	0.03637769154069597
12662	0.04294325965904779
12873	0.04880957888952438
12963	0.41331237631563705
13032	0.2632083778418686
