126
t_index	tf-idf
6	0.08079997328135845
27	0.06413434112333279
81	0.05522392477728369
114	0.14579865858114843
157	0.06709302603808714
188	0.07345086262325896
230	0.048446110614493804
278	0.08188381282330666
586	0.07115451448282807
587	0.16719854611847998
742	0.0663174571903402
940	0.08955107283374678
1040	0.03437673507861334
1074	0.3932086895445404
1140	0.13173775216687125
1190	0.06000555186412178
1279	0.11370185364511282
2063	0.07263574085379766
2095	0.09630053997984567
2160	0.03455548757083295
2224	0.059068211312065286
2316	0.08673661223629321
2386	0.04058427324833766
2400	0.10990937927864584
2783	0.10990937927864584
2818	0.04799114183654627
2842	0.13541916434499315
2848	0.05728916683983414
2849	0.051186367494738524
2924	0.046959512567674555
2966	0.05838672991665675
2986	0.06198810254891012
3134	0.06972904075377716
3235	0.08480918354721262
3581	0.05838672991665675
3672	0.08359927305923999
3858	0.04150502020529305
3910	0.0830147903668114
4247	0.04221762328114038
4276	0.028573131632357966
4449	0.08607813693282204
4487	0.06557163415967157
4858	0.06413434112333279
4972	0.052583126470401385
5117	0.0325704686338017
5595	0.08188381282330666
5600	0.03428781743563204
5704	0.09356028309960095
5802	0.03556120949097482
6184	0.07275077629799391
6313	0.13173775216687125
6432	0.03367376295464029
6497	0.06972904075377716
6547	0.08810579073721944
6671	0.05502614142688204
6759	0.08480918354721262
6957	0.09108141922601888
7029	0.06441551559416146
7039	0.04829356832830107
7072	0.08810579073721944
7137	0.0983021723861351
7183	0.10612630356249461
7362	0.037295744451077674
7439	0.0428267467951557
7562	0.04969976944791927
7589	0.0310377482389503
7604	0.08116854649667532
7614	0.07345086262325896
7616	0.09420881290701306
7664	0.07510274374714798
7886	0.08244315449372988
7913	0.020596917157417044
8023	0.08673661223629321
8043	0.05861191214790609
8058	0.06678154464764419
8193	0.09188174037907741
8289	0.09270747275569075
8312	0.053495795034609925
8391	0.16839438661138975
8399	0.042575361926319596
8423	0.11158792199916936
8430	0.07305378032645045
8435	0.07553264420003251
8585	0.10410577583239047
8721	0.03175252747555189
8794	0.03610280340361124
8798	0.05750500530046409
8936	0.08244315449372988
9322	0.17122531454273868
9449	0.05750500530046409
9457	0.0690445700605963
9486	0.04769219158835457
9543	0.07975949912709648
9620	0.07686669996065904
9856	0.0388351514200794
9909	0.09936388654585632
9949	0.04555331144805635
9950	0.065277750973594
10050	0.06330860874671945
10094	0.0505151461066019
10103	0.06497501441406695
10329	0.18058344419425384
10719	0.07266266941877148
10721	0.13541916434499315
10894	0.0500228591336852
10953	0.054441658734453446
11032	0.16399229597735113
11137	0.10833263075945446
11167	0.05562406167333692
11186	0.04408953778641351
11244	0.053126875583259646
11386	0.07266266941877148
11492	0.1234637204550561
11493	0.0876640538360261
11587	0.15344680324456159
11594	0.0612268271699459
11671	0.07779566961298462
12148	0.05574031901676985
12291	0.03980452021437349
12391	0.03593678836759241
12405	0.07732703738043373
12568	0.06250828759366092
12571	0.09270747275569075
12620	0.1380891401211926
12676	0.027800896124601387
12963	0.11843209920268699
