149
t_index	tf-idf
27	0.043648342461077794
46	0.057302653512901
70	0.061987897725075666
73	0.03578685415104759
114	0.03307572650705057
230	0.06594259455920003
407	0.16286821448276476
538	0.08143410724138238
554	0.030725224103550126
638	0.03744951336903102
742	0.06770118080012667
949	0.06678552498696462
1162	0.05610889545109382
1248	0.10165071959872436
1258	0.031189836149992288
1279	0.025794279941315622
1290	0.10787749639213147
1448	0.05499058449588696
1460	0.07947330362945049
1466	0.0894345615465286
1546	0.05610889545109382
1553	0.07175989957642234
1676	0.06367495488311888
1738	0.055728220506036936
1800	0.036407995170761626
1853	0.0894345615465286
1923	0.07847713255211039
2010	0.0953903565774479
2021	0.0642750361707699
2160	0.047035323946050527
2204	0.03813302310356075
2255	0.06309455197738449
2441	0.06145947929932232
2480	0.05327071787022775
2670	0.04020045221879338
2781	0.033607319092717546
2816	0.041840578630711715
3237	0.1628473858831138
3266	0.07175989957642234
3403	0.024075698816416705
3426	0.07271692738653447
3432	0.03195955318878983
3433	0.031189836149992288
3600	0.055728220506036936
3739	0.05054214251391516
3757	0.13524950509359307
3897	0.1022263648904774
3937	0.04919028712129999
3946	0.02897989982542133
4025	0.07847713255211039
4135	0.031763963323446436
4191	0.061987897725075666
4197	0.10998116899177392
4255	0.046536241149667985
4293	0.08498611956455679
4360	0.08498611956455679
4606	0.10108428502783032
4673	0.12387853859717021
4763	0.10443232908086351
4956	0.05996275411182343
4973	0.06044773520851214
5054	0.029744077604993275
5246	0.13198714076173998
5294	0.1338795921219462
5443	0.05996275411182343
5600	0.023335491898097936
5688	0.27324297794722097
5689	0.05054214251391516
6007	0.12387853859717021
6184	0.033008325363553005
6350	0.20996505609066562
6454	0.0530048049523293
6549	0.0953903565774479
6585	0.03404439568733628
6685	0.05499058449588696
6726	0.08498611956455679
6807	0.030272496030746627
6849	0.02044369609308713
7029	0.087679406546143
7115	0.07847713255211039
7135	0.038413992538003296
7183	0.07222709644925011
7394	0.03666268593478711
7734	0.12387853859717021
7792	0.049452524550419936
7853	0.08707096206310325
7912	0.05848431343627233
7913	0.0140177832652952
7996	0.020290442298418535
8319	0.09934015424112558
8361	0.04035779283443928
8464	0.09216313690284118
8553	0.1152419776140099
8595	0.052313690060115645
8978	0.08498611956455679
9137	0.09216313690284118
9142	0.1417039444428065
9213	0.06094637952680628
9322	0.038843990267216376
9337	0.034836252444731215
9366	0.11160934641914791
9441	0.01778120931153626
9528	0.027240038486314636
9577	0.05499058449588696
9653	0.07594414706114119
9744	0.05026338552903627
9856	0.2378727157898984
9949	0.06200505075735545
10201	0.12618910395476898
10213	0.027467459636702923
10329	0.030725224103550126
10333	0.15695426510422078
10342	0.057302653512901
10367	0.055728220506036936
10378	0.0642750361707699
10405	0.08707096206310325
10421	0.03731592252578072
10481	0.03530517265409086
10514	0.07271692738653447
10780	0.07271692738653447
10848	0.057302653512901
10913	0.03898967588559454
10922	0.03542436975577877
11056	0.07847713255211039
11160	0.08654343511340008
11167	0.03785644399659429
11168	0.06044773520851214
11186	0.06001263006822644
11224	0.07847713255211039
11353	0.03449253867975902
11554	0.05054214251391516
11578	0.09934015424112558
11585	0.24775707719434042
11630	0.10443232908086351
11634	0.028488182019722308
11776	0.055728220506036936
11810	0.10720316351941868
11817	0.04867718734878395
11827	0.06145947929932232
11862	0.045661954671504634
12060	0.0894345615465286
12148	0.05690334906508976
12291	0.054180063266722533
12568	0.0850833764175379
12646	0.052313690060115645
12664	0.05858278004338093
12718	0.03973665181472524
12859	0.06916491506336006
12963	0.053734756698103785
