22
t_index	tf-idf
229	0.22508365669301245
659	0.15082196793480496
2347	0.13880350656309162
3350	0.18876825989198
4708	0.15024722189563877
5246	0.08124121703308383
6432	0.08463788830889228
6885	0.3403715860966953
7027	0.18166673369287817
7202	0.41197002102790004
7218	0.26166642080012126
7912	0.07199696536322579
7913	0.051769669348365605
8617	0.10733452581757498
8623	0.10229206948456308
9198	0.12293160501475008
10182	0.20308805770121716
10556	0.141347454613671
11066	0.33415913715512946
11230	0.3668773329383052
12614	0.27625358591543475
13002	0.13980923740351003
