23
t_index	tf-idf
27	0.1738868122485321
660	0.12732086744970172
1248	0.2024787036249246
2160	0.18737991142158525
3946	0.11545048713861002
5054	0.11849482812817726
5246	0.0876353368413437
5294	0.17778373081007695
5688	0.13606859884458078
7183	0.09591306986228873
7600	0.16334239052265356
7792	0.19700958540138938
8672	0.3800172947986359
9368	0.18905566667482449
9391	0.08479243510519743
9482	0.44463070924798026
9856	0.21058673295296002
11721	0.16600369808430726
11810	0.2135386513700106
12291	0.10792160661398846
12475	0.2036253350790064
12686	0.21907217783126837
12887	0.33753879380435936
