179
t_index	tf-idf
11	0.07299285606739998
114	0.021631626935498548
486	0.05694467717474034
638	0.0244920970047978
660	0.020901646150017484
708	0.061766032583346835
731	0.04966770591754226
742	0.014758926870927546
961	0.08101694551372979
1007	0.03985911979022292
1202	0.03802746901531067
1416	0.03305471676181501
1448	0.035964011509360815
1458	0.03251618645112761
1541	0.08101694551372979
1546	0.03669539031598383
1653	0.07299285606739998
1720	0.020773729776099863
1800	0.023810940897563283
1853	0.058490478511545305
1905	0.06829906463886465
1917	0.019915832616701178
1921	0.0320015988874485
1960	0.06829906463886465
1976	0.11242833528759968
2103	0.07971823958044584
2145	0.08101694551372979
2160	0.04614186993781084
2167	0.029452022316203415
2170	0.04471947976231364
2269	0.058490478511545305
2274	0.058490478511545305
2314	0.08101694551372979
2402	0.05046638906521548
2486	0.07299285606739998
2498	0.011343820312270632
2576	0.04880945636429713
2625	0.06027497519253483
2794	0.01911714946902796
2917	0.05694467717474034
2972	0.018216020395670163
3237	0.071001794384245
3308	0.07299285606739998
3339	0.04422679629987519
3403	0.03149116225139513
3432	0.020901646150017484
3433	0.020398248837622365
3588	0.026708429102472356
3651	0.05225088574620501
3672	0.03720997787966294
3858	0.018473855420244222
3873	0.04019468862065784
3888	0.04577259763668016
3946	0.09476471839824965
3980	0.030883016291673417
4014	0.033428178634437235
4021	0.03890710573800324
4051	0.08101694551372979
4155	0.039533004871339865
4186	0.03167082455451508
4206	0.039533004871339865
4220	0.054361497346077585
4221	0.05694467717474034
4222	0.07441995575932588
4255	0.03043484494030482
4360	0.111162367527999
4423	0.030289229007088133
4455	0.0623855867924074
4606	0.03305471676181501
4788	0.05694467717474034
4868	0.6496876662107015
4972	0.02340471275893343
5064	0.034839213442804544
5078	0.029863058892722488
5117	0.014497092774182485
5141	0.04966770591754226
5246	0.028773332095290368
5279	0.018370031279896216
5294	0.08755766529999937
5315	0.015261483522921298
5373	0.06496876662107016
5411	0.05046638906521548
5523	0.08101694551372979
5688	0.17870174855989912
5689	0.09916415028544505
5923	0.04523406732599276
5984	0.0355008971921225
6013	0.02588852447488388
6184	0.010793773190102546
6350	0.09154519527336032
6442	0.019975046628426637
6458	0.03921582574143919
6526	0.0489841940095956
6557	0.022558226457089388
6669	0.03323994173817853
6678	0.24305083654118936
6685	0.07192802301872163
6726	0.0555811837639995
6892	0.04286330288913436
7029	0.028671300869654016
7031	0.04755709431766968
7064	0.034011982033926
7070	0.08101694551372979
7095	0.03720997787966294
7183	0.015745581125697565
7337	0.16203389102745958
7394	0.04795501888223737
7416	0.03287240883575089
7446	0.1247711735848148
7485	0.10651631354464515
7600	0.053630247992949444
7604	0.12644822116263013
7662	0.03014542201426921
7677	0.013336734168634377
7792	0.06468420652016438
7911	0.02484831938942107
7912	0.012749640329770046
7913	0.009167673399189074
8151	0.04375422807108502
8206	0.04126403118450834
8271	0.03361952702488263
8399	0.018950263770528032
8495	0.0623855867924074
8553	0.07536860804928791
8585	0.04633740789974777
8595	0.03421331430946791
8672	0.0623855867924074
8820	0.051324286224614164
8938	0.027939922063030996
9137	0.06027497519253483
9151	0.03747611176253323
9211	0.027141238915357774
9266	0.02466883805696197
9270	0.053258156772322575
9322	0.02540408918810742
9337	0.022783016317257362
9344	0.05046638906521548
9368	0.09310904158865965
9391	0.013919960728097513
9397	0.034839213442804544
9516	0.02842233828395218
9532	0.0623855867924074
9570	0.08101694551372979
9856	0.06914199477646282
9858	0.06496876662107016
10057	0.0555811837639995
10164	0.025030627315485193
10201	0.08252806236901668
10207	0.019509604478071325
10372	0.061766032583346835
10481	0.023089691577412915
10681	0.052378449726276186
10769	0.03119173629510937
10796	0.020647211423324197
10913	0.025499368030915362
10926	0.06496876662107016
11054	0.04054027589745743
11056	0.051324286224614164
11160	0.028299836463010666
11186	0.05887266715565114
11210	0.016165058687337537
11389	0.05225088574620501
11579	0.04755709431766968
11634	0.055894076163967146
11659	0.009595594096624098
11810	0.03505559944485254
11887	0.04019468862065784
11971	0.04471947976231364
12291	0.017716964065439673
12568	0.027822395022592285
12577	0.03234210326008219
12646	0.03421331430946791
12749	0.021769441825668576
12839	0.027031509998522718
12887	0.02770604917842539
12902	0.06829906463886465
12958	0.020275747016680855
12963	0.01757134813222299
12971	0.03234210326008219
