288
t_index	tf-idf
15	0.04305921035788199
27	0.06416435540999135
73	0.026303867446982106
81	0.02762488453518334
101	0.03265415018281657
114	0.17017803952741
175	0.05582007206442025
177	0.07675930747442454
178	0.082481737138046
184	0.17304556166551416
230	0.07270317442855641
310	0.04181919837824975
348	0.027427755332645146
478	0.016334488584628045
493	0.024701876921958944
554	0.022583494449873117
583	0.037568945573094314
586	0.035593907073292956
659	0.03001681695753343
742	0.06634849315540531
746	0.036944332262678806
778	0.018959177512585416
940	0.044796490959506365
949	0.024544174646080257
1019	0.05155270293663257
1066	0.057681853888504726
1140	0.13179940423326866
1190	0.15008408478766713
1252	0.08728605087349892
1258	0.022924991180273156
1279	0.03791835502517083
1417	0.04970519396921707
1458	0.03654398441464969
1483	0.057681853888504726
1508	0.14603296720591089
1527	0.06573572636951065
1560	0.03250878243068188
1578	0.05582007206442025
1666	0.04917408845308518
1690	0.03340639890070312
1720	0.046693966299704945
1800	0.02676041528936805
1806	0.03340639890070312
2008	0.027825046613418756
2078	0.019113147102033906
2157	0.05344801784068617
2160	0.10371497767147766
2167	0.033100260577018814
2171	0.04596237009774796
2194	0.0610952860280203
2204	0.05605667270082782
2237	0.04372655040115909
2287	0.08084285031106138
2295	0.06774126963935538
2366	0.0468020342293511
2385	0.07301648360295544
2560	0.04242443673577228
2576	0.16456653199587087
2585	0.04338860208983551
2591	0.02865798882368238
2673	0.06573572636951065
2709	0.025520403309735807
2763	0.05144247457084143
2783	0.05498040793281712
2820	0.0836383967564995
2835	0.04242443673577228
2849	0.025605161123920483
2911	0.03180535282622396
2940	0.041240868569023
2948	0.03404117252281283
2972	0.020472448896700995
2977	0.046375429503664876
2996	0.03822506502191723
3071	0.06399844576788628
3080	0.03596565460542295
3085	0.031008556207746146
3158	0.04596237009774796
3205	0.03634833744264152
3235	0.08484887347154456
3237	0.03989841292258969
3314	0.029663575029234016
3327	0.06399844576788628
3343	0.05498040793281712
3383	0.05872323180428622
3426	0.05344801784068617
3537	0.08484887347154456
3581	0.02920702718684807
3651	0.05872323180428622
3702	0.032801160543180594
3820	0.04866381605343557
3848	0.028984623848672904
3858	0.10381111044042574
3910	0.04152682026575104
4078	0.07556799278856388
4094	0.03845133643755904
4105	0.06774126963935538
4124	0.0610952860280203
4153	0.0820345214380246
4183	0.03541194217054785
4186	0.035593907073292956
4204	0.05582007206442025
4206	0.04442998000561701
4210	0.04407351172182352
4222	0.04181919837824975
4255	0.03420482598205207
4263	0.06774126963935538
4276	0.028586503597338428
4332	0.020077312456097146
4374	0.09539930139874467
4606	0.11144766831651667
4708	0.014951215064269642
4949	0.051380949462041546
4980	0.06253754090209927
5032	0.04970519396921707
5091	0.038681612864303175
5117	0.016292855658019006
5246	0.04850625093574127
5294	0.06560232108636119
5417	0.03453844114480496
5524	0.02833935383352657
5532	0.04556202224971885
5573	0.03800266168374206
5630	0.03420482598205207
5686	0.032082177704995676
5688	0.07531411229672123
5715	0.03236502098492164
5802	0.01778892590632646
5810	0.02704223739442098
5841	0.03634833744264152
5856	0.02494207350050906
5909	0.038681612864303175
5918	0.0820345214380246
6073	0.04273795259209726
6086	0.0820345214380246
6150	0.04338860208983551
6153	0.037357391668595724
6161	0.035778453124437205
6184	0.0485232153318142
6313	0.13179940423326866
6350	0.05144247457084143
6531	0.0338795520784169
6563	0.06712442496229883
6591	0.021179063002083685
6646	0.02093923541000428
6670	0.025862798819346815
6807	0.02225073261598048
6957	0.04556202224971885
7019	0.03505547388675436
7029	0.03222283073395385
7039	0.024158084638889823
7077	0.06774126963935538
7094	0.054191664721258914
7097	0.04596237009774796
7180	0.04372655040115909
7183	0.03539198990151811
7237	0.030753444534745617
7275	0.05155270293663257
7314	0.04970519396921707
7341	0.10836201403376869
7409	0.04152682026575104
7439	0.021423394661010578
7600	0.06027345641389559
7604	0.04060326631803744
7682	0.03822506502191723
7792	0.03634833744264152
7867	0.04442998000561701
7892	0.03634833744264152
7912	0.014328945314783315
7913	0.09272950347049427
7932	0.07301648360295544
8058	0.06681279780140624
8161	0.0610952860280203
8214	0.0468020342293511
8399	0.031946465105519545
8504	0.04096106685041147
8573	0.06399844576788628
8623	0.020358322915218045
8663	0.07675930747442454
8721	0.04765108105318022
8794	0.009029924796575103
8800	0.03505547388675436
8961	0.045173626886189755
8974	0.1221905720560406
8976	0.05872323180428622
9045	0.042601310549247484
9154	0.04596237009774796
9198	0.0489320692012004
9241	0.05544916128686258
9322	0.08565272321407548
9328	0.029547927348090874
9333	0.04596237009774796
9337	0.025605161123920483
9344	0.056717688534441486
9369	0.031138012782946867
9374	0.025605161123920483
9378	0.0610952860280203
9391	0.03128846789365674
9426	0.04152682026575104
9442	0.047699650699372334
9470	0.06399844576788628
9486	0.023857255549502087
9495	0.03845133643755904
9528	0.02002183144040719
9620	0.03845133643755904
9782	0.04338860208983551
9789	0.07301648360295544
9856	0.11655997775015334
9873	0.04372655040115909
9950	0.03265415018281657
9986	0.03236502098492164
9989	0.03404117252281283
10063	0.026484568663799047
10103	0.08125677766019693
10161	0.035778453124437205
10164	0.028131184937103062
10329	0.20325145004885806
10358	0.03222283073395385
10367	0.04096106685041147
10481	0.025949824417825743
10542	0.0610952860280203
10547	0.04817280387708611
10688	0.06388605803068462
10768	0.03845133643755904
10796	0.02320479289888469
10848	0.042118298412087966
10894	0.025023134687743677
10904	0.03062774038329726
10913	0.02865798882368238
10922	0.0260374360516852
11008	0.03654398441464969
11052	0.04817280387708611
11154	0.059855274048388064
11165	0.06388605803068462
11167	0.027825046613418756
11186	0.044110171287944616
11209	0.03891603863838378
11244	0.05315173847644761
11245	0.04917408845308518
11318	0.033719914757028104
11352	0.223280288257681
11364	0.07301648360295544
11380	0.04407351172182352
11393	0.042118298412087966
11448	0.0610952860280203
11483	0.05872323180428622
11491	0.05083723621331891
11492	0.06176075017504107
11493	0.06577880986020986
11634	0.02093923541000428
11659	0.010784205633812117
11682	0.06573572636951065
11713	0.06246605567575532
11715	0.08192213370082294
11812	0.03596565460542295
11841	0.03168695281655716
11862	0.03356221248114941
11904	0.024701876921958944
11971	0.050258906404092155
12148	0.041824803733235064
12163	0.059855274048388064
12273	0.0820345214380246
12291	0.01991157418338286
12307	0.07675930747442454
12346	0.0820345214380246
12405	0.11604483859290952
12423	0.06125548076659452
12475	0.07513789114618863
12483	0.04407351172182352
12485	0.0254361940936606
12582	0.03541194217054785
12620	0.06907688228960993
12626	0.021423394661010578
12636	0.08864378204427263
12637	0.07675930747442454
12640	0.059855274048388064
12675	0.023709409885072853
12676	0.013906953345203997
12704	0.059855274048388064
12718	0.02920702718684807
12781	0.06774126963935538
12846	0.0610952860280203
12869	0.019532869902956006
12887	0.031138012782946867
12898	0.04970519396921707
12899	0.06246605567575532
12958	0.02278731499115481
12963	0.039495841448287244
12964	0.11170517771043859
