168
t_index	tf-idf
29	0.05964076896843428
242	0.033014653242813385
285	0.055331908807858224
348	0.022403330568644624
405	0.0670068140657935
452	0.06269795390521743
453	0.04016600504362137
478	0.013342212769253327
659	0.024518108199606176
660	0.019187531392798093
898	0.04059981861313981
993	0.047115253319266207
1036	0.025433914848902957
1417	0.04059981861313981
1428	0.04595580117950661
1506	0.06269795390521743
1646	0.02224471632958125
1806	0.02728676075032936
1848	0.03788002571967237
1976	0.03440274826980624
1996	0.017200922759502718
2167	0.027036703172447035
2224	0.024135113353941893
2226	0.06244541394713965
2228	0.07437285916315269
2303	0.07437285916315269
2498	0.031240588438883037
2591	0.02340820053492731
2610	0.1568241716132252
2752	0.03934814338934691
2806	0.027673238131411645
2816	0.05023958947280998
2845	0.02163292400515352
2865	0.07437285916315269
2899	0.057849826710409086
2966	0.02385666187621062
2973	0.03934814338934691
3424	0.22311857748945807
3433	0.018725416989688107
3465	0.027414031214408045
3533	0.013830093178633256
3626	0.04796586371049902
3750	0.052274723871075075
3763	0.04632771110562383
3826	0.03490888948568866
3873	0.03689837844336349
3946	0.017398639285591058
3980	0.028350343334095866
4008	0.022011147438843835
4183	0.028924913355204543
4215	0.07437285916315269
4247	0.017250008097269284
4276	0.023349810515870525
4332	0.016399397706036482
4666	0.036290958452563755
4775	0.0750852673527133
4949	0.020984298236736657
5054	0.03571485617613803
5117	0.013308206478689247
5246	0.01320683569349697
5315	0.01400991061158493
5483	0.03490888948568866
5496	0.11804443016804073
5856	0.02037299483396865
6013	0.023765442803395688
6108	0.5949828733052215
6260	0.10047917894561996
6343	0.06436147756150784
6369	0.03788002571967237
6396	0.03258951828278743
6430	0.01924673464749583
6449	0.023675000072527475
6484	0.07437285916315269
6511	0.03858875207092904
6591	0.06919728484016233
6625	0.039749208221907
6807	0.01817467423581027
6953	0.030011826259500555
7131	0.04365700354992296
7159	0.06269795390521743
7202	0.13394236514566996
7338	0.07437285916315269
7339	0.22311857748945807
7341	0.017702287278267784
7589	0.01268194101968963
7640	0.027414031214408045
7867	0.036290958452563755
7897	0.024229575813546202
7989	0.06269795390521743
7996	0.02436351323655072
8007	0.08981735754743173
8011	0.0410520977941383
8015	0.018839075364377903
8022	0.04796586371049902
8047	0.0336860526967791
8055	0.04426442354072269
8076	0.06517903656557486
8130	0.055331908807858224
8312	0.02185823894849896
8327	0.07437285916315269
8350	0.07437285916315269
8399	0.03479235830413356
8455	0.039749208221907
8551	0.0474744830547834
8565	0.045128696290048544
8574	0.0670068140657935
8620	0.02609146208704731
8628	0.034652805847688574
8630	0.060353177157994896
8692	0.07437285916315269
8717	0.04308243352881428
8721	0.02594799581276856
8735	0.038961666008264624
8794	0.014751509029752101
8797	0.017055012594555927
8826	0.3136483432264504
8833	0.035171296811309406
8910	0.04796586371049902
9202	0.07437285916315269
9242	0.04326584801030704
9249	0.11453886420677406
9267	0.0332337735157806
9379	0.0670068140657935
9391	0.02555680844847373
9448	0.030011826259500555
9468	0.025540719333169478
9473	0.03788002571967237
9495	0.09422258481263707
9499	0.021412287220341712
9528	0.06541632049856345
9611	0.07379675688672697
9697	0.06208209033977336
9703	0.055331908807858224
9750	0.10738751240596608
9781	0.036565126096189934
10177	0.03345750718440652
10182	0.033014653242813385
10184	0.0811101095173411
10258	0.038961666008264624
10556	0.022977900589753304
10659	0.04559452684545177
10688	0.02609146208704731
10752	0.047115253319266207
10848	0.03440274826980624
10904	0.025017118027188593
10922	0.04253540108924345
11050	0.01942634945960317
11165	0.05218292417409462
11186	0.07205946945480908
11210	0.014839384840961586
11279	0.03544034806133095
11519	0.023765442803395688
11618	0.2010204421973805
11748	0.028491099785686112
11760	0.06783924317503301
11841	0.025882295873386457
11887	0.03689837844336349
11963	0.05726943210338703
12148	0.01138767272592045
12478	0.04016600504362137
12485	0.020776598659906713
12518	0.025648608145454173
12610	0.024518108199606176
12710	0.06269795390521743
12773	0.04365700354992296
12869	0.03190938055870796
12885	0.0332337735157806
13002	0.1136392150593549
