27
t_index	tf-idf
15	0.20395498409567406
67	0.2177061396243118
86	0.1843303668504295
114	0.11515259720864963
310	0.19808152237906726
413	0.07189305491874422
778	0.08980236088650423
1190	0.14217816291319524
1616	0.06804025636152447
2583	0.1444821585488336
2878	0.5287965949907034
3780	0.131320717616346
3858	0.09834269231997475
4276	0.06770165822930425
5686	0.15196098556366644
5715	0.15330070582744754
6184	0.0574589706186958
8773	0.2354344624809955
8776	0.3208644435669834
8794	0.08554258905184428
9856	0.09201666035612362
9867	0.3885661017962877
9873	0.20711591823222106
10103	0.07697644549265428
12676	0.06587191044066976
12963	0.09353833532337584
12964	0.1322761585383239
