115
t_index	tf-idf
105	0.04578259663476679
114	0.06091440347903053
229	0.05612140299156585
373	0.20554701219813398
376	0.06189341886794048
413	0.13310710581315807
570	0.06887989581656097
659	0.11281592675555169
695	0.0749871671662118
778	0.07125662873020026
988	0.05918653799034409
1044	0.058099509857474994
1128	0.08017776591072964
1190	0.03760530891851723
1279	0.07125662873020026
1329	0.06789175199804774
1631	0.06160569222515971
1669	0.06290274910114543
2015	0.09616467575595931
2078	0.023945103912713792
2160	0.021655825912137446
2204	0.03511412447297784
2217	0.08181876225142419
2323	0.04578259663476679
2347	0.03460867680452763
2386	0.025434048772573343
2418	0.30289025164005984
2425	0.08486680566179064
2498	0.06388812543371923
2583	0.15285881021715805
2652	0.07825797531868296
2972	0.025648048098110564
2998	0.07901283653873989
3117	0.07356893556762197
3134	0.043698991787883376
3433	0.028720612732126824
3479	0.2755195832662439
3780	0.13893430755267527
3789	0.05521564880673
3848	0.03631216911701263
4247	0.07937299379670182
4276	0.017906700437276345
4287	0.028462569646279
4389	0.03701788025688678
4547	0.04109355688370579
4708	0.05619300627323242
4972	0.03295369600630612
5042	0.05758202572239229
5077	0.041658910014009766
5516	0.05975850478726648
5595	0.307898117522785
5675	0.09313920044811905
5770	0.06887989581656097
5802	0.1782888718633785
6184	0.01519756829025342
6497	0.043698991787883376
6573	0.06789175199804774
6646	0.02623284198403797
7183	0.022169684336793134
7319	0.1245421309469066
7476	0.07825797531868296
7604	0.025434048772573343
7682	0.09577733579235083
7877	0.10405026666928999
8305	0.04224457952813891
8399	0.06670464597935907
8490	0.1245421309469066
8502	0.16978164571163717
8676	0.037308948369453664
8776	0.08486680566179064
8794	0.022625524349673708
8814	0.06993183377192133
8856	0.039009952036822365
9198	0.0613024885662164
9204	0.20554701219813398
9369	0.1170298561104671
9481	0.048460634693097804
9535	0.11318776380775812
9541	0.0622710654734533
9856	0.02433787909086257
9867	0.20554701219813398
9900	0.13048558804172067
10103	0.020359828491861985
10112	0.09616467575595931
10207	0.05493881354542452
10276	0.05435758852909911
10700	0.04935807498784906
10744	0.03603822348941532
11125	0.06160569222515971
11244	0.0332944620309151
11353	0.09528554502228531
11415	0.0622710654734533
11474	0.07461789673890733
11492	0.03868718146660271
11519	0.07290177618364554
11530	0.043483102788567735
11659	0.013510539271171386
11699	0.022403371223633183
11779	0.05202513333464499
12148	0.0349322996076908
12291	0.024945379760932997
12391	0.06756444959440762
12426	0.05394492392669166
12620	0.04327003594857998
12676	0.01742274263795815
12718	0.03659079780200675
12724	0.08486680566179064
12727	0.06035127488140663
12842	0.053542449622307586
12869	0.04894187200495409
12904	0.06035127488140663
12963	0.12370176697623324
12964	0.24490399873838464
12965	0.11407137619323565
13036	0.05975850478726648
