185
t_index	tf-idf
73	0.021177410653947737
157	0.08106345094700873
242	0.06508301540306914
684	0.031142812061211233
886	0.028510379430367088
1167	0.04918820260342462
1248	0.030076673170620988
1255	0.04001796718455583
1447	0.02605728384249289
1616	0.023130281927388113
1636	0.10239420664674416
1646	0.02192591884681064
1676	0.03768061484923589
1710	0.38248331975231364
1786	0.027021150315669578
1832	0.02689570381297472
1958	0.07273914752081936
1996	0.03390881959807976
2083	0.03700459592684012
2302	0.02342485121164874
2381	0.03366890207533757
2496	0.07213187846368704
2545	0.24094567727223776
2549	0.052924250579067904
2798	0.02958171537280184
2802	0.03297801493500506
2900	0.05537116776930185
2924	0.03782509517818987
3042	0.036473057333398326
3047	0.02689570381297472
3100	0.04001796718455583
3204	0.04141666282487916
3433	0.018457055923100617
3533	0.04089566657345419
3588	0.024166729874051284
3635	0.03232989125620025
3768	0.026771741919137525
3839	0.03702584179400537
3858	0.016715796798097454
3946	0.01714929277446004
3961	0.05029181794822375
3980	0.027944043790569053
4060	0.03254150770153457
4083	0.017914206072912317
4094	0.030957415048284764
4191	0.036682273333053274
4195	0.06508301540306914
4240	0.04818986108724201
4332	0.032328743411393045
4374	0.038403291567163454
4697	0.05916343074560368
4706	0.0604939931240805
4716	0.3874074324383936
5078	0.10808460126267831
5091	0.031142812061211233
5110	0.019951703297992396
5183	0.04246500280247349
5188	0.05453892619646027
5233	0.06179940570241249
5257	0.044265075432792345
5315	0.027618258517614014
5355	0.07330699345660123
5436	0.14456958326172603
5486	0.04046376458074414
5487	0.025497008172651384
5509	0.05644868210937685
5524	0.02281619366466877
5938	0.03232989125620025
5949	0.17976437742075244
5962	0.1005836358964475
5984	0.03212246551217316
6009	0.02192591884681064
6052	0.029909075070690426
6141	0.05878603444469679
6184	0.009766587170146916
6208	0.05644868210937685
6336	0.06604651395064902
6349	0.03415618331892694
6518	0.04246500280247349
6524	0.09132754214623134
6532	0.03343350660099938
6587	0.05453892619646027
6591	0.01705139806399141
6675	0.046440026720026215
6679	0.23665372298241472
6766	0.09132754214623134
7001	0.13209302790129804
7047	0.029264277208004272
7176	0.06624677977482049
7279	0.046440026720026215
7280	0.11705710883201709
7341	0.017448589072366672
7494	0.04363005326636191
7539	0.05878603444469679
7589	0.012500191303765135
7616	0.018970902379452204
7654	0.05644868210937685
7662	0.02727664243984628
7677	0.012067548069518683
7682	0.03077524249521989
7717	0.03604109737926025
7760	0.04363005326636191
7794	0.028956176826555408
7828	0.03636957376040968
7912	0.023072649661176885
7913	0.008295234652764326
8331	0.041927723097472405
8399	0.008573433949022078
8433	0.02407107023406541
8504	0.03297801493500506
8520	0.038403291567163454
8553	0.250052653564209
8595	0.15478707524142382
8617	0.017198585372616145
8623	0.016390615010140348
8656	0.025717535429052835
8685	0.05644868210937685
8794	0.0072700497741170255
8797	0.01681059072811319
8957	0.020211956630331852
9076	0.02496518543978607
9086	0.05029181794822375
9111	0.03917954721407399
9125	0.0452971911294764
9149	0.08493000560494698
9368	0.028082783007963737
9391	0.02519054411494346
9392	0.05453892619646027
9422	0.06933448718304036
9441	0.010522298772751435
9443	0.028805459725891297
9449	0.0463193116746629
9528	0.01611970358778068
9631	0.046440026720026215
9689	0.06551497535720721
9699	0.05029181794822375
9787	0.017002791676178353
9984	0.09288005344005243
9989	0.02740676408556796
10037	0.04494109435518811
10039	0.046440026720026215
10068	0.028082783007963737
10103	0.026168138999255013
10158	0.04580201834161931
10204	0.055538762691008055
10243	0.05644868210937685
10318	0.09132754214623134
10416	0.13279522629837703
10431	0.04246500280247349
10478	0.10962705634227184
10514	0.043031338442271534
10681	0.07109080662699763
10708	0.031142812061211233
10715	0.06870302751242896
10796	0.018682326062887483
10815	0.03171954438452059
10855	0.08779283162401282
10902	0.05878603444469679
10913	0.023072728717882796
10939	0.04494109435518811
11350	0.05152555493874457
11437	0.028510379430367088
11438	0.019511262413185303
11467	0.07918074152430493
11474	0.09590510521619872
11556	0.04494109435518811
11564	0.02281619366466877
11658	0.04494109435518811
11699	0.043192004230262135
11707	0.03415618331892694
11748	0.028082783007963737
11776	0.03297801493500506
11823	0.16934604632813055
11830	0.046440026720026215
11904	0.019887637913093947
12033	0.03878423019403502
12391	0.02894647678558651
12417	0.026173027095047152
12425	0.021544980219939076
12666	0.03297801493500506
12776	0.04563238732933754
12790	0.037337152676573206
12840	0.08529157740266799
12845	0.044265075432792345
12898	0.04001796718455583
