217
t_index	tf-idf
27	0.027096070041133968
70	0.0384809210099802
73	0.022215805960863685
111	0.02960726620539636
213	0.034137120566081994
230	0.020467961211396515
478	0.02759167104209795
493	0.02086279159038031
498	0.03137561145207812
554	0.019073641228913103
707	0.0419801744626686
756	0.046435531837533385
900	0.050552762124182304
1019	0.02177027479907099
1212	0.05551929368048235
1329	0.04576937252935393
1447	0.02733495473886272
1462	0.09428939620412097
1554	0.21216509461395733
1616	0.024264432678559635
1636	0.21482983576715986
1640	0.06928498305554537
1644	0.11079213667055596
1646	0.09200406349462507
1710	0.15432218635321435
1738	0.034595031127375574
1829	0.03286783454556222
1996	0.017785738040935726
2037	0.03266984246247036
2104	0.034137120566081994
2202	0.08306322327528501
2214	0.08093564216411474
2240	0.05160005547692527
2287	0.022759505859150066
2315	0.025053358723133034
2347	0.023331514871791567
2362	0.0592165392162626
2381	0.035319794645507656
2386	0.034292838789464174
2545	0.028084444950733842
2611	0.04344745256628023
2695	0.03990073353948378
2702	0.05551929368048235
2794	0.018146041248322815
2798	0.40341860357035864
2816	0.025973844256521248
2894	0.06928498305554537
2900	0.05808619094610277
3042	0.019130723244656624
3084	0.03636708799825061
3085	0.026189307303434575
3272	0.018304148484285285
3416	0.050552762124182304
3432	0.019839889509183726
3479	0.046435531837533385
3485	0.048717127853263056
3533	0.04290091022372822
3618	0.047144698102060484
3768	0.056168889901467685
3769	0.03507285698785838
3815	0.03006201785813872
3846	0.034831346973352176
3907	0.06928498305554537
4004	0.04454719596285598
4061	0.046435531837533385
4083	0.03758519231288152
4276	0.012071841114202111
4308	0.03583096882694291
4309	0.05275778456647846
4328	0.06495070969730775
4374	0.04028632620180769
4508	0.12965925136136117
4595	0.02457344562485884
4697	0.40341860357035864
4706	0.03173010230105422
4893	0.05551929368048235
5110	0.06278999491011386
5117	0.013760673048420432
5232	0.022523190013173464
5265	0.0592165392162626
5496	0.04068594345227636
5532	0.0384809210099802
5675	0.04185999660674257
5701	0.06928498305554537
5808	0.04110064411392573
5916	0.046435531837533385
5938	0.033915127898305183
5984	0.03369753141515182
6027	0.03557240952535491
6104	0.047902809941145014
6161	0.03021788236252492
6369	0.03916791115533607
6399	0.06166849931620804
6421	0.0419801744626686
6436	0.05551929368048235
6469	0.06482962568068058
6522	0.04110064411392573
6646	0.01768492757862009
6671	0.023247953531305546
6679	0.06206440054928595
6807	0.01879259615644076
6849	0.012691062019867303
6907	0.028084444950733842
7039	0.08161405493780703
7047	0.06139839422878228
7212	0.037524817087803815
7280	0.06139839422878228
7309	0.0592165392162626
7313	0.03990073353948378
7341	0.09152074242142642
7394	0.04551901171830013
7434	0.04344745256628023
7520	0.05275778456647846
7589	0.013113115149719912
7597	0.03436369072333127
7631	0.06482962568068058
7643	0.03693071222351865
7676	0.06928498305554537
7677	0.012659258051731967
7717	0.07561661234962937
7825	0.03693071222351865
7867	0.037524817087803815
7913	0.03480790479194709
7998	0.05275778456647846
8011	0.0424478307126895
8043	0.024762903134069415
8113	0.02014943852324216
8206	0.03916791115533607
8224	0.06928498305554537
8358	0.06482962568068058
8405	0.057213141941343255
8486	0.03173010230105422
8551	0.06545142808494542
8553	0.023846684059022415
8565	0.023331514871791567
8595	0.032475354848653874
8630	0.09360769307657621
8683	0.06482962568068058
8694	0.09743425570652611
8728	0.03664528673906095
8756	0.06166849931620804
8783	0.02358608061952141
8794	0.015253046535932116
8797	0.052904601200662704
8811	0.06928498305554537
8893	0.025973844256521248
8957	0.021203012678282306
9045	0.07196070697574643
9046	0.06166849931620804
9076	0.026189307303434575
9125	0.07127738313822238
9150	0.057213141941343255
9215	0.026298644158967856
9242	0.022368423182562682
9254	0.03609575906905496
9270	0.050552762124182304
9338	0.03916791115533607
9344	0.047902809941145014
9449	0.04859049376809702
9473	0.03916791115533607
9477	0.0419801744626686
9499	0.022140284953484874
9726	0.0384809210099802
9787	0.017836492234264378
9847	0.03286783454556222
9894	0.05275778456647846
9989	0.02875060425891329
10039	0.048717127853263056
10158	0.02402391795485285
10164	0.02375912771274079
10198	0.03693071222351865
10212	0.03664528673906095
10213	0.017051282321471798
10342	0.03557240952535491
10744	0.02429524688404851
10859	0.034137120566081994
10865	0.0419801744626686
10878	0.023934943676661425
10894	0.04226824103915194
11009	0.13856996611109074
11055	0.03952821436272316
11103	0.048717127853263056
11142	0.04110064411392573
11156	0.04398357173758795
11210	0.015343910042510168
11234	0.03173010230105422
11353	0.0428246385207726
11441	0.025452975973601705
11464	0.10110552424836461
11526	0.06928498305554537
11555	0.038152888790016604
11564	0.023934943676661425
11659	0.04554079742944995
11716	0.046435531837533385
11767	0.025151908830531578
11768	0.06928498305554537
11782	0.03436369072333127
11784	0.03507285698785838
11841	0.013381134859399593
11904	0.10431395795190153
12027	0.06928498305554537
12037	0.13856996611109074
12051	0.05405201557687071
12150	0.031032200274642974
12391	0.015182906966942128
12417	0.08236911974556314
12535	0.21722540192250084
12537	0.03507285698785838
12571	0.03916791115533607
12626	0.018093840374283795
12675	0.020024570550890373
12676	0.035236739728090785
12734	0.04959665820200593
12776	0.04786988735332285
12785	0.022368423182562682
12801	0.0592165392162626
12844	0.06928498305554537
