141
t_index	tf-idf
27	0.16515716597059066
76	0.0363378411611474
111	0.09023176001532557
114	0.12515236419788497
126	0.05382069408460205
230	0.031189305882167288
413	0.03906809750971632
436	0.19757620260246675
456	0.21115444838316086
493	0.031790952784587684
578	0.07557593682239155
586	0.04580883561038815
660	0.0604644865386779
701	0.061388749851515885
708	0.04466934588403449
742	0.04269476809183203
745	0.04653171206603102
1019	0.0331737857441804
1040	0.06639458722263236
1236	0.10841126287011531
1258	0.14752063466709153
1279	0.07320054897546072
1720	0.060094448800343495
2063	0.023381219985791436
2146	0.049782667612094975
2160	0.1779728705704108
2196	0.06702265352887486
2252	0.055003117263429505
2386	0.05225580738236475
2388	0.06262961650081537
2487	0.04402110864837961
2539	0.07423569874023628
2576	0.03529911826223268
2585	0.05584049361046832
2654	0.051023534261394464
2670	0.0380277485056423
2709	0.06568876844675865
2794	0.02765113853788419
2849	0.03295346628533692
2972	0.026347741036687664
3010	0.07557593682239155
3377	0.09023481800771668
3384	0.1125508562469108
3395	0.23436661286200264
3702	0.04221461184518114
3873	0.058137794305451934
3888	0.06620570920058974
3946	0.027413630480620184
3993	0.03744528848070037
4083	0.02863636606448704
4094	0.04948630523310835
4135	0.060094448800343495
4222	0.05382069408460205
4276	0.01839520512976796
4332	0.02583920624127946
4858	0.041289291492647665
4980	0.04024244830390795
5037	0.08718201906181246
5054	0.028136506936263062
5095	0.0803928961714654
5246	0.02080894416953779
5315	0.022074284446518523
5485	0.059684496622415616
5686	0.041289291492647665
5712	0.0364723321435738
5802	0.022894086362879703
6073	0.055003117263429505
6184	0.04683649907789334
6454	0.025070033806429432
6901	0.11168098722093664
6914	0.14367922575589745
7064	0.04919509724458599
7183	0.02277448558800726
7198	0.02923904428945964
7275	0.0331737857441804
7600	0.03878552656285563
7604	0.15676742214709424
7616	0.030325525055396662
7792	0.04677977641488622
7808	0.054205631435057654
7819	0.06702265352887486
7913	0.03978050299419596
8184	0.06702265352887486
8398	0.0363378411611474
8430	0.047031571194254995
8551	0.024933902672111267
8794	0.011621380584286833
8803	0.11530485181414611
8938	0.08082487998058632
9058	0.4511740900385834
9198	0.031487427180982304
9213	0.057652425907073056
9266	0.14272451231012295
9267	0.05236377234354973
9322	0.03674459891142136
9374	0.03295346628533692
9391	0.06040169793484949
9406	0.04402110864837961
9545	0.07075897747331769
9615	0.05271629141226012
9856	0.0750054896827219
9950	0.042025411670637995
9989	0.04381048905003304
10063	0.06817050174535765
10094	0.03252133811397897
10103	0.020915255874558062
10207	0.028218787383363274
10219	0.03568112807753074
10329	0.20345237960038576
10421	0.03529911826223268
10481	0.20038225729367348
10750	0.06620570920058974
10796	0.029864227635625202
10806	0.058637653433675906
10849	0.06620570920058974
10913	0.03688241069588641
10936	0.061388749851515885
11167	0.035810426305289696
11384	0.21115444838316086
11410	0.03716148444422921
11493	0.05643757476672655
11564	0.0364723321435738
11634	0.053896976846569286
11715	0.05271629141226012
11748	0.04489112445466409
11870	0.04677977641488622
11883	0.04754681299447588
11904	0.09537285835376305
11946	0.06620570920058974
12148	0.035885272062758884
12291	0.10250361407444658
12423	0.03941745202197356
12475	0.04835068115084226
12620	0.04445046646280024
12675	0.061027324570364104
12676	0.05369413408199219
12677	0.04728721031695165
12762	0.05039160880227655
12785	0.03408525087267882
12880	0.04862744839910691
12963	0.02541528392026509
