335
t_index	tf-idf
27	0.05624387845009624
47	0.05475521760072179
69	0.052466712034490805
81	0.024214856333659298
114	0.1065508468603393
126	0.03665701767652275
148	0.03203297850288567
177	0.0672841039533429
178	0.07230015431936643
189	0.03566471523740678
192	0.049716431490945984
202	0.05883855568233862
213	0.035429567033896034
230	0.02124288726644605
367	0.03803269348639482
376	0.0433053321960609
401	0.035904814291363885
413	0.013304547306196029
445	0.05475521760072179
498	0.03256350596468781
546	0.09507758051440844
583	0.03293141799383476
586	0.12480071654752901
656	0.0383289253058068
660	0.12354621895247764
742	0.1017772091831458
745	0.03169252683813615
778	0.033237696185617956
920	0.04356956241639081
940	0.03926679191925589
979	0.03042407812682277
1040	0.030147357490654347
1046	0.0383289253058068
1054	0.04065082557766922
1140	0.17329503953070405
1190	0.2104922203152575
1234	0.052466712034490805
1235	0.07981299030596399
1258	0.12057071960037498
1260	0.10951043520144357
1279	0.08309424046404487
1287	0.048929617202668765
1309	0.03453465445926518
1334	0.04222633124810069
1345	0.07190814312697998
1387	0.026847038302063843
1508	0.06400329594799595
1578	0.048929617202668765
1616	0.012591547410396507
1720	0.040930042047995836
1768	0.07981299030596399
1800	0.02345709756128783
1834	0.07190814312697998
1839	0.027408939329248597
2008	0.0487806206294311
2063	0.01592483725628937
2146	0.03390673713297793
2160	0.121216472091309
2167	0.029014349488352624
2204	0.02456850587492416
2209	0.059115026554028956
2224	0.025900517874750076
2232	0.03042407812682277
2287	0.02362119080706211
2295	0.05937925677435887
2381	0.03665701767652275
2386	0.017795590409009087
2453	0.04356956241639081
2554	0.035429567033896034
2560	0.03718754513832489
2576	0.024042060848756847
2583	0.026737905566634787
2591	0.025120433763017612
2606	0.05937925677435887
2617	0.04819360159002788
2670	0.025900517874750076
2774	0.049716431490945984
2783	0.04819360159002788
2794	0.01883305838765076
2811	0.029982566841802394
2820	0.03665701767652275
2823	0.03566471523740678
2849	0.022444448490862
2911	0.0836378572023501
2924	0.020591036492079606
2935	0.06400329594799595
2948	0.0596782296787075
2951	0.04065082557766922
2972	0.017945320575020688
2976	0.0572466143246734
2983	0.048929617202668765
3048	0.04509239231730891
3083	0.030575130451994642
3084	0.03774396201833778
3085	0.0271808460494544
3118	0.11524255733986004
3150	0.05355365637630584
3175	0.0399378256818697
3185	0.05937925677435887
3205	0.09558444684392509
3274	0.05475521760072179
3314	0.026001889953993898
3433	0.02009511993339583
3452	0.03774396201833778
3496	0.02027857081394901
3581	0.05120339716620745
3611	0.049716431490945984
3628	0.036150077159683214
3702	0.028752170497538716
3780	0.024302245909357773
3839	0.020155942924631014
3993	0.07651142140132117
3995	0.07981299030596399
4020	0.03203297850288567
4060	0.035429567033896034
4074	0.02812193922504812
4099	0.024841131219701162
4128	0.07981299030596399
4134	0.05762127866993002
4135	0.020465021023997918
4197	0.07085913406779207
4222	0.03665701767652275
4276	0.03758665905786331
4303	0.07981299030596399
4310	0.016051787923340305
4330	0.03640073085004766
4332	0.05279687986436908
4362	0.05475521760072179
4394	0.04310401680461574
4606	0.09769051789406344
4831	0.02983911483935375
4956	0.03863305756462314
4980	0.027408939329248597
5041	0.047502221196104207
5054	0.019163640485515044
5091	0.03390673713297793
5137	0.07190814312697998
5246	0.014172872483834333
5249	0.0672841039533429
5279	0.01809704277500987
5304	0.03152603798604614
5310	0.01588283248016809
5412	0.030275000398456823
5417	0.030275000398456823
5429	0.02521507566571668
5434	0.044054924338667235
5487	0.027759868058422746
5524	0.024841131219701162
5600	0.030069379405648508
5675	0.021722417286869952
5686	0.05624387845009624
5688	0.04401153621328814
5744	0.02706848766449907
5770	0.04819360159002788
5802	0.10915137010698908
5810	0.02370413141863535
5841	0.03186148228130836
5845	0.08810984867733447
5856	0.02186321270263326
6009	0.02387184449742656
6014	0.04065082557766922
6073	0.03746236045599851
6150	0.03803269348639482
6161	0.03136194474027186
6184	0.0425334877548764
6313	0.17329503953070405
6350	0.04509239231730891
6369	0.04065082557766922
6430	0.02065457027102047
6437	0.06400329594799595
6531	0.029697444895479583
6557	0.022222999128426766
6563	0.05883855568233862
6679	0.032207093088341805
6714	0.07190814312697998
6849	0.013171551235372014
6871	0.04564880919732181
6901	0.03803269348639482
6907	0.029147734445430083
6962	0.03718754513832489
6987	0.07190814312697998
7015	0.027408939329248597
7017	0.044561864855506776
7029	0.02824522998069919
7039	0.021175999779548624
7064	0.03350654576208775
7097	0.0805775088220877
7101	0.07981299030596399
7183	0.031023186711824347
7275	0.045189014043931046
7276	0.03475188548104787
7331	0.026207378104832646
7341	0.07598860653370015
7430	0.0383289253058068
7501	0.0672841039533429
7589	0.027219166966402503
7600	0.07924991067039788
7604	0.017795590409009087
7616	0.061963710813061415
7619	0.025700437587993116
7640	0.02941927784116931
7717	0.019619872675927977
7789	0.05475521760072179
7792	0.06372296456261672
7890	0.05475521760072179
7912	0.01256017384501389
7913	0.08128293175559793
7917	0.05147440959537484
7927	0.03691919666733665
7932	0.06400329594799595
7982	0.06145850355528987
7996	0.013072812230482622
8002	0.035199169625631715
8009	0.02186321270263326
8058	0.029282697959340857
8306	0.05762127866993002
8399	0.009334326350012159
8435	0.03311992284470071
8504	0.035904814291363885
8551	0.01698236201784276
8580	0.04310401680461574
8586	0.0672841039533429
8612	0.07190814312697998
8676	0.026104171212002036
8707	0.035199169625631715
8776	0.05937925677435887
8794	0.00791526680860252
8814	0.048929617202668765
8957	0.02200576810664407
8968	0.02465865878570378
9026	0.06145850355528987
9030	0.04265673266003189
9117	0.028882506588450672
9198	0.021445936259148216
9213	0.03926679191925589
9266	0.07290673772807332
9309	0.03331159599224604
9337	0.044888896981724
9358	0.046850370421737765
9369	0.027294322446647683
9391	0.027426205310659812
9426	0.03640073085004766
9486	0.020912305168581766
9499	0.0229785259243112
9509	0.04141139294107178
9541	0.04356956241639081
9782	0.03803269348639482
9856	0.0681145076975735
9950	0.2289864572986936
9989	0.02983911483935375
10050	0.027759868058422746
10063	0.023215301567542736
10094	0.022150128057329653
10103	0.04273584263503688
10107	0.02824522998069919
10110	0.024042060848756847
10164	0.02465865878570378
10201	0.04065082557766922
10207	0.0384393626100756
10219	0.024302245909357773
10228	0.07981299030596399
10329	0.05938733314007391
10333	0.05056157983901593
10356	0.046850370421737765
10421	0.024042060848756847
10478	0.02983911483935375
10481	0.045493132784756744
10536	0.03894552324275373
10568	0.08531346532006379
10654	0.027641687893860616
10667	0.049716431490945984
10678	0.035199169625631715
10744	0.02521507566571668
10750	0.04509239231730891
10758	0.03665701767652275
10794	0.03042407812682277
10807	0.049716431490945984
10878	0.024841131219701162
10904	0.053694076604127686
10913	0.050240867526035224
10936	0.04181158431196196
11054	0.0399378256818697
11058	0.052466712034490805
11083	0.04222633124810069
11167	0.02439031031471555
11244	0.04659066391579645
11248	0.03894552324275373
11276	0.049716431490945984
11352	0.048929617202668765
11370	0.052466712034490805
11380	0.03863305756462314
11393	0.03691919666733665
11410	0.025310509560070228
11493	0.0576590439151134
11634	0.036708973501348253
11659	0.018905996856769594
11708	0.05937925677435887
11724	0.04509239231730891
11734	0.052466712034490805
11800	0.04222633124810069
11810	0.03453465445926518
11812	0.06305207597209228
11814	0.05762127866993002
11841	0.013887750537511522
11904	0.15156866268621313
11938	0.07981299030596399
11946	0.04509239231730891
12148	0.04888257480528205
12291	0.01745368048918129
12353	0.044054924338667235
12391	0.01575773853314255
12405	0.03390673713297793
12423	0.08054111490619154
12475	0.09879425398150428
12485	0.022296338826995093
12568	0.027408939329248597
12577	0.03186148228130836
12620	0.060550000796913646
12626	0.037557762330912264
12636	0.05180103574950015
12675	0.02078270963962494
12676	0.036570818263235404
12677	0.032207093088341805
12685	0.0672841039533429
12718	0.025601698583103724
12762	0.03432148406911666
12785	0.023215301567542736
12832	0.06145850355528987
12862	0.023375927938742786
12873	0.03475188548104787
12887	0.027294322446647683
12898	0.04356956241639081
12963	0.06924091394693059
12964	0.22031154047768217
12982	0.02849588367106363
