214
t_index	tf-idf
65	0.0252164048604592
86	0.03462755684675547
135	0.038314158033888844
147	0.05436268859897299
168	0.042036992639427416
186	0.042443229679954196
273	0.047558136462001036
546	0.03217130414606875
659	0.026709014378725828
744	0.026394699114870045
778	0.016869908142121345
790	0.07299445559933672
886	0.06301921179383377
949	0.02183944801554282
955	0.08101872088187878
1036	0.0554133126321344
1040	0.030602792007894824
1051	0.06497019031679464
1134	0.034839976893333194
1171	0.034214064044330306
1188	0.07299445559933672
1279	0.016869908142121345
1389	0.06830056131321095
1441	0.033814832491297124
1464	0.08101872088187878
1786	0.029863713298084894
1919	0.03669619444192031
1978	0.04375518688115134
2117	0.06830056131321095
2226	0.03401272735688534
2287	0.02397803487325247
2406	0.05062028552628073
2480	0.034839976893333194
2487	0.030435511875524162
2580	0.03890795833045607
2695	0.042036992639427416
2788	0.027940534325655828
2794	0.019117568393464714
2806	0.030146082607207424
2845	0.02356601388669985
2898	0.06027629603066887
2900	0.02039869583548253
3004	0.07299445559933672
3041	0.02484886390408427
3222	0.16203744176375756
3251	0.039216685099040444
3256	0.07781591666091214
3308	0.07299445559933672
3400	0.08101872088187878
3403	0.015745926167133537
3531	0.062386953881515064
3533	0.04519779681531468
3586	0.04633842331643092
3723	0.029588067710789187
3739	0.033055441107702664
3754	0.06027629603066887
3897	0.033428911164196905
3946	0.056860077017269216
3980	0.030883693047913996
3981	0.24305616264563637
4013	0.025790567208755052
4020	0.032516898995909274
4021	0.03890795833045607
4074	0.02854677585687551
4304	0.062386953881515064
4314	0.06830056131321095
4471	0.06830056131321095
4751	0.06830056131321095
4783	0.04693222361299814
5024	0.045235058564577116
5098	0.05132541092145944
5117	0.014497410456817903
5118	0.07299445559933672
5225	0.08101872088187878
5246	0.014386981310440012
5315	0.015261817956064651
5412	0.030732363210278748
5460	0.07299445559933672
5517	0.042443229679954196
5715	0.028798450284619005
5849	0.08039113885722166
6031	0.08101872088187878
6096	0.08101872088187878
6123	0.16203744176375756
6252	0.036447226400566676
6260	0.05472893367980643
6302	0.05849176024503835
6362	0.08101872088187878
6394	0.06027629603066887
6430	0.02096659775943659
6432	0.04496549024219808
6439	0.033814832491297124
6521	0.03695063474417939
6526	0.04898526742673441
6566	0.08101872088187878
6667	0.12174204750209665
6668	0.05849176024503835
6670	0.023012762029941437
6700	0.04892165975171049
6807	0.01979873942724144
6849	0.026741066310861657
6946	0.03890795833045607
6984	0.038607251352791604
7027	0.03217130414606875
7071	0.04966879431284722
7095	0.07442158656407008
7198	0.04043084361227611
7202	0.3890967473206825
7483	0.06497019031679464
7562	0.044243634649330704
7589	0.04144554819900224
7593	0.07289445280113335
7682	0.03401272735688534
7717	0.019916269043113756
7871	0.08101872088187878
7897	0.026394699114870045
7996	0.03981090751702628
8012	0.03103702731248351
8015	0.041045021148666865
8076	0.03550167514248506
8151	0.04375518688115134
8265	0.08101872088187878
8276	0.03620350018304265
8312	0.07143438803877142
8395	0.06830056131321095
8399	0.03790135807581642
8623	0.018114870082280167
8630	0.03287312918662635
8714	0.04375518688115134
8721	0.04240001232681678
8794	0.008034842320947939
8879	0.03550167514248506
8891	0.05436268859897299
8930	0.02466937863855365
8954	0.1366011226264219
9209	0.047558136462001036
9211	0.05428366735201357
9227	0.08101872088187878
9328	0.026291795613046773
9336	0.03287312918662635
9433	0.06830056131321095
9443	0.03183572796213255
9448	0.03269364392109573
9517	0.08101872088187878
9523	0.04892165975171049
9536	0.05694592503425257
9954	0.06468562398016946
10167	0.035056367637164694
10177	0.036447226400566676
10184	0.08835800314289696
10185	0.031509605896916884
10213	0.017964196791801192
10342	0.03747693299684106
10366	0.07299445559933672
10400	0.04286424217587527
10449	0.04693222361299814
10555	0.20490168393963284
10556	0.02503117582516059
10568	0.04330114563891736
10627	0.07299445559933672
10729	0.04693222361299814
10768	0.034214064044330306
10772	0.032516898995909274
10776	0.08101872088187878
10794	0.030883693047913996
10888	0.05849176024503835
10894	0.022265627468804696
10913	0.025499926812359595
11050	0.021162262716950896
11085	0.05694592503425257
11150	0.038607251352791604
11183	0.045235058564577116
11202	0.06497019031679464
11210	0.04849623876303663
11279	0.038607251352791604
11353	0.022558720787707456
11438	0.04312760485649422
11441	0.026815711610791118
11493	0.019510032002586972
11659	0.019191608740135563
11681	0.06027629603066887
11699	0.01591190130735256
11701	0.052252030748126795
11752	0.039216685099040444
11791	0.08101872088187878
11828	0.4050936044093939
11841	0.014097552042123278
11887	0.04019556942861083
11896	0.045773600676370506
12148	0.024810520624239576
12263	0.06830056131321095
12332	0.045773600676370506
12425	0.023811462679590476
12450	0.06497019031679464
12453	0.08101872088187878
12478	0.04375518688115134
12518	0.027940534325655828
12532	0.04154837000415385
12577	0.03234281199008473
12631	0.02782300470978351
12676	0.012374430552940456
12749	0.02176991887122236
12776	0.0252164048604592
12840	0.02356601388669985
12867	0.06830056131321095
12869	0.10428228359467658
12880	0.03362026374776308
12881	0.04330114563891736
12910	0.0719295992163958
12958	0.020276191330092355
12971	0.06468562398016946
13001	0.03103702731248351
13002	0.07427632028451966
13014	0.06027629603066887
