283
t_index	tf-idf
27	0.02500903927379383
67	0.03582907399432039
129	0.022855580756654142
155	0.04577655619209441
232	0.03755217476721401
241	0.05124301029635103
242	0.03150776432284609
567	0.028641995471764832
684	0.09046050279308905
710	0.022680715904246782
745	0.028184388069324395
778	0.014779259044414716
798	0.059836229102308645
886	0.02760469256943998
908	0.028184388069324395
916	0.030522338312106895
960	0.03283250248218829
1045	0.05465548150227937
1166	0.04111602057719773
1171	0.029973993409650415
1248	0.029121229986234034
1258	0.01787073215698672
1460	0.022767771461876394
1554	0.048955855735477956
1596	0.059836229102308645
1616	0.022395504178030556
1636	0.07931316669505824
1710	0.4557944662488775
1819	0.10248602059270207
1845	0.020574856114332872
1922	0.049888746904534625
1958	0.03521422452443151
1969	0.07097825626985596
1996	0.032831640935672424
2057	0.03962918130810217
2063	0.028324140606675006
2078	0.014899283051042161
2167	0.02580266602708118
2251	0.02387526087402008
2288	0.043513454334732055
2317	0.033071146673696594
2339	0.03755217476721401
2397	0.01889144975685492
2435	0.11967245820461729
2496	0.034920235528774435
2498	0.009938224405992851
2545	0.12960643105981018
2549	0.05124301029635103
2670	0.023033513569515066
2697	0.04111602057719773
2750	0.07097825626985596
2764	0.059836229102308645
2781	0.019255868967445335
2784	0.044964770239341416
2794	0.016748371906120007
2798	0.028641995471764832
2806	0.026410147599666686
2830	0.09738840386952265
2839	0.039178355524230726
2900	0.07148292862794688
2947	0.04869420193476132
3042	0.03531442074333192
3048	0.04010098312880371
3055	0.049888746904534625
3085	0.024172118462594604
3193	0.10248602059270207
3204	0.04010098312880371
3432	0.018311754256970507
3488	0.10306995326693136
3496	0.018033876321400535
3502	0.0379349337842343
3533	0.05279538309616904
3555	0.05124301029635103
3568	0.03521422452443151
3609	0.03130287027959567
3618	0.043513454334732055
3717	0.03193040506720094
3793	0.03193040506720094
3800	0.05465548150227937
3816	0.07097825626985596
3819	0.03962918130810217
3858	0.016184787466322688
3866	0.027326814633870006
3903	0.07097825626985596
3946	0.016604512611924662
3980	0.0270563476669835
4008	0.021006491901576295
4111	0.03582907399432039
4195	0.06301552864569218
4197	0.06301552864569218
4214	0.033071146673696594
4240	0.04665901776320928
4547	0.025569508397887936
4595	0.045361431808493564
4697	0.057283990943529664
4706	0.1464307136429574
4708	0.011654929667540406
4716	0.2143432529334959
4739	0.06394841981474886
4881	0.059836229102308645
4882	0.06394841981474886
4884	0.059836229102308645
4904	0.04665901776320928
4992	0.07097825626985596
5078	0.05232554334525605
5087	0.0371833373861368
5117	0.012700779566164002
5144	0.07097825626985596
5188	0.05280639264720153
5257	0.04285891044942751
5272	0.029797607916983507
5281	0.05465548150227937
5315	0.013370455793899543
5323	0.04421317384124391
5334	0.056918583359641735
5354	0.05465548150227937
5365	0.059836229102308645
5374	0.056918583359641735
5436	0.09331803552641856
5446	0.05520938513887996
5487	0.024687046826773074
5524	0.02209139353112692
5595	0.03193040506720094
5715	0.025229524265836488
5733	0.09331803552641856
5812	0.04665901776320928
5839	0.06394841981474886
5856	0.03888621910145159
5904	0.03833270673470278
5911	0.033071146673696594
5938	0.03130287027959567
5949	0.13054036300419614
5962	0.04869420193476132
6009	0.021229399999637417
6052	0.02895895596125639
6161	0.027890399073667322
6184	0.009456332804795336
6208	0.05465548150227937
6349	0.033071146673696594
6363	0.059836229102308645
6407	0.045188802507925
6416	0.059836229102308645
6501	0.02490056861209383
6518	0.04111602057719773
6524	0.04421317384124391
6539	0.056918583359641735
6591	0.016509727714611705
6609	0.04111602057719773
6671	0.021457317685447733
6679	0.20049396830235386
6766	0.04421317384124391
6861	0.08020196625760742
6890	0.03833270673470278
7029	0.025118682614016504
7047	0.05666928267768943
7126	0.059836229102308645
7137	0.03833270673470278
7176	0.08552309841477118
7279	0.044964770239341416
7280	0.11333856535537885
7341	0.033788602378272185
7362	0.04363017011098795
7434	0.04010098312880371
7435	0.04577655619209441
7494	0.042244060979538624
7562	0.019380311144559573
7589	0.036309296287241395
7616	0.018368255295537914
7662	0.026410147599666686
7677	0.011684199269939813
7717	0.052344274237895595
7825	0.03408618412209062
7828	0.03521422452443151
7886	0.03214851906912362
7912	0.03350955406686677
7996	0.011625744294329077
8009	0.019443109550725795
8046	0.05465548150227937
8145	0.044964770239341416
8201	0.0371833373861368
8295	0.03331554187765956
8305	0.026285705422552447
8399	0.008301082383178476
8402	0.04916389674263858
8433	0.023306406540525577
8520	0.1487333495445472
8553	0.13205959180275714
8623	0.015869935701278284
8628	0.033071146673696594
8630	0.02879923753921328
8685	0.05465548150227937
8694	0.044964770239341416
8735	0.0371833373861368
8794	0.014078205410712284
8797	0.016276570085418465
8812	0.03615106644134115
8957	0.05870965523659967
9022	0.05280639264720153
9076	0.07251635538778381
9086	0.04869420193476132
9111	0.0379349337842343
9125	0.043858239012298544
9241	0.04322431803331543
9242	0.020645531732694736
9299	0.03615106644134115
9338	0.03615106644134115
9392	0.05280639264720153
9397	0.06104467662421379
9435	0.03259934485299505
9441	0.030564113338619896
9449	0.022423944969410713
9508	0.05124301029635103
9528	0.015607630299624357
9571	0.059836229102308645
9631	0.044964770239341416
9689	0.12686753312752075
9696	0.059836229102308645
9699	0.04869420193476132
9744	0.02879923753921328
9841	0.04869420193476132
9849	0.033071146673696594
10107	0.025118682614016504
10158	0.06652054413033671
10167	0.030711912246413876
10204	0.08962411236445972
10207	0.05127659519575705
10225	0.06394841981474886
10358	0.025118682614016504
10367	0.06386081013440188
10397	0.059836229102308645
10415	0.0387467197369873
10416	0.1285767313482825
10419	0.03833270673470278
10431	0.04111602057719773
10436	0.059836229102308645
10478	0.02653613568185091
10514	0.041664365479654214
10519	0.029797607916983507
10678	0.03130287027959567
10681	0.0688324708636299
10708	0.030153500931029684
10715	0.06652054413033671
10796	0.036177692317818776
10798	0.0371833373861368
10815	0.030711912246413876
10904	0.02387526087402008
10913	0.022339779256562598
10922	0.02029697817876289
10939	0.043513454334732055
11026	0.0387467197369873
11180	0.03582907399432039
11243	0.059836229102308645
11245	0.03833270673470278
11353	0.01976307016157987
11474	0.06964387176428942
11503	0.02479324580962114
11555	0.03521422452443151
11564	0.04418278706225384
11599	0.07097825626985596
11648	0.03962918130810217
11659	0.033626473204240025
11699	0.04181992741087086
11707	0.033071146673696594
11748	0.027190679567155467
11786	0.03130287027959567
11810	0.030711912246413876
11823	0.05465548150227937
11904	0.03851173793489067
11937	0.029624237709069613
11945	0.049888746904534625
11962	0.04762564504717225
12337	0.05280639264720153
12417	0.025341590712077616
12483	0.034356651088977126
12532	0.018199687810729368
12666	0.03193040506720094
12675	0.018482210541522298
12776	0.06627418059338076
12790	0.0723021328826823
12840	0.04129106346538947
12845	0.04285891044942751
12859	0.03962918130810217
12958	0.05329022806354208
