37
t_index	tf-idf
73	0.07795180269241446
333	0.10494368307617236
1290	0.11749070312547885
1563	0.11603558309921223
1573	0.12393165785627756
1645	0.12306519207959973
1790	0.29788565224828273
2911	0.09425551558414998
2955	0.1338725439150974
2982	0.18105655723410644
3015	0.20778161230096862
3483	0.14572795610380954
3620	0.20778161230096862
3730	0.1338725439150974
4310	0.05426859070892219
5072	0.10494368307617236
5110	0.0734401039049019
5675	0.0734401039049019
5744	0.09151433380441294
6417	0.3148310492285171
7362	0.055289038668204664
7405	0.10136638087366914
7600	0.08931052803235008
7912	0.042463988241262886
8288	0.11197329205655987
8653	0.547424690484774
9328	0.08756561016172704
9406	0.10136638087366914
9806	0.08275988303009264
10093	0.09992934108426955
10219	0.08216210199518192
10432	0.15630917178130907
10487	0.26983526849812767
10591	0.14421575819234098
11739	0.10948493809695481
11841	0.04695231792166563
11843	0.09992934108426955
