205
t_index	tf-idf
76	0.061809008379589546
81	0.030236862170224126
114	0.026609807022958884
129	0.06418378687487025
170	0.07414631654704155
178	0.09028051915393107
186	0.05220973003263936
192	0.06208043797053382
202	0.03673557410268305
230	0.026525792493771638
323	0.036565028095505964
412	0.0305667708568081
413	0.04983978730967963
499	0.04453419273335813
554	0.024718800476184615
583	0.041121150306620294
586	0.07791873742706176
638	0.030128569470460782
653	0.07674265234464453
742	0.16339916427236764
761	0.04986998534624973
763	0.10061637346519409
804	0.05326505878461967
919	0.08979101848417495
1040	0.03764472027753865
1140	0.2163918774851388
1252	0.031846362848247364
1279	0.14526258946172904
1287	0.06109795040751114
1616	0.015722946207563426
1635	0.04424056539478719
1656	0.15984062109256095
1660	0.04159587497893374
1764	0.05850161460990816
1862	0.024718800476184615
1897	0.07195114590842831
1978	0.05382357826721965
2008	0.03045594989758102
2063	0.09942596862165773
2146	0.16935608837897953
2160	0.05676069850801152
2251	0.03352364290883073
2252	0.04677889532240325
2281	0.04483400215207481
2297	0.09966172642206941
2386	0.044442370999081306
2406	0.031134193385269855
2495	0.13102937456676622
2554	0.04424056539478719
2560	0.04643573603340044
2581	0.03762035684748628
2617	0.06017889467049152
2783	0.06017889467049152
2802	0.04483400215207481
2818	0.026276682560241276
2849	0.02802617063482421
2858	0.04824073373386466
2972	0.022408152142250996
2989	0.05122724246961667
3047	0.036565028095505964
3100	0.05440490067125261
3126	0.04824073373386466
3338	0.05700123646885559
3436	0.070049602608386
3465	0.03673557410268305
3581	0.031968598975534245
3628	0.04514025957696553
3702	0.035902563469699694
3727	0.03837002579597019
3780	0.06069196941438959
3794	0.04713052853096111
3801	0.05272762061066925
3826	0.04677889532240325
3839	0.025168535370404695
3848	0.03172516704103926
3854	0.07414631654704155
3917	0.11400247293771118
3923	0.032091893437435126
3941	0.05122724246961667
4135	0.05110895654195712
4197	0.04424056539478719
4276	0.015644701937133392
4332	0.04395130982070579
4650	0.05773167459552148
4708	0.032729753393171926
4809	0.03352364290883073
4980	0.03422528340911633
4984	0.03743894775229133
4997	0.06109795040751114
5055	0.08979101848417495
5213	0.03221626472049362
5315	0.056321024670025754
5560	0.05076030157524617
5600	0.018773674890008585
5623	0.034663484795463655
5631	0.04483400215207481
5744	0.03380016463406312
5765	0.022984247744466387
5802	0.058412693102938174
5841	0.03978513169784202
6087	0.06788093097418228
6150	0.04749106478538075
6184	0.05311116403674173
6313	0.2163918774851388
6396	0.0436708725719576
6449	0.03172516704103926
6460	0.03999927740835525
6517	0.08401702448493603
6563	0.0734711482053661
6611	0.08979101848417495
6671	0.030128569470460782
6849	0.032894383000603475
6957	0.04986998534624973
7064	0.08367861382685744
7183	0.11621507983708193
7184	0.070049602608386
7198	0.024867139540346535
7276	0.0433943508467252
7277	0.042595613205958234
7589	0.016994158226894106
7600	0.032986204734880294
7616	0.02579116662368722
7628	0.070049602608386
7663	0.06109795040751114
7664	0.041121150306620294
7682	0.04183930691342872
7789	0.06837232254780264
7790	0.05076030157524617
7792	0.03978513169784202
7813	0.06687194440675005
7817	0.05773167459552148
7912	0.015683770333084088
7913	0.011277469823668278
8009	0.027300387001218892
8034	0.07992031054628047
8043	0.09627568031230539
8058	0.036565028095505964
8184	0.05700123646885559
8215	0.070049602608386
8232	0.07992031054628047
8351	0.04514025957696553
8399	0.034967055192256506
8426	0.140099205216772
8468	0.07992031054628047
8494	0.05122724246961667
8504	0.04483400215207481
8556	0.05773167459552148
8721	0.017385522682543057
8794	0.009883718830889168
8809	0.05630644397129491
8920	0.04986998534624973
8961	0.04944486657119652
8980	0.04453419273335813
8997	0.04863090667201369
9011	0.09966172642206941
9045	0.06994400032919246
9068	0.04577327140759417
9198	0.02677933785128029
9262	0.03673557410268305
9376	0.07992031054628047
9486	0.07833899326073564
9509	0.4136801188105856
9516	0.03496329421418033
9615	0.04483400215207481
9847	0.042595613205958234
9904	0.0433943508467252
9950	0.1429666121653631
9986	0.03542518620887304
10022	0.07674265234464453
10063	0.057977455167655706
10094	0.027658655492055106
10103	0.017787947554160632
10172	0.0348126005180966
10207	0.04799886867536416
10217	0.04986998534624973
10329	0.024718800476184615
10387	0.07674265234464453
10705	0.04395287032932518
10769	0.03837002579597019
10904	0.03352364290883073
10913	0.03136764814469682
11154	0.13102937456676622
11244	0.029088660775636405
11380	0.04824073373386466
11386	0.07957026339568404
11492	0.03380016463406312
11493	0.1439966060260925
11594	0.03352364290883073
11724	0.05630644397129491
11786	0.04395287032932518
11843	0.036908187384508774
11870	0.03978513169784202
11883	0.04043747879470258
11904	0.0540749588932286
12148	0.07629901126330692
12291	0.043588491630315855
12391	0.01967653912853336
12458	0.07992031054628047
12626	0.023449011370826826
12662	0.03817887633008627
12675	0.02595117304180035
12699	0.09966172642206941
12749	0.02677933785128029
12785	0.028988727583827853
12963	0.021615118655933248
