56
t_index	tf-idf
4	0.11711081878776468
546	0.09607155119055451
742	0.04407480851427393
778	0.050377760139817346
1287	0.14832342803805548
2008	0.1478717653484212
2160	0.09186278016845792
2302	0.07731129566033897
2709	0.0678120533317349
2986	0.08239500927078214
2996	0.10157050092097936
3085	0.08239500927078214
3126	0.11711081878776468
3789	0.11711081878776468
3858	0.11033751265094169
3936	0.16234056900147792
3993	0.07731129566033897
4074	0.08524780424216129
4235	0.11034382632519733
4299	0.241942140587664
4332	0.10669766982180656
4394	0.1306639189141632
5054	0.05809194947769637
5552	0.18630302975091362
5744	0.08205441022713204
5802	0.09453640505860629
5852	0.09409555491364067
5984	0.21203374195313549
6679	0.09763138824930484
6962	0.22545789199165958
7019	0.09314835803832898
7167	0.3014170954173758
7183	0.04702126917019351
7614	0.19526277649860968
7913	0.05475512591455333
7996	0.03962843845868554
8311	0.16598293716194773
8398	0.15004961615482562
8433	0.07944407462452492
8794	0.02399404642846318
8880	0.1190318976213732
9051	0.0922264227814528
11206	0.1560376173759345
11229	0.10534557758718387
11493	0.05826182954087463
11519	0.07731129566033897
11554	0.09871180503240733
11707	0.22545789199165958
11721	0.24414935051324457
11841	0.04209881223736009
12062	0.1800000781253702
12291	0.052908440123563716
12391	0.04776742453721022
12662	0.09268431720130509
12719	0.241942140587664
12963	0.20989434016125091
