75
t_index	tf-idf
27	0.0833941541434367
111	0.09112291627347954
112	0.09603279951162509
230	0.1259893637471311
413	0.07890789180522159
742	0.04311643458452824
949	0.06379992974853214
1040	0.044700213549882205
1258	0.11918207459632199
1554	0.08162313103539241
1636	0.0661186379108797
1786	0.08724134461146382
1810	0.10305491635513649
1832	0.086836324046312
2063	0.04722428002679345
2160	0.13479793850732724
2202	0.12782272918091267
2386	0.05277190160202503
2803	0.147431502430838
2839	0.130642596219108
2873	0.12782272918091267
2972	0.05321591865377842
3042	0.05887903599003078
3235	0.11027773890924371
3302	0.12920328057882588
3938	0.25043999624886476
3946	0.11073750327438503
4089	0.18225200893506396
4222	0.10870448720093168
4361	0.17087291729376972
4374	0.1239900875679063
4391	0.11192776434626887
4595	0.0756302190378113
4754	0.14086537649064854
5033	0.17608611030468926
5272	0.09936192592326037
6184	0.031532713708882484
6591	0.11010537132797558
6669	0.0971065028020993
6685	0.10506454589832412
7064	0.09936192592326037
7434	0.1337191537721754
7589	0.04035851488560043
7600	0.07833716839856897
7604	0.05277190160202503
7677	0.038961669190588515
7792	0.09448357538014913
7840	0.16237376164602665
7911	0.14518276929738677
8330	0.18979845896335187
8361	0.07710725784204289
8399	0.027680461302068148
8735	0.2479801751358126
8743	0.13536917920920058
8794	0.04694462746972226
8995	0.13536917920920058
9266	0.1441341029278338
9391	0.04066549562857882
9399	0.12521999812443238
9620	0.09995009401732803
9726	0.11843355340520076
9856	0.20199004445882165
10063	0.06884377431857969
10481	0.06745376443564492
10536	0.11549093192016327
10654	0.08196999369631616
10899	0.23668128868921526
10913	0.07449334516437486
11782	0.10576186571589417
12291	0.051757985444639526
12626	0.0556877994088848
12806	0.15264469544175757
12869	0.050773584590461274
12963	0.05133258596174288
12971	0.09448357538014913
