94
t_index	tf-idf
27	0.07728071552187887
114	0.11712315596635492
412	0.06726987285854581
413	0.07312333102560112
503	0.16317763202448476
546	0.08709289680016083
638	0.06630550041357565
742	0.11986699606234452
1248	0.08998784261863259
1258	0.055222551849041034
1287	0.13446141808975498
1720	0.11247812288109708
1786	0.08084587707513011
1810	0.09550019129966943
1832	0.0804705476602868
1858	0.13894614580474648
2063	0.1312871215480778
2160	0.1665549381443518
2386	0.0489033117146335
2506	0.144181559267945
2578	0.16889152243904723
2882	0.10702455042265395
3042	0.054562745761792084
3702	0.07901262751032938
3858	0.05001279506476677
3938	0.11604040057843877
3946	0.051309792491158704
4089	0.16889152243904723
4247	0.05087146882082315
4276	0.03443010434929227
4332	0.09672591970724688
4391	0.20744518136286327
4754	0.1305388513052379
4831	0.0819996134288931
4982	0.21933071362631554
5255	0.15834660651465615
5272	0.09207792572335625
5463	0.1758847591212385
5802	0.042850611172586595
6013	0.07008593710616197
6087	0.07469453704390745
6184	0.029221121106134326
6344	0.16317763202448476
6449	0.06981921522768582
6591	0.05101689660640198
6669	0.08998784261863259
6685	0.09736249940299671
7064	0.09207792572335625
7072	0.10616587666659758
7095	0.10073560476286791
7135	0.06801314006451063
7183	0.08525351141941129
7331	0.1440387816562763
7434	0.12391650216536386
7562	0.059887318976607956
7589	0.07479984514010608
7604	0.0489033117146335
7792	0.08755719613013146
7890	0.150470504927731
7911	0.06726987285854581
7913	0.024818910861016986
8246	0.21933071362631554
8361	0.07145469750450198
8399	0.02565126869348866
8565	0.06654382575643622
8617	0.051457273382411926
8735	0.11490065200957907
8743	0.1254455679339702
8794	0.06525483299215844
8809	0.12391650216536386
9045	0.051309792491158704
9266	0.06678397736493967
9441	0.03148217093616265
9726	0.10975145491865272
9847	0.09374236808067668
9856	0.0467956516988739
9986	0.07796203869308709
10204	0.05538969694686734
10207	0.10563359172847074
10431	0.12705308088134795
10654	0.07596095708674765
10672	0.16317763202448476
10848	0.10145608779367028
10878	0.06826486536609407
11167	0.06702598344437803
11519	0.07008593710616197
11634	0.050439191187268306
12291	0.047963723479381735
12423	0.0737772140471309
12475	0.09049744135165602
12620	0.08319745215628556
12839	0.14636050126990094
12869	0.04705148684657896
12964	0.06726987285854581
