39
t_index	tf-idf
27	0.12355681447811691
67	0.17701304716162372
131	0.1684023237251366
660	0.09046896998831208
763	0.17701304716162372
926	0.17111141417203882
1258	0.08829010637056624
2709	0.09828571383596396
2816	0.11843951728847063
2835	0.16338754517540724
2986	0.11942201872406427
3107	0.13367151342946348
3205	0.1399869057295671
3384	0.1684023237251366
3496	0.0890961178704477
3620	0.27002465445626267
3848	0.11162732855977003
3858	0.0799607198201991
4757	0.19578742506657087
5765	0.08087176251434026
6184	0.0467188821295407
6292	0.29975158235703453
7277	0.14987579117851726
7843	0.15669682551899472
8423	0.21497762251796051
9266	0.10677457429925713
9806	0.10755142657027747
9807	0.09796140223269234
9856	0.07481713408442012
9887	0.22214782877865696
9923	0.17111141417203882
9986	0.1246461175480501
10032	0.24057303476338507
10050	0.24393203044664313
11114	0.19811835547108037
11122	0.14307132353277818
11410	0.11120449087930387
11714	0.16459497631839543
12083	0.19811835547108037
