178
t_index	tf-idf
15	0.05388672648777294
114	0.06084868715175275
131	0.054721873488554604
208	0.0271220682561032
310	0.05233490549912416
348	0.034324641290437836
504	0.0602861660745363
546	0.09049429016505017
557	0.02801112167554108
583	0.0470158992165722
638	0.06889504671928526
643	0.033961463477223515
742	0.062274187226590796
778	0.02372658496434347
949	0.030715965644255137
996	0.06688786660871626
1040	0.06456168035454486
1248	0.04675114871849324
1252	0.036411563755465566
1279	0.09490633985737389
1283	0.09624034590874929
1481	0.07817354821401783
1500	0.030424343575876374
1690	0.04180665333947788
1764	0.06688786660871626
1806	0.04180665333947788
1862	0.02826225976844204
1988	0.05751990446647303
2017	0.10696937277003205
2035	0.09137694928237776
2082	0.059122685737365024
2114	0.07817354821401783
2160	0.08652985177104087
2204	0.03507624227822347
2218	0.04280585005942438
2224	0.03697794423198704
2256	0.08774377130367766
2258	0.09137694928237776
2282	0.05803683032379481
2293	0.045247145082525086
2388	0.060900646429127056
2441	0.056532826687826665
2581	0.04301326428964553
2603	0.07348956714289621
2811	0.04280585005942438
2818	0.030043465462085278
2948	0.08520208976494273
2949	0.16018253535415236
3085	0.07761171527576251
3235	0.05309233494477946
3239	0.1570047164973725
3272	0.0542441365122064
3335	0.05091820393229307
3403	0.022145767001182627
3433	0.02868962805398625
3452	0.05388672648777294
3635	0.05025354850907286
3702	0.04104922389382258
3780	0.03469610523982383
3793	0.05126099126458939
3858	0.02598301672604278
3897	0.0470158992165722
3993	0.1092346912663967
4013	0.03627299443494124
4287	0.028431863352935995
4332	0.075377646450492
4389	0.11093383269596113
4394	0.061539230114374434
4570	0.11394831249298089
4644	0.06781850829312824
4815	0.0470158992165722
4949	0.032150510277951454
5009	0.07097971708426098
5042	0.05751990446647303
5077	0.041613967103825006
5246	0.04046897369764246
5279	0.0258369906630547
5459	0.3418449374789427
5487	0.03963252232699149
5623	0.03963252232699149
5778	0.03599934434829141
5802	0.2226206604483175
6075	0.07817354821401783
6127	0.19212186070699874
6178	0.05803683032379481
6430	0.029488350438043983
6563	0.042001647249556705
6573	0.06781850829312824
6608	0.05058248488614423
6679	0.045981786845125404
6946	0.054721873488554604
7039	0.030232790814893107
7097	0.05751990446647303
7277	0.04870172752042407
7430	0.21888749395421842
7476	0.07817354821401783
7562	0.03111310232975319
7589	0.01943028403895356
7604	0.02540660974046146
7677	0.018757783856783707
7753	0.0542989458949471
7899	0.09606093035349937
7913	0.03868231170776557
8009	0.03121391873164793
8023	0.0542989458949471
8047	0.10322230185952938
8290	0.05348468638501602
8295	0.05348468638501602
8305	0.042199004779714444
8398	0.0706693778501424
8433	0.0374160459151225
8551	0.02424557063530391
8572	0.0602861660745363
8580	0.061539230114374434
8617	0.026733462771683227
8620	0.03997530965928782
8794	0.05650278809968126
8850	0.05751990446647303
8880	0.05606085750025933
8940	0.11714141511778912
9045	0.026656842409649037
9156	0.09606093035349937
9267	0.05091820393229307
9322	0.07146043522254127
9337	0.06408748802833034
9377	0.08477524874819779
9404	0.0688055860717746
9486	0.029856316310956105
9516	0.07995061931857564
9697	0.04755867604024281
9787	0.026429121258631574
9873	0.054721873488554604
9879	0.11394831249298089
9942	0.07097971708426098
9986	0.04050341423101031
10062	0.11394831249298089
10063	0.03314428425117504
10103	0.06101359105278572
10110	0.034324641290437836
10158	0.07119460849106897
10207	0.08231931580184007
10329	0.02826225976844204
10480	0.042199004779714444
10504	0.0749062687097273
10688	0.03997530965928782
10744	0.03599934434829141
10758	0.05233490549912416
10859	0.05058248488614423
11062	0.08226539868956256
11165	0.03997530965928782
11167	0.06964366805172328
11210	0.022735751725667764
11234	0.0470158992165722
11244	0.033258542943829
11370	0.0749062687097273
11438	0.030328285498523434
11493	0.02743977193394669
11659	0.013495963686913236
11699	0.04475840355887966
11760	0.051969007024714596
11810	0.04930482598228638
11845	0.07645808969837609
12291	0.04983693583988569
12365	0.05161115092976469
12391	0.04499437266224169
12437	0.0470158992165722
12485	0.031832289134491584
12664	0.05388672648777294
12676	0.03480789289736935
12785	0.03314428425117504
12805	0.06781850829312824
12867	0.09606093035349937
12869	0.07333360801790718
12898	0.06220388553759465
12963	0.12356831371494918
12964	0.2795883300469591
12971	0.045488361300112905
13032	0.13377573321743252
