39
t_index	tf-idf
684	0.1421761796794458
745	0.13289165432117064
1636	0.09349198841599789
1669	0.09227358055846234
1710	0.26863844134766524
1737	0.20208320641973962
1832	0.12278687006178869
2063	0.06677529938184523
2545	0.12222094722678713
2709	0.09380150355119594
2986	0.11397348074545262
3971	0.18685477401438397
4008	0.0990472971567931
4076	0.15826625560246185
4206	0.16330458718442536
4423	0.12512001187956764
4697	0.13504930999176193
4716	0.25266141493697664
5802	0.06538407627506718
6009	0.10009832674949053
6184	0.04458736897710233
6430	0.08660779958087444
7047	0.1336001105595891
7064	0.14049811552273558
7280	0.40080033167876733
7341	0.07965798753913599
7435	0.4316802810499534
7717	0.08226915293915199
8312	0.09835922886216807
8553	0.10377859769080061
8794	0.06637986967469602
9299	0.17045518295616982
9449	0.10573070226191056
10158	0.10454990346761367
10207	0.16118217756488357
10681	0.10818354357008186
11590	0.09318446374559411
11760	0.15263388009004183
12417	0.11948763636714763
