91
t_index	tf-idf
129	0.044762096701513994
333	0.054063116197521854
478	0.0249377272255999
565	0.08159864220752888
738	0.09327366264595352
1036	0.04753814391588152
1040	0.026253617796808067
1428	0.04294764496970968
1616	0.02193052397945099
1832	0.05100127004645276
2063	0.02773606880354914
2293	0.05519843567592557
2408	0.0735450171307858
2498	0.01946376977416703
2581	0.05247325323560692
2591	0.04375191206119757
2794	0.03280127732638776
2924	0.03586312347745686
3134	0.05325228184414196
3175	0.06955915863686497
3272	0.03308707626308934
3533	0.1033984683524687
3839	0.0702106540570372
3883	0.13911831727372995
4247	0.032241728115775276
4276	0.021821388081746582
4829	0.07853679605645977
4899	0.20867747591059493
4949	0.039221433093489876
4958	0.10342003028927546
5055	0.12524141837102204
5117	0.024874166584444798
5467	0.10342003028927546
5600	0.026185711120711996
5631	0.250139673903573
5715	0.049411407084537826
5765	0.03205866061331362
5808	0.07429464131735349
5856	0.038078855188763305
6087	0.04734050364430582
6252	0.06253491847589325
6260	0.28170616070961585
6526	0.04202363262685796
6671	0.04202363262685796
7028	0.08393812935601151
7202	0.50069928035503
7331	0.04564502798853955
7341	0.06617415252617868
7405	0.15666066599885847
7677	0.022883218902610337
7911	0.042634840341000985
7996	0.02276873626054443
8417	0.06430165423088356
8481	0.08965226728427195
8494	0.07145227456420696
8721	0.02424950241840745
8794	0.041357732189409406
8797	0.03187726498353604
8800	0.05351889904742476
8940	0.07145227456420696
9002	0.16302276148194628
9045	0.13007812964894203
9298	0.3814656208501295
9328	0.09022114753956502
9431	0.07282265812819934
9441	0.01995302316497364
9475	0.06839042841313785
9793	0.0652476750894623
9806	0.12790452102300295
9807	0.03883322496928774
9849	0.06476903305145627
10110	0.041873724870681216
10161	0.05462266540813434
10177	0.06253491847589325
10184	0.050533891225880055
10185	0.054063116197521854
10271	0.0735450171307858
10556	0.04294764496970968
10796	0.03542656341157197
11179	0.07672985242658249
11186	0.033671314952842764
11237	0.04753814391588152
11353	0.03870549023060341
11849	0.21435682369262085
11904	0.03771214907945529
12148	0.06385357835722036
12391	0.027445035268474555
12504	0.05222022199961949
12518	0.04793942389538365
12840	0.04043376966494302
13001	0.10650456368828393
