20
t_index	tf-idf
745	0.23104405411804063
1636	0.16254420295637692
1669	0.16042589167180257
1710	0.23352600619641872
1810	0.25334731278433387
2063	0.11609484405123861
2545	0.21249207325824823
3042	0.14474656886820994
4716	0.21963725985816038
7047	0.23227576879813505
7280	0.4645515375962701
7341	0.13849255228207635
7435	0.375257433305605
7717	0.1430322974080902
8553	0.18042839532435498
8794	0.05770367702851941
9397	0.25020961134390923
9468	0.19981595327024523
10158	0.18176937956109923
11590	0.16200954374881157
