170
t_index	tf-idf
101	0.043364472586164424
188	0.048793928576750356
189	0.05403224573018311
208	0.028780792399378936
268	0.06397313117723866
310	0.055535589549755765
317	0.0829544650144518
376	0.032803911864556196
423	0.05298480051468526
575	0.05367599486905813
849	0.05761974619896167
886	0.04702680017334041
1087	0.08995991057129452
1189	0.12091713268887813
1355	0.07097857673408135
1616	0.019076265694902093
1636	0.06755815939447372
1641	0.07532067549859765
1646	0.18082989858907084
1647	0.07412864739224048
1681	0.04187731383066278
1738	0.054395997157795466
1917	0.02972421830831719
1996	0.05593132449350269
2078	0.025382119543800874
2112	0.12103292689742993
2113	0.08113409294908318
2128	0.07532067549859765
2139	0.06530282977002916
2363	0.040508078482330484
2378	0.06530282977002916
2397	0.06436618922420695
2482	0.0829544650144518
2498	0.0507916788469333
2503	0.16779837662056188
2509	0.09078416287491267
2805	0.05403224573018311
2811	0.090847517409518
2818	0.03188085562861204
2823	0.05403224573018311
2843	0.12091713268887813
2900	0.03044422059705454
3169	0.06273849502306739
3272	0.028780792399378936
3329	0.07412864739224048
3403	0.04700030370601458
3466	0.04678848529663764
3533	0.0674558661908564
3756	0.0526493034754339
3804	0.06674346007380524
3809	0.20747461400613812
3810	0.06915820466871271
3839	0.03053636777351699
3861	0.07004442736476583
3945	0.08995991057129452
4060	0.05367599486905813
4135	0.031004622845894367
4287	0.0301706915918635
4310	0.024318549684451997
4427	0.06831522994175497
4466	0.0526493034754339
4547	0.04355970126938529
4564	0.058068539084395375
4838	0.17420561725318612
4965	0.06674346007380524
5041	0.07196613435189843
5210	0.042237275905341355
5223	0.10894124440850768
5246	0.021471982144018065
5282	0.07798402229092403
5600	0.022777640115517188
5804	0.07301357956739626
5879	0.1589544015440558
5880	0.13201626802110716
6034	0.058529301180305915
6077	0.06751147783012623
6078	0.08995991057129452
6087	0.04117913582436285
6247	0.1699789356955335
6308	0.12091713268887813
6359	0.12091713268887813
6373	0.04564385791859121
6401	0.06273849502306739
6432	0.04473943874415014
6592	0.12091713268887813
6645	0.06215275911187002
6807	0.029548810155699906
6907	0.04415898289247394
7183	0.07050045555902187
7362	0.024775827348641064
7423	0.12091713268887813
7520	0.0829544650144518
7523	0.08729656377896813
7589	0.020618596115369963
7616	0.03129179102948754
7800	0.15140177020926865
7859	0.10894124440850768
7877	0.055147313555027326
7996	0.03961076925022659
8012	0.04632149593281601
8015	0.06125801807815544
8043	0.03893630861438077
8047	0.054767571793434784
8072	0.18645827733561007
8254	0.06831522994175497
8271	0.050176870831499555
8399	0.014141557326682088
8417	0.05593279220685395
8433	0.03970432637070174
8546	0.08113409294908318
8559	0.10894124440850768
8565	0.036685644593877714
8623	0.054071407831144364
8630	0.049061803006655344
8687	0.16226818589816636
8721	0.04218685805557227
8797	0.027728438090331275
8817	0.06158623115666134
8822	0.07412864739224048
8856	0.04135105320928823
8869	0.06050603227328353
8893	0.08168069877738737
8930	0.03681804029637989
9045	0.028287114395946816
9051	0.09218530160804982
9125	0.11207402347251402
9242	0.035171313457793396
9368	0.04632149593281601
9443	0.09502704807834635
9449	0.07640196510225818
9454	0.06273849502306739
9457	0.04586679720058669
9659	0.04298051112626484
9781	0.05944843661663438
9787	0.028045466336127253
9949	0.06052277524994178
10200	0.05761974619896167
10213	0.02681083018195599
10378	0.06273849502306739
10421	0.03642385845485584
10605	0.12091713268887813
10634	0.09696535612813721
10848	0.1118655844137079
10922	0.034577524619564974
10939	0.07412864739224048
11083	0.06397313117723866
11130	0.0829544650144518
11168	0.05900268845371088
11210	0.024126218704320905
11215	0.10879199431559093
11390	0.10894124440850768
11644	0.04187731383066278
11699	0.02374786297254198
11738	0.08729656377896813
11748	0.04632149593281601
12136	0.06600813401055358
12144	0.050467256736422876
12148	0.03702868894678303
12149	0.06674346007380524
12191	0.07196613435189843
12275	0.042791683513064324
12365	0.054767571793434784
12452	0.11998049214305592
12532	0.0930138685376831
12658	0.08498946784776674
12676	0.018468332316684072
12768	0.04827032624519293
12795	0.05593279220685395
12817	0.09310998122945364
12993	0.07412864739224048
