145
t_index	tf-idf
114	0.1399467616082251
200	0.04187173685407976
202	0.04830009314849417
212	0.0497050045623432
242	0.05816768845200113
365	0.13103567283501688
380	0.26207134567003376
401	0.11789588338061883
413	0.021843189953784193
546	0.05203227647726262
583	0.05406626788059172
638	0.07922634924863467
660	0.03380602970477122
778	0.08185366567156811
920	0.07153180083183049
1013	0.09748790057913581
1019	0.037095295122372196
1040	0.024747721253406588
1236	0.06061333822084941
1252	0.08374347370815952
1260	0.2696886842116802
1279	0.10913822089542415
1283	0.11067227064731255
1287	0.1606637036686099
1413	0.07590585770588468
1624	0.06292780783223202
1634	0.09460168064350902
1669	0.03612871312115203
1996	0.060611747686884244
2001	0.13103567283501688
2160	0.07462921410857483
2256	0.10090157421653337
2282	0.06673986603495
2293	0.05203227647726262
2418	0.0497050045623432
2607	0.04407703199757859
2611	0.07403195826128059
2906	0.04720484713289308
2966	0.08406490689537824
2977	0.06673986603495
2989	0.0673538019606523
3085	0.04462507214253723
3235	0.061053908387627934
3272	0.031189215398294348
3314	0.042689481148898346
3522	0.07153180083183049
3780	0.03989903312640041
3800	0.10090157421653337
3858	0.029879354985535563
3983	0.09460168064350902
3993	0.04187173685407976
4127	0.10090157421653337
4204	0.08033185183430495
4234	0.06018289700654574
4235	0.05976212945207655
4332	0.028893686980427092
4394	0.07076747559804987
4431	0.0994100091246864
4458	0.06342712724141664
4544	0.07798837622456796
4831	0.09797874944384542
4915	0.04337040594102632
4972	0.037854454576510946
4973	0.06394012832325473
4980	0.044999551989394246
5112	0.0700331317448839
5310	0.026076176729957296
5315	0.04936741935173584
5322	0.09748790057913581
5429	0.041397702213346974
5595	0.05894794169030942
5688	0.03612871312115203
5802	0.1024016850819727
5825	0.07798837622456796
5852	0.1528862353488062
5995	0.08888120793737374
6075	0.08989622807056005
6184	0.03491539512937977
6430	0.03391033843245268
6432	0.02424165346851613
6454	0.02803358983351763
6606	0.044811375850744545
6679	0.05287708300005308
6843	0.06932650568833165
6901	0.06244145923630816
6962	0.12210781677525587
7183	0.05093336471527357
7198	0.03269542359071548
7212	0.06394012832325473
7320	0.13103567283501688
7538	0.13103567283501688
7616	0.03391033843245268
7677	0.021570647031028893
7759	0.13103567283501688
7769	0.08989622807056005
7897	0.042689481148898346
7912	0.020621089679723377
7913	0.01482766654033934
8145	0.08301118161853657
8193	0.06614542346675356
8199	0.13103567283501688
8331	0.1498909489384561
8399	0.015324945589014882
8435	0.054375752086999636
8565	0.039755558338568024
8604	0.13103567283501688
8617	0.03074233575607511
8791	0.12788025664650945
8930	0.03989903312640041
8997	0.06394012832325473
9045	0.03065422562550489
9151	0.06061333822084941
9198	0.03520959027498537
9322	0.08217643601387813
9333	0.06614542346675356
9468	0.044999551989394246
9697	0.10938087590300542
9856	0.027957323462514505
9900	0.07494547446922804
9949	0.13117483685499406
10103	0.04677534214573427
10110	0.03947186551437681
10173	0.0731609468801984
10329	0.06500077348357317
10643	0.0879235243428807
10654	0.09076334961470327
10859	0.05816768845200113
10922	0.037471027494111304
11008	0.05259122449796999
11050	0.03422679725924042
11167	0.040043615838621004
11210	0.026145139490032263
11244	0.07649179626816129
11554	0.05346223587905218
11634	0.030134098618483502
11659	0.015519779482303136
12056	0.26207134567003376
12148	0.040127309194675914
12166	0.11805762296136423
12291	0.028655169510374518
12620	0.0497050045623432
12636	0.042523050113555894
12676	0.020013792069351426
12963	0.05683930467938861
12964	0.16075729487779292
