161
t_index	tf-idf
22	0.0598122042363189
189	0.054773567131540156
268	0.06485084134109766
317	0.08409259872372654
554	0.030402187492202696
557	0.06026406805570505
643	0.036532916638783705
700	0.06925251361949336
744	0.03993348202730696
849	0.0584102880396868
924	0.0555189818546337
949	0.0330416801123394
1019	0.03470045222381733
1087	0.09119415886265163
1199	0.12257611348898435
1354	0.06551184817861187
1355	0.07195240148002273
1460	0.03931887151456339
1616	0.019337991703630698
1636	0.06848505607845584
1641	0.07635407375841843
1646	0.10998652885040287
1890	0.06081331112619136
1996	0.05669870121999172
2078	0.025730361749456813
2112	0.24538699278382572
2128	0.07635407375841843
2139	0.0661987833737243
2244	0.06843773404391816
2363	0.041063848561863334
2398	0.06081331112619136
2498	0.06865138630830701
2503	0.1701005672110282
2509	0.06135314659497809
2585	0.0584102880396868
2586	0.07635407375841843
2811	0.09209394365010291
2818	0.03231826037186634
2823	0.054773567131540156
2900	0.03086191473453186
3022	0.10333435610635545
3176	0.09119415886265163
3329	0.07514569104872541
3349	0.10333435610635545
3403	0.04764514699425285
3432	0.031623539178688875
3466	0.047430422440258926
3533	0.09117514588532952
3756	0.05337165093490806
3771	0.04337878461092988
3809	0.14021410788789335
3810	0.07010705394394667
3861	0.07100543559882289
3998	0.040570446853690004
4287	0.03058463291650286
4310	0.024652199731519695
4380	0.048673113882487525
4427	0.06925251361949336
4466	0.05337165093490806
4564	0.11773047671023815
4708	0.02012751590012346
4838	0.1765957150653572
5210	0.042816770541192865
5310	0.024392719395079882
5600	0.023090148912104355
5804	0.07401532451416906
5879	0.3222705059235976
5880	0.13382752875048798
6078	0.09119415886265163
6247	0.08615552175787289
6373	0.09254018159196598
6401	0.06359926600197104
6432	0.022676631503687747
6557	0.034129893552279154
6645	0.1260109876100432
6796	0.07833706131411582
6807	0.029954219278660352
7183	0.04764514699425285
7362	0.050231502473426476
7394	0.0362772244720048
7520	0.08409259872372654
7523	0.17698854200424455
7589	0.06270444860590672
7619	0.0394705140407075
7770	0.09438744843135433
7797	0.04627009079598299
7800	0.051159666555428265
7877	0.05590393366609652
7913	0.013870404122042655
8012	0.0939140519821908
8015	0.06209847694105045
8043	0.0394705140407075
8047	0.0555189818546337
8072	0.1890164814150648
8159	0.06359926600197104
8271	0.050865296561317774
8312	0.03602521145708458
8360	0.09119415886265163
8399	0.014335579228846537
8623	0.05481326653579451
8630	0.19893972010704564
8721	0.06414849143920116
8760	0.052389266229991946
8797	0.0281088717425843
8817	0.06243119309685795
8822	0.07514569104872541
8869	0.061336173904993074
8893	0.041400678218850476
8930	0.03732318312098186
8957	0.03379627199171255
9045	0.028675213076669176
9051	0.04672504111141525
9125	0.07574111798632127
9197	0.09438744843135433
9368	0.0469570259910954
9449	0.038725099317613955
9454	0.12719853200394207
9457	0.04649608880075989
9659	0.04357020293545363
9781	0.030132034027852524
9782	0.0584102880396868
9787	0.028430249609986174
9949	0.030676573297489046
9989	0.04582665945653902
10066	0.07295350836989518
10103	0.021877781535721674
10110	0.036923593111960806
10178	0.05029099585315413
10198	0.05886523835511907
10200	0.0584102880396868
10284	0.061336173904993074
10536	0.0598122042363189
10654	0.04245186979357871
10848	0.05670018907034273
10859	0.054412428515260174
10913	0.11573924725877881
10939	0.07514569104872541
10953	0.03666217628346762
11130	0.08409259872372654
11160	0.042816770541192865
11186	0.05938167367259688
11210	0.04891445994787315
11215	0.11028461844387902
11237	0.041918388886316646
11345	0.07514569104872541
11699	0.024073683208590498
11714	0.05753437540951999
11796	0.09119415886265163
11931	0.06485084134109766
11966	0.11043591624528054
12144	0.051159666555428265
12148	0.03753672186693074
12149	0.06765917909833752
12275	0.04337878461092988
12440	0.06765917909833752
12532	0.15715002845874895
12568	0.042094416522364175
12631	0.042094416522364175
12658	0.08615552175787289
12817	0.09438744843135433
12862	0.03590055183931061
