136
t_index	tf-idf
67	0.14998225863962847
554	0.024564467979378956
660	0.025551300074995262
761	0.04955862074902489
926	0.09665455659175529
1019	0.02803739526113199
1046	0.04756214542271634
1248	0.0406342983577324
1258	0.07480776011329755
1428	0.030598789445241865
1676	0.050907403800971654
1690	0.03633673335736989
1917	0.02434618841886213
2115	0.13922449205411572
2158	0.04581282117283117
2178	0.11329069542619932
2237	0.09512429084543268
2251	0.03331433714105588
2255	0.05044337826465658
2273	0.05664534771309966
2347	0.030048077506551016
2386	0.02208244692913834
2659	0.07942132593398205
2670	0.12855922130390623
2709	0.02775899590359295
2955	0.04913615621449829
2972	0.022268246240577227
2980	0.06169283708334627
2985	0.06510564456807709
2986	0.0337285572763179
3042	0.0246379824872331
3204	0.05595489317121825
3205	0.35583058940490975
3403	0.019248247975796093
3650	0.07942132593398205
3819	0.05529656466115291
3839	0.025011394941669148
3855	0.04581282117283117
3858	0.022583437687004524
4014	0.04086440929669727
4186	0.03871612484523215
4210	0.047939541412980916
4240	0.06510564456807709
4247	0.02297117456990125
4276	0.031094047638104406
4282	0.06961224602705786
4339	0.08923040584090623
4422	0.02297117456990125
4431	0.07513615162103428
4506	0.14736676404370805
4989	0.06645442762002385
5213	0.03201512160366414
5417	0.2629765306736199
5497	0.07626350752694804
5649	0.05188375717642209
5697	0.23254543281120732
5712	0.06165043690161643
5765	0.022840744974377648
6292	0.12698899904158414
6430	0.025630138779945397
6521	0.04516945988884363
6532	0.04516945988884363
6547	0.047939541412980916
6820	0.06274157686182842
7215	0.04485842515002072
7341	0.023573457418840506
7362	0.020293114342200585
7465	0.08349246192877821
7600	0.032780254476825435
7604	0.02208244692913834
7607	0.2088367380811736
7717	0.04869237683772426
7800	0.041336170012727956
7808	0.04581282117283117
7843	0.04425614230108147
7882	0.08349246192877821
7893	0.06274157686182842
7913	0.011207058636959841
8009	0.1085197451975398
8085	0.19531693370423128
8113	0.025949960548505704
8529	0.07368338202185402
8551	0.02107331644363854
8814	0.060716483707895834
8848	0.04040786935216605
8968	0.030598789445241865
9111	0.05293249695490424
9117	0.03584013816125278
9198	0.02661214033385333
9213	0.09745187753877615
9266	0.030156518734021868
9267	0.08851228460216294
9406	0.14882078669292356
9743	0.08923040584090623
9760	0.21172998781961697
9807	0.08300220013132262
9856	0.021130726303053394
9923	0.04832727829587764
9949	0.02478616720183396
10050	0.10334118718247186
10058	0.06645442762002385
10100	0.05737122532964052
10191	0.13922449205411572
10329	0.024564467979378956
10478	0.07405437579850258
10485	0.08923040584090623
10708	0.0420746772694979
10729	0.05737122532964052
10796	0.0504805306723447
10927	0.07942132593398205
10953	0.02962243606979143
10963	0.06274157686182842
11084	0.060716483707895834
11110	0.0990394857478304
11122	0.24244721611299633
11149	0.03891685886246389
11160	0.034595247108758144
11168	0.04832727829587764
11186	0.04797941667409776
11191	0.05348752930606565
11221	0.10376751435284418
11412	0.03851819838895345
11556	0.060716483707895834
11557	0.16698492385755642
11596	0.04485842515002072
11904	0.02686867021518141
12159	0.06169283708334627
12316	0.06961224602705786
12483	0.047939541412980916
12504	0.03720519667323089
12666	0.08910815970322844
12718	0.03176900216645662
12792	0.162195666624017
12869	0.0212462494828489
12876	0.05188375717642209
12885	0.04425614230108147
