96
t_index	tf-idf
73	0.05193063992210847
114	0.09599299430735242
413	0.0599311676752594
478	0.032248506677197114
557	0.044189473420139645
742	0.06549454589467875
794	0.1797613099719285
1040	0.10185049677885141
1252	0.2297669971799564
1258	0.04525986395726257
1279	0.03743032170496929
1283	0.07591288661591186
1996	0.04157511816496224
2095	0.09510557857020864
2104	0.0797973532546054
2112	0.05997781843096324
2114	0.12332415570411524
2160	0.20476020002925355
2282	0.2746712895708714
2581	0.06785638651166286
2585	0.17132065285779144
2639	0.12332415570411524
2788	0.061993413337372516
2972	0.040417910944891236
2977	0.09155709652362379
3000	0.11020326454451229
3205	0.07176102249244252
3432	0.04637680757613992
3450	0.09708237338490933
3569	0.07683032899242481
3771	0.0636162048599433
3780	0.0547354953520599
3858	0.04098999819750462
3993	0.0574417492949891
4074	0.06333851938971718
4124	0.12061790176118604
4332	0.03963780937775623
4831	0.06720608200948743
5032	0.09813091308632327
5209	0.09239932462727943
5315	0.03386235129946256
5484	0.11593485300355613
5485	0.09155709652362379
5723	0.14415343013746276
5802	0.10535982676743165
5841	0.07176102249244252
6396	0.07876978999847886
6430	0.04651990352187626
6547	0.08701251524864412
6608	0.1595947065092108
6646	0.04133946829350959
6671	0.054343340317562036
7176	0.10829897078231383
7604	0.04008067648366658
7619	0.05788461640089946
7641	0.07730163865297576
7913	0.061024010564076935
8009	0.049242106335747486
8305	0.06657183606102474
8520	0.09417145177880121
8534	0.1263494902202299
8617	0.04217387851373036
8773	0.09813091308632327
8841	0.07546616829838518
9045	0.042053004616184594
9137	0.13373879292078902
9266	0.0547354953520599
9322	0.05636687883183636
9391	0.030885765433066762
9406	0.06752917627997408
9441	0.02580247971055599
9509	0.1865402164312361
9682	0.3239147401093913
9784	0.09155709652362379
10110	0.05414948539115692
10164	0.05553823742822082
10467	0.09074161038576414
10481	0.051231667381241255
10600	0.1515427328380219
10714	0.06333851938971718
10758	0.08256191745146867
11066	0.06564889883887591
11167	0.05493384117030736
11353	0.050052446594429985
11441	0.059497698735742885
11468	0.08566032642889572
11779	0.08198468741060566
11841	0.03127912160183625
12156	0.0863275238325856
12291	0.03931059914606745
12587	0.26747758584157805
12620	0.06818781892727285
12636	0.11667050700062574
12869	0.03856293891460349
12963	0.11696251462674241
12964	0.1102674611025968
