204
t_index	tf-idf
22	0.046082658690978044
28	0.07961455231923467
37	0.0411204971495422
70	0.04725680993642355
76	0.02928511549655717
97	0.09443947558363879
121	0.08508599040171254
141	0.2833184267509164
189	0.04220061159152965
229	0.04646280289073804
268	0.049964705790426445
313	0.07961455231923467
348	0.028447995868873824
557	0.023215399892039197
886	0.07345834701810357
924	0.04277492067620791
1124	0.09000508849798118
1307	0.06637902003786002
1354	0.05047398233146845
1355	0.0554361438729043
1636	0.05276470755410843
1646	0.16947951456839538
1669	0.026038533224225485
1738	0.08496942213555846
1955	0.05882743773783899
1962	0.049964705790426445
2004	0.0822409942990844
2112	0.18905982784022007
2194	0.06336787037268532
2212	0.04535306335082111
2217	0.033868798894990115
2275	0.03163787962633392
2347	0.028652457760538954
2363	0.03163787962633392
2386	0.021056800647180705
2397	0.025135847255376084
2498	0.09256250087298358
2503	0.043684988607324005
2509	0.04726988664358781
2591	0.029723990818016542
2670	0.06129406544120628
2721	0.06208173320082767
2900	0.07133322211178014
2940	0.04277492067620791
2951	0.048100473806081415
3047	0.06929805858301724
3085	0.03216199314158863
3270	0.06208173320082767
3272	0.022478559329325937
3314	0.03076698219206022
3339	0.051554096773455904
3432	0.04872907732390167
3433	0.023777740703926718
3434	0.06818092291976525
3533	0.1756160461974121
3553	0.09534409934801501
3747	0.04685396728440329
3756	0.0411204971495422
3809	0.05401438519075907
3839	0.023849710083518424
3866	0.036359445540366284
3916	0.052128405858134164
3923	0.030410285829106966
3998	0.031257735426573924
4074	0.03327555054167731
4087	0.038531076390957014
4135	0.024215429667594913
4179	0.05789643229020747
4247	0.065712750733943
4276	0.014824923264404119
4310	0.018993429864596463
4380	0.03750048210247703
4386	0.09443947558363879
4405	0.03831856449208126
4431	0.03582318053695412
4466	0.0411204971495422
4522	0.06208173320082767
4564	0.22676531675410555
4565	0.09443947558363879
4838	0.18141225340328443
4848	0.07961455231923467
5096	0.07026106713730841
5279	0.02141349701013397
5310	0.01879351173862452
5315	0.017789938776311673
5517	0.04947395255591274
5600	0.035579877552623346
5623	0.03284712640960339
5630	0.035477155765452247
5686	0.03327555054167731
5712	0.029393503442228908
5732	0.05789643229020747
5765	0.06533963583409796
5778	0.0298359767444287
5879	0.24829517521155256
5880	0.10310819354691181
6066	0.03918946192635495
6077	0.052728248018901414
6214	0.09443947558363879
6373	0.03564905906706434
6401	0.049000422331633674
6432	0.06988536758931099
6442	0.023284424219963386
6449	0.030062775808945064
6464	0.046082658690978044
6482	0.07272135555461158
6533	0.09443947558363879
6557	0.05259114777027616
6586	0.08508599040171254
6645	0.04854294710828121
6667	0.035477155765452247
6668	0.1363618458395305
6686	0.046082658690978044
6689	0.051554096773455904
6807	0.023078401490093176
6834	0.03402127765504889
6849	0.031170725129405698
7183	0.018354239533981433
7198	0.023564107323505577
7341	0.022478559329325937
7342	0.05982746751339471
7362	0.05805172740847632
7394	0.027949997411803797
7516	0.07929387429941484
7589	0.01610366836448723
7641	0.12183366182550055
7668	0.06478962905483056
7797	0.03564905906706434
7800	0.03941626099087132
7877	0.043071509025803346
7912	0.014861944485668658
8015	0.023922065359751044
8072	0.04854294710828121
8082	0.04277492067620791
8113	0.024744682861710842
8288	0.0783789238527099
8360	0.14052213427461682
8361	0.06153396438412044
8402	0.06541457722447339
8533	0.05620745246632955
8617	0.022156486124777088
8623	0.02111559911357385
8630	0.03831856449208126
8655	0.04220061159152965
8656	0.06626245177170594
8721	0.04942357624631436
8794	0.009365814307212427
8797	0.02165664280794795
8999	0.037903324754497286
9003	0.07961455231923467
9125	0.08753277362709228
9143	0.09000508849798118
9242	0.02746972513058359
9251	0.04248471106777923
9310	0.06478962905483056
9338	0.048100473806081415
9449	0.0895079302332861
9499	0.05437911622301013
9555	0.04535306335082111
9581	0.08508599040171254
9629	0.06336787037268532
9659	0.033568914849521174
10001	0.040611220608500184
10020	0.045712930722292544
10103	0.01685586331918289
10121	0.0945136198728471
10188	0.07026106713730841
10249	0.05620745246632955
10636	0.046082658690978044
10654	0.03270728861223669
10697	0.06637902003786002
10715	0.029502769032640114
10878	0.029393503442228908
10894	0.025953929644980302
10913	0.11889596327206617
10922	0.027005960358440027
11083	0.049964705790426445
11168	0.046082658690978044
11186	0.06862643089213458
11210	0.05652964286164756
11409	0.057025534855933764
11441	0.031257735426573924
11466	0.0554361438729043
11564	0.029393503442228908
11659	0.011185349788891604
11931	0.09992941158085289
12123	0.05620745246632955
12144	0.03941626099087132
12148	0.014460192232153054
12485	0.026382353777054213
12532	0.1937234373407593
12535	0.11432804245310253
12676	0.014424255522000459
12727	0.049964705790426445
12798	0.06897866487460469
12818	0.057025534855933764
12832	0.07272135555461158
12840	0.02746972513058359
12843	0.08736997721464801
12864	0.07026106713730841
12873	0.1233614914486266
12930	0.07961455231923467
12958	0.04726988664358781
12980	0.07272135555461158
