135
t_index	tf-idf
114	0.0817037467167178
167	0.0683697254959497
230	0.04072289268203689
498	0.06242466676577641
573	0.12898450714969129
742	0.055745211697135484
745	0.12150997678084578
778	0.031858549117827005
949	0.08248688984525898
1007	0.07527495359924556
1040	0.028896439272595897
1046	0.07347705103682509
1258	0.03852260769527899
1283	0.0646127074726152
1537	0.05587658809547229
1538	0.29078162922854317
1578	0.09379871602786988
1720	0.07846342584628548
1737	0.09238776447359498
1917	0.03761155248792658
2021	0.07938618180291555
2073	0.12269515530046578
2160	0.08714008580297626
2171	0.07723406906015959
2287	0.04528213167036389
2386	0.03411437952618776
2539	0.09692720974284771
2709	0.04288387625519417
2788	0.05276524790136197
2809	0.10754145988703039
2820	0.07027198224802837
2882	0.07465907734517521
2972	0.1032042426373395
3205	0.06107887818440659
3302	0.08352342090938511
3505	0.05146612350254155
3522	0.08352342090938511
3751	0.12269515530046578
3769	0.0697806770502246
3780	0.1397631696227728
3793	0.06882999852214977
3858	0.03488834216301889
3946	0.1431724497242626
4106	0.12269515530046578
4156	0.1138308117362559
4255	0.05747697271638286
4276	0.02401803897764528
4289	0.08644270574342168
4332	0.033737436374121785
4374	0.08015335389419617
4470	0.08863074645026048
4706	0.0631299589368198
4708	0.025123664735985395
4831	0.057201973351773565
4967	0.15300254612733655
5080	0.11046074472106697
5091	0.06499965848076078
5257	0.09238776447359498
5272	0.06423248638948016
5315	0.02882169676825988
5323	0.09530704930763156
5373	0.12269515530046578
5417	0.05803757166862957
5487	0.10643206016502862
5600	0.02882169676825988
5688	0.04218534522885416
5810	0.04544112990736035
6126	0.12269515530046578
6133	0.15300254612733655
6145	0.08542567766146378
6146	0.08542567766146378
6184	0.040768626117280646
6531	0.05693039021675545
6608	0.06791894331479738
6802	0.08863074645026048
6804	0.11781675500551515
6940	0.12898450714969129
7012	0.1138308117362559
7019	0.05890638114066417
7024	0.12898450714969129
7183	0.029735927307676564
7604	0.03411437952618776
7616	0.03959508130841176
7662	0.05693039021675545
7689	0.15300254612733655
7897	0.04984596306732538
7912	0.024078017509707346
7913	0.017313382567626837
8225	0.15300254612733655
8329	0.06539358195307776
8399	0.017894025677529696
8494	0.07864502061443449
8553	0.04744517276187234
8783	0.0469266782332888
8957	0.04218534522885416
9322	0.04797626352338442
9391	0.07886459134764054
9406	0.05747697271638286
9426	0.0697806770502246
9516	0.05367630310871437
9528	0.1009326222009851
9749	0.11046074472106697
9856	0.16322050248316616
9949	0.038291259915003685
10050	0.05321603008251431
10057	0.104966468172046
10063	0.04450403669041034
10164	0.04727097135234101
10207	0.03684438039664596
10329	0.03794876474498197
10596	0.15300254612733655
10794	0.05832335562338969
11167	0.046756543824275965
11186	0.037060839206761315
11240	0.07527495359924556
11244	0.04465745599527554
11389	0.09867711632282049
11416	0.09379871602786988
11493	0.03684438039664596
11735	0.0718158348877139
11769	0.15300254612733655
12148	0.04685426756845413
12291	0.10037680121621273
12405	0.06499965848076078
12568	0.05254329511960861
12631	0.05254329511960861
12670	0.15300254612733655
12718	0.04907879097604477
12765	0.11781675500551515
12787	0.12269515530046578
12885	0.0683697254959497
12958	0.038291259915003685
12963	0.033183934374128296
12964	0.0469266782332888
12994	0.0910623792172937
