222
t_index	tf-idf
22	0.09129671245617159
76	0.029009120184057356
112	0.03795743413619177
189	0.04180289518213878
268	0.04949381727403281
275	0.07501877006490919
317	0.0641790241924445
376	0.050758522830456274
493	0.025379261415228137
554	0.04640557566726234
557	0.022996608146151606
700	0.05285315015147741
744	0.030477021141171685
751	0.06033356314649749
857	0.07203599874753104
886	0.10914906673771932
916	0.040228483291853454
924	0.04237179173513979
976	0.06575343608272984
1009	0.06033356314649749
1040	0.03533595647157967
1087	0.06959889712867685
1130	0.03714706170097704
1354	0.049998294177589685
1355	0.054913690210265154
1616	0.014758652440484441
1636	0.05226743063703192
1641	0.05827302308770975
1646	0.13990188996147981
1786	0.03448256854827589
1848	0.0476471546002528
1885	0.044239996800992984
1890	0.09282479136631279
1996	0.06490822092262205
2004	0.04073296019541033
2078	0.019637275268707
2112	0.12485203204881569
2128	0.1165460461754195
2139	0.0505225594657942
2214	0.03281898320260513
2308	0.05223131471190267
2363	0.031339710869740564
2461	0.03531308725917799
2487	0.10542841214092379
2498	0.07859155947601636
2503	0.1298198484036733
2509	0.046824395242416404
2586	0.05827302308770975
2607	0.03146762621323099
2699	0.09354943802926789
2811	0.03514280404697459
2821	0.03212623485725862
2823	0.08360579036427757
2900	0.023553649220425778
2958	0.09354943802926789
3160	0.0788642311108562
3176	0.1391977942573537
3209	0.04681144177567032
3210	0.049998294177589685
3314	0.030477021141171685
3329	0.05735079182911935
3403	0.018181261418990794
3432	0.07240475083904685
3466	0.036198646200148545
3533	0.12177267641959719
3536	0.03497466281881363
3713	0.07501877006490919
3747	0.046412395683156395
3756	0.08146592039082066
3809	0.05350533078317234
3810	0.05350533078317234
3861	0.054190970885124395
3927	0.042665584910707655
3998	0.030963149309674098
4074	0.06592389536368222
4078	0.03882012386476064
4083	0.04572180175015854
4287	0.0233420292113228
4310	0.037628855499259886
4358	0.06753835706988912
4389	0.03035820212425773
4427	0.05285315015147741
4466	0.04073296019541033
4559	0.0788642311108562
4564	0.22462818451472524
4708	0.01536121310903627
4838	0.31447945832061536
5064	0.040228483291853454
5128	0.04602491778815226
5210	0.03267753160338755
5246	0.016612136082615882
5561	0.04528211273212738
5600	0.07048911548116901
5605	0.06959889712867685
5715	0.03325254720039026
5720	0.05827302308770975
5765	0.02157461582507926
5804	0.05648810210055048
5829	0.055677729665335754
5879	0.16397009098769622
5880	0.15320468749295443
6077	0.156693944135708
6078	0.06959889712867685
6238	0.06033356314649749
6247	0.06575343608272984
6373	0.10593926177753399
6401	0.04853862163033093
6432	0.10384010749814279
6456	0.06959889712867685
6646	0.021513439281736844
6667	0.03514280404697459
6796	0.0597864286458913
6799	0.055677729665335754
6807	0.04572180175015854
6823	0.08428410404708855
6849	0.046315438551511816
6962	0.043587816169298056
7183	0.054543784256972386
7198	0.0233420292113228
7234	0.08915684248271469
7275	0.026483200621231155
7341	0.06680013564148726
7362	0.03833641558701506
7394	0.027686584816728095
7523	0.13507671413977823
7589	0.03190380116783436
7619	0.0301236864355823
7641	0.040228483291853454
7770	0.07203599874753104
7797	0.03531308725917799
7877	0.12799675473212296
7913	0.042343274686141553
7996	0.015322746747560524
8012	0.03583735254738251
8014	0.043587816169298056
8015	0.094786454798647
8043	0.0301236864355823
8047	0.04237179173513979
8072	0.14425637354082
8077	0.0641790241924445
8113	0.024511478506415416
8254	0.05285315015147741
8271	0.03882012386476064
8312	0.02749424982379355
8402	0.12959616517251832
8590	0.06959889712867685
8623	0.041833193556368324
8628	0.043587816169298056
8630	0.03795743413619177
8656	0.03281898320260513
8674	0.0505225594657942
8760	0.07996641882469034
8773	0.05106822916431814
8794	0.0185550938251502
8817	0.0476471546002528
8822	0.05735079182911935
8854	0.0476471546002528
8864	0.04681144177567032
8869	0.04681144177567032
8898	0.12066712629299498
8957	0.025793135075971578
9045	0.02188477014269987
9076	0.0318588849175909
9125	0.028902609250886356
9150	0.06959889712867685
9338	0.0476471546002528
9391	0.04821970867621709
9441	0.040283542833455754
9449	0.02955478988258129
9457	0.035485567734703224
9499	0.05386662443593837
9528	0.04114175580609528
9659	0.03325254720039026
9781	0.022996608146151606
9787	0.021697815327494742
9799	0.05926362815976904
10103	0.016697006535272344
10110	0.08453966977723681
10178	0.03838182061807345
10198	0.04492563690294504
10654	0.06479808258625916
10796	0.023841123770781084
10804	0.03904478547898445
10859	0.04152727611051032
10909	0.0505225594657942
10913	0.02944385935889614
10939	0.05735079182911935
10953	0.02798037799229596
11050	0.048870625530729205
11083	0.04949381727403281
11143	0.061496648694082015
11160	0.03267753160338755
11168	0.045648356228085794
11186	0.0453197775911539
11210	0.07466251146949432
11215	0.08416863436956896
11237	0.0319918915014355
11326	0.07203599874753104
11438	0.024898956401419554
11594	0.03146762621323099
11624	0.05106822916431814
11644	0.03239904129312958
11667	0.05163712571731914
11699	0.01837290701553083
11748	0.03583735254738251
11767	0.030596905813715686
11890	0.05648810210055048
11931	0.09898763454806563
12144	0.0780895709579689
12148	0.02864782653129132
12149	0.05163712571731914
12425	0.08248274947138064
12532	0.11993606609105449
12535	0.1132505666340966
12610	0.030839949807258616
12682	0.05827302308770975
12686	0.04152727611051032
12768	0.03734509571398865
12798	0.03416429038359891
12818	0.05648810210055048
12840	0.027210838824583167
12869	0.020068507871807872
