47
t_index	tf-idf
22	0.3068384635181123
493	0.08529697694877615
855	0.3144096326761327
1500	0.08394776964066922
1646	0.09403905092347851
2004	0.13689911262581556
2112	0.2098071477621045
2214	0.11030108433475536
2456	0.16803890689210824
2487	0.11811119707808107
2503	0.14543686458027416
2811	0.11811119707808107
2874	0.15598708646218823
2906	0.22652852198916246
3432	0.08111486858313871
3533	0.11693283181790329
3536	0.11754609243504448
4099	0.09785739028327366
4247	0.07292403130051782
4276	0.049355406192245606
4564	0.15099024958308246
4708	0.05162739053077864
4838	0.15099024958308246
5747	0.13956872326545677
5879	0.2755429490724706
6401	0.16313310393830024
6430	0.08136514904528838
7183	0.1222105411802734
7341	0.14967206325839516
7589	0.05361262781190047
8015	0.15928355671464148
8797	0.07209969208495652
9495	0.13277463765712957
9499	0.0905199751018703
9528	0.06913651542513066
9659	0.11175824645306301
9781	0.07728913473287138
9782	0.14982329496615535
10545	0.23391443221759445
10636	0.15341923175905614
10654	0.10888970459496246
11186	0.07615745709205005
11210	0.06273317429885839
11413	0.2421052695002153
11841	0.054708419374564915
12509	0.13199330967200754
12532	0.08061845218677029
