191
t_index	tf-idf
67	0.049026022419835835
73	0.056114338422566266
189	0.04339918556397145
193	0.040535754352055545
229	0.04778243083287692
493	0.18443877860274346
557	0.023874759389947788
659	0.03201760783881437
660	0.02505653578686046
705	0.04339918556397145
801	0.040535754352055545
886	0.03777234870810706
949	0.05236036583474862
1009	0.12527493568671363
1175	0.0778834458389139
1307	0.1365286093984424
1355	0.05701063098749244
1616	0.015322228117166823
1636	0.02713166051400387
1646	0.08714652021206629
1676	0.04992165492211022
1738	0.04369135398104855
1776	0.07011738489381622
1786	0.07159864811413398
1890	0.04818470500537029
1962	0.05138379413162806
1996	0.022462271350460104
2078	0.020387146623316695
2097	0.09712172811829926
2112	0.12961964675692192
2214	0.1703610642067793
2235	0.049466614574943155
2293	0.07713112773135519
2298	0.08060502756483506
2381	0.04460668483612621
2383	0.07225660898304952
2397	0.025849750944430996
2487	0.07296954277581232
2498	0.06799388851339012
2503	0.04492572158147987
2509	0.07291865584400893
2560	0.04525226575856646
2591	0.030568206112723897
2721	0.06384496711551157
2806	0.03613781613607098
2811	0.03648477138790616
2818	0.025606989875518328
2821	0.03335301112439744
2874	0.09636941001074058
2900	0.04890614340332636
3080	0.03836296921328547
3176	0.07225660898304952
3210	0.05190753505088279
3432	0.05011307157372092
3533	0.03612077213810924
3536	0.07262041899717846
3747	0.04818470500537029
3748	0.08750258697860659
3756	0.0422883939111901
3801	0.05138379413162806
3839	0.02452708514227529
3852	0.061526676190575474
3866	0.037392119793974624
3927	0.04429481806624583
3998	0.03214551185224268
4019	0.06662977212718511
4074	0.03422063657938609
4083	0.023733869984704753
4086	0.045929350638281914
4135	0.02490319182639974
4249	0.0818757501227422
4366	0.09636941001074058
4410	0.09712172811829926
4534	0.07478677405735998
4564	0.23320586337804466
4708	0.06379119295944104
4838	0.2798470360536536
4848	0.0818757501227422
4915	0.03214551185224268
5064	0.041764652991935367
5110	0.02643327480551721
5117	0.017378866778941994
5128	0.09556486166575384
5272	0.040772982132529736
5309	0.07225660898304952
5429	0.030683372642724846
5623	0.03378004442427876
5720	0.06049824375412352
5841	0.03877116002932181
5876	0.14451321796609903
5879	0.1702314725980236
6077	0.054225825975818896
6238	0.06263746784335682
6373	0.03666155705532572
6401	0.05039212327222242
6432	0.05390267916443473
6442	0.023945744134079114
6454	0.02077808760839387
6464	0.04739148984779975
6585	0.026691068358896546
6645	0.04992165492211022
6796	0.12413888079784535
6807	0.023733869984704753
6854	0.05138379413162806
6871	0.0555484917779746
7183	0.0566265997609895
7198	0.024233370745447264
7341	0.11558495608864197
7362	0.01990016728110828
7372	0.05626031381530162
7394	0.057487656147185554
7516	0.12231894639758921
7589	0.04968312533304487
7617	0.03897984798026182
7619	0.031273993147903245
7627	0.04992165492211022
7677	0.03197569747165129
7678	0.07011738489381622
7797	0.03666155705532572
7877	0.04429481806624583
7912	0.015284050686707054
7913	0.02198010003234483
7996	0.06363145198911993
8012	0.07441168400172724
8015	0.049202990879386795
8043	0.031273993147903245
8082	0.04398980606914985
8113	0.05089495354387527
8169	0.07478677405735998
8287	0.06384496711551157
8325	0.07478677405735998
8343	0.0682643046992212
8402	0.2690898798370479
8403	0.06263746784335682
8595	0.0820286716394891
8623	0.04343064091556242
8773	0.05301832670366414
8794	0.028895461303551043
8797	0.02227173077518692
8930	0.029572580989943503
9021	0.05701063098749244
9125	0.03000628776300938
9198	0.02609683439523663
9241	0.029572580989943503
9338	0.049466614574943155
9449	0.030683372642724846
9499	0.2516561182512331
9500	0.05039212327222242
9581	0.08750258697860659
9628	0.04558667922263444
9659	0.03452233296609243
9781	0.023874759389947788
9784	0.049466614574943155
9787	0.02252637071254999
9793	0.04558667922263444
9890	0.1637515002454844
9986	0.03452233296609243
10161	0.038163289693184235
10174	0.041259961474738156
10327	0.06516763291766728
10358	0.034370664929457166
10633	0.06516763291766728
10654	0.03363623497963099
10708	0.041259961474738156
10719	0.03877116002932181
10796	0.02475152378976448
11050	0.025368402556740836
11117	0.07011738489381622
11150	0.046280698195018406
11186	0.04705036406752947
11210	0.058135187332453306
11359	0.0595407960618029
11438	0.05169950188886199
11564	0.030228332295557787
11644	0.03363623497963099
11699	0.019074497051996275
11748	0.03720584200086362
11784	0.04429481806624583
11841	0.016899533856685606
11887	0.04818470500537029
11904	0.026348396943249065
11931	0.05138379413162806
12065	0.06049824375412352
12144	0.040535754352055545
12148	0.014870887939924325
12389	0.05301832670366414
12425	0.02854414855349155
12532	0.1992255346111979
12535	0.039191722129636196
12704	0.06384496711551157
12840	0.05649983037557559
