200
t_index	tf-idf
55	0.07749125154648441
66	0.03637259030756958
99	0.027185455481381505
112	0.03144186794352002
167	0.06925447622500888
200	0.02476190813575623
266	0.06532682718114736
310	0.035590674736354126
343	0.05199579468932893
413	0.06458760773554789
414	0.07749125154648441
456	0.06981635427932369
567	0.031270197276435575
603	0.23247375463945322
628	0.10893311949000443
637	0.05446655974500222
684	0.06584079825150416
748	0.10399158937865786
771	0.045487505548649595
886	0.06027542202865626
1171	0.03272441991712231
1181	0.03292039912575208
1248	0.031793406555757665
1328	0.05199579468932893
1371	0.053162402815810327
1480	0.05594509092723428
1554	0.32068839648988084
1612	0.057651929913986634
1613	0.03911676521068075
1636	0.04329548846584731
1646	0.023177418860478544
1710	0.21770803346724468
1720	0.019869698980019442
1996	0.01792214320366826
1997	0.06532682718114736
2078	0.016266447662238726
2209	0.028697693040408846
2216	0.047506267591152625
2218	0.029110381909519527
2249	0.04378066656189723
2273	0.0443208974221682
2275	0.02596010697190249
2293	0.030770599622229673
2348	0.04059529639291281
2386	0.017277921394954713
2420	0.08199595690094658
2483	0.17922613504865337
2498	0.010850160145414425
2545	0.0282998345665564
2591	0.02438968699486677
2641	0.10188093854135118
2774	0.04827019366007354
2784	0.04909075686643031
2794	0.036570419409483516
2900	0.07804223285688311
2932	0.06532682718114736
3085	0.026390162433334453
3133	0.06981635427932369
3316	0.05446655974500222
3318	0.04679166247784148
3496	0.019688672557222765
3580	0.05199579468932893
3582	0.053162402815810327
3609	0.03417523509933419
3626	0.0499770326468259
3727	0.02983433488005677
3739	0.031616242196560194
3768	0.0282998345665564
3770	0.07749125154648441
3815	0.03029257418526834
4025	0.04909075686643031
4060	0.03439893030798414
4076	0.03664600015500747
4099	0.024118509288596934
4152	0.04827019366007354
4595	0.07428572440726869
4697	0.34397217004079134
4706	0.06394690352434979
4716	0.1462571761696627
4972	0.022386186893066293
5072	0.09041313304298439
5105	0.053162402815810327
5117	0.027732417106900588
5208	0.05446655974500222
5310	0.030841610175816422
5446	0.03013771101432813
5498	0.053162402815810327
5630	0.029110381909519527
5737	0.10188093854135118
5812	0.05094046927067559
5856	0.042454435265720104
5891	0.06981635427932369
5938	0.03417523509933419
6009	0.023177418860478544
6104	0.04827019366007354
6161	0.030449634070078797
6222	0.05967069195648966
6432	0.02867182693367284
6442	0.019105772911098527
6454	0.0165783707179894
6475	0.05446655974500222
6524	0.04827019366007354
6585	0.04259241124137201
6618	0.057651929913986634
6649	0.05594509092723428
6796	0.02476190813575623
6834	0.02791577746919339
6849	0.012788394296778405
6883	0.03234257048325514
7047	0.030934640196286795
7095	0.035590674736354126
7125	0.045487505548649595
7176	0.023342683663209216
7198	0.03867052748417579
7209	0.06532682718114736
7280	0.030934640196286795
7323	0.07749125154648441
7341	0.05533358856430832
7394	0.022934056619612415
7439	0.018232608483598693
7516	0.3578503413749033
7542	0.0499770326468259
7562	0.04231731363595102
7580	0.05594509092723428
7677	0.012756346412678544
7858	0.07749125154648441
7892	0.030934640196286795
7913	0.026306144262826413
7996	0.01269252758340253
8043	0.049905637324230895
8190	0.07749125154648441
8191	0.05199579468932893
8317	0.04909075686643031
8399	0.00906279326752301
8496	0.03215647305683116
8553	0.048059145553000365
8565	0.023510452573199198
8623	0.03465233563300624
8655	0.03462723811250444
8667	0.05594509092723428
8768	0.07749125154648441
8797	0.017770115146359382
8800	0.02983433488005677
8893	0.02617304692353713
8922	0.04326557200351486
8923	0.039831370323991894
8957	0.021365626137906213
9076	0.10556064973333781
9126	0.05199579468932893
9172	0.047506267591152625
9262	0.02856347883679799
9317	0.03509848098494946
9368	0.029685708001157888
9443	0.030449634070078797
9449	0.04896315157934086
9471	0.05686174405515154
9486	0.04060794349448958
9668	0.06058514837053668
9689	0.03462723811250444
9787	0.017973286648991088
9954	0.030934640196286795
9989	0.05794220577569347
10069	0.05199579468932893
10097	0.05967069195648966
10103	0.013830889428681358
10158	0.09683266376893014
10171	0.05094046927067559
10204	0.03913922376148464
10219	0.023595300009274837
10388	0.06981635427932369
10635	0.03877604490533855
10793	0.07749125154648441
10817	0.04059529639291281
10904	0.02606606506494812
11080	0.026952340845343706
11233	0.11934138391297933
11410	0.024574233537301003
11426	0.045487505548649595
11463	0.10893311949000443
11503	0.08120485407739382
11659	0.009178013206551296
11718	0.05594509092723428
11817	0.06089926814015759
11876	0.03144186794352002
11904	0.021022795773248115
11969	0.07749125154648441
12148	0.011865148411163142
12203	0.05094046927067559
12425	0.022774736802918066
12475	0.03197345176217489
12485	0.04329548846584731
12532	0.039739397960038884
12535	0.031270197276435575
12624	0.10893311949000443
12626	0.018232608483598693
12676	0.03550698284118014
12774	0.07068368645163117
12785	0.022539974590621493
12790	0.11840491146875519
12982	0.02766694595865485
