142
t_index	tf-idf
114	0.027849498070990894
230	0.19433098645720967
232	0.05518408183936877
287	0.21397273910038367
413	0.069548947841771
498	0.04255608112326671
586	0.0815487961185413
643	0.031087267642707715
742	0.07600513944649707
858	0.20699356669619653
949	0.08434931953337949
1040	0.01969925155503305
1082	0.05518408183936877
1279	0.043437156206690745
1435	0.04431150188867945
1721	0.05965679584650261
1772	0.08364361802666465
1806	0.15307404199255092
1845	0.030235387182898373
1917	0.025640509782035678
2146	0.04431150188867945
2160	0.09900841960529118
2204	0.16053850746668996
2252	0.04895821882211803
2275	0.03494281234931711
2287	0.030869689317347262
2302	0.03333001325207361
2315	0.03398093987300874
2560	0.04859907251380844
2818	0.02750085408894888
2849	0.1173273875091799
2924	0.026909689034077748
2948	0.03899567181516119
3010	0.06727006462045221
3134	0.07991508858293912
3384	0.050090701426632536
3466	0.04036037558637447
3581	0.033457944085549564
3632	0.04790574515135995
3858	0.02378404557474857
4074	0.036751556429535016
4186	0.12232319417781194
4195	0.0463016338133771
4276	0.13098842724969945
4374	0.05464206390435016
4858	0.18375778214767508
5064	0.08970703964739613
5106	0.10823813623378196
5315	0.01964829817005442
5336	0.09397418004233536
5337	0.09397418004233536
5350	0.10430474205800605
5361	0.10430474205800605
5417	0.03956531506038688
5597	0.37589672016934145
5600	0.01964829817005442
5630	0.03918314410577141
5688	0.028758551175099754
5820	0.05693950260478151
6073	0.04895821882211803
6153	0.04279454782007673
6184	0.027792746845423173
6297	0.06394436647163158
6501	0.10977646631557914
6547	0.050488160996631705
6801	0.0466089405891108
6969	0.03976013941096182
7183	0.04054309299011944
7341	0.02482669792680554
7439	0.024541448059921703
7597	0.0466089405891108
7600	0.03452295780802735
7604	0.04651284108679531
7616	0.026992719057122784
7662	0.038810528433156334
7677	0.017170292073278175
7800	0.08706746644103865
7897	0.03398093987300874
7913	0.11802861773064614
7927	0.04824837749610784
7961	0.08364361802666465
7996	0.017084390679337137
8009	0.05714450123383183
8331	0.05965679584650261
8423	0.06394436647163158
8430	0.1674510150432729
8435	0.08656648488058036
8746	0.051748391674049134
8747	0.07760062663612292
8791	0.050896511214239784
8895	0.04724324272355969
8950	0.07760062663612292
9012	0.31972183235815793
9117	0.037745514710678545
9215	0.035669973666340574
9240	0.07530318793569159
9322	0.03270633017798818
9328	0.033848460328803266
9337	0.08799554063188492
9391	0.017921163331882605
9441	0.014971636505579278
9486	0.027329543575367512
9523	0.06298249399532323
9615	0.046922717454197085
9856	0.022254103400234895
9950	0.07481355250491128
10050	0.036278378573440094
10083	0.07530318793569159
10094	0.02894721003078281
10103	0.018616648015112106
10164	0.032225519107596
10224	0.06298249399532323
10329	0.025870393783192672
10714	0.036751556429535016
10719	0.04163863148339233
10751	0.04458004700253933
10913	0.06565799261479334
11209	0.04458004700253933
11229	0.04541599603315706
11492	0.035374838267836696
11493	0.050235027989153
11495	0.056331097697681985
11594	0.14034173606994543
11713	0.07155763524558119
11735	0.04895821882211803
11782	0.0466089405891108
11870	0.08327726296678466
11883	0.04232136996398182
11904	0.05659418958155324
11925	0.24831581475887937
12148	0.03194144422261505
12156	0.050090701426632536
12291	0.022809590699558978
12490	0.06207895368971984
12631	0.0358197623702765
12675	0.027160179814306896
12676	0.031862062814369936
12677	0.04209029788433644
12785	0.030339247189193782
12959	0.10430474205800605
12964	0.03199080794831111
13036	0.05464206390435016
