255
t_index	tf-idf
46	0.04160940645311304
73	0.025986052455912338
81	0.027291108429842607
99	0.03155707917349055
101	0.032259608259669316
200	0.05748761473295348
229	0.04425523989051629
333	0.03498407938164883
401	0.040466157076344565
493	0.02440341789082284
499	0.040195555870821915
521	0.051448027786380114
556	0.0314210664491423
557	0.022112378665413327
638	0.027193365886493903
659	0.0889624213918561
713	0.043198226828465205
744	0.02930516656127715
1036	0.15380894752101598
1040	0.01698863686849598
1088	0.25976591269077287
1130	0.03571874119083675
1213	0.09947009683988746
1214	0.055145629200061046
1355	0.05280223518735687
1387	0.030257682441968883
1460	0.028854134932381228
1616	0.014191175902165893
1636	0.05025772543363909
1647	0.055145629200061046
1681	0.031153284211173294
1720	0.023064894546105056
1832	0.03300276797495809
1996	0.06241247189227384
2003	0.0742300418251046
2008	0.05497770412217191
2019	0.03868168079532978
2078	0.018882213582930997
2107	0.09163020199799292
2109	0.04462781909369076
2172	0.06926618359208814
2204	0.02768968556132893
2209	0.03331249579367685
2217	0.032259608259669316
2252	0.042221573696530866
2260	0.04623655129720704
2271	0.07986106894224271
2363	0.0301346854984892
2373	0.04074257810651243
2397	0.023941580811513846
2398	0.04462781909369076
2423	0.052107304731319214
2431	0.06035710568923412
2498	0.012594946698185495
2509	0.04502397709257658
2591	0.028311730294192983
2596	0.05280223518735687
2695	0.09334458147617851
2821	0.061781934600349676
2845	0.026164570360494886
2891	0.06891878183576827
2911	0.0314210664491423
3057	0.07213426606855704
3129	0.06035710568923412
3159	0.11206480053967838
3314	0.02930516656127715
3350	0.0371150209125523
3352	0.09820926754735186
3433	0.022648001270636545
3478	0.05431611026284901
3480	0.05431611026284901
3494	0.03428914892561119
3533	0.050181627686346895
3536	0.06725974396134417
3537	0.041911845877812104
3588	0.029654140463952032
3608	0.052107304731319214
3666	0.036497954457140984
3768	0.03285065871436786
3846	0.04074257810651243
3910	0.04102507480803396
3987	0.039930534471121354
4020	0.03610244378934791
4083	0.021981889397320827
4136	0.06035710568923412
4137	0.07213426606855704
4247	0.020863524989621744
4276	0.07060277196013545
4380	0.0714374823816735
4383	0.07213426606855704
4525	0.05431611026284901
4692	0.06692278957938395
4708	0.05908227141470236
5077	0.03285065871436786
5117	0.01609599815081436
5257	0.05431611026284901
5429	0.05683679098299802
5513	0.06171131309021088
5623	0.0625729559359358
5675	0.024482030261323805
5778	0.02841839549149901
5810	0.026715501090212587
5856	0.024640712307794597
5995	0.030507264701663667
6013	0.02874380736647674
6233	0.10707379399308956
6236	0.08104334397141105
6252	0.040466157076344565
6260	0.18229120668069201
6310	0.07583186748223797
6373	0.06791056771129964
6396	0.039416342604517686
6432	0.06656494044870444
6442	0.04435624695265382
6547	0.043540996008591716
6557	0.025046205952795803
6701	0.05353689699654478
6796	0.02874380736647674
6807	0.04396377879464165
6849	0.014844863335162443
6854	0.04759075869818379
6953	0.03629867786835401
6967	0.07213426606855704
7020	0.03553110161733936
7027	0.03571874119083675
7176	0.027096361029747364
7202	0.2970009108875833
7215	0.1222277343195373
7218	0.10289605557276023
7226	0.023866195947265037
7381	0.043198226828465205
7405	0.03379154810624389
7440	0.043540996008591716
7562	0.049122252806605364
7589	0.015338543140921129
7591	0.10164184756133222
7593	0.040466157076344565
7617	0.03610244378934791
7677	0.02961532382527601
7800	0.03754349667281773
7817	0.052107304731319214
7850	0.05082092378066611
7867	0.04389315728450285
7884	0.0371150209125523
7996	0.01473358054035414
8015	0.2734256244493843
8043	0.028965417727189535
8070	0.1620866879428221
8076	0.039416342604517686
8103	0.05431611026284901
8142	0.07213426606855704
8373	0.07583186748223797
8399	0.010520157915767507
8516	0.05431611026284901
8551	0.019139799007585077
8617	0.08441510607001007
8620	0.03155707917349055
8678	0.03553110161733936
8679	0.08104334397141105
8721	0.015691779853598934
8727	0.06926618359208814
8758	0.07213426606855704
8783	0.027588876554286965
8794	0.026762463722459145
8813	0.04759075869818379
8828	0.06692278957938395
8879	0.07883268520903537
8903	0.052107304731319214
8921	0.0371150209125523
8930	0.02738959996549999
8936	0.04074257810651243
8940	0.09247310259441407
8944	0.05431611026284901
8961	0.08925563818738153
8999	0.03610244378934791
9068	0.041313920278520995
9076	0.030633897080752186
9125	0.02779129148578501
9251	0.040466157076344565
9319	0.07583186748223797
9328	0.05838183237340419
9336	0.036497954457140984
9409	0.06171131309021088
9441	0.05164616436514716
9468	0.030890967300174838
9473	0.04581510099899646
9477	0.04910463377367593
9499	0.05179542954269998
9648	0.1484600836502092
9652	0.05801371167652994
9793	0.042221573696530866
9984	0.05698491615053092
10177	0.040466157076344565
10207	0.021661347036517405
10212	0.042864361758503826
10213	0.019945057029527216
10358	0.031833500203658424
10421	0.027096361029747364
10556	0.02779129148578501
10647	0.06494147817269322
10654	0.031153284211173294
10695	0.05022299818137501
10705	0.03967086740705721
10706	0.07213426606855704
10715	0.028101019304503774
10717	0.04389315728450285
10749	0.029420441616564624
10894	0.024720794077818072
10904	0.030257682441968883
10909	0.04857994530991122
10922	0.025722840202883682
10943	0.07213426606855704
11012	0.06692278957938395
11015	0.035909160710816124
11050	0.046991528945625936
11066	0.16425329357183932
11068	0.07583186748223797
11069	0.05801371167652994
11098	0.08995242187426505
11186	0.021788606318789035
11209	0.0384458378020521
11288	0.051448027786380114
11437	0.03498407938164883
11564	0.02799694519328844
11590	0.025046205952795803
11596	0.08148515621302486
11634	0.04137247656435383
11737	0.06035710568923412
11767	0.029420441616564624
11780	0.04910463377367593
11813	0.05698491615053092
11841	0.015652048500448667
11849	0.04623655129720704
11883	0.036497954457140984
11886	0.06926618359208814
11904	0.02440341789082284
12148	0.013773152635707218
12327	0.06692278957938395
12365	0.04074257810651243
12389	0.04910463377367593
12425	0.02643708408480826
12469	0.030012854420356533
12518	0.03102145656826734
12520	0.06926618359208814
12532	0.023064894546105056
12535	0.03629867786835401
12581	0.06494147817269322
12610	0.029654140463952032
12675	0.1171147114039532
12676	0.01373892336778253
12718	0.028854134932381228
12798	0.03285065871436786
12862	0.026345602684317484
13001	0.06891878183576827
13002	0.027488852061085953
