25
t_index	tf-idf
567	0.1682157318935781
684	0.17709287166346682
886	0.16212360513928406
1710	0.5019190253042107
2505	0.19713446904577475
2545	0.15223688363705465
3533	0.0775174168370949
4716	0.1573559496064185
5760	0.22512971644020036
6009	0.12468122418778156
6184	0.055537469285476614
7047	0.33282125440278276
7280	0.33282125440278276
7562	0.11382144190062193
8553	0.1292653236548348
8678	0.16465862159559874
9391	0.07162271967143416
9406	0.1565971635970946
9787	0.09668597679335594
10158	0.2604521049723303
10681	0.1347520691634205
12532	0.10688758778467311
12676	0.0636690696593165
12774	0.19011885253370966
12790	0.21231684454940902
