110
t_index	tf-idf
114	0.039133967872726494
126	0.06731690053779268
287	0.1804040189790559
376	0.07952585684746939
413	0.12216226857499683
586	0.05729596919893375
587	0.06731690053779268
638	0.04430886960927369
742	0.10680202126728974
858	0.14543313434772087
949	0.039509073045544796
1123	0.10301911981581195
1140	0.15911939485536258
1190	0.04831845563645106
1283	0.06189560993255697
1616	0.023123101615149386
1720	0.03758193852356475
1984	0.08490364086107596
2078	0.03076667828001696
2160	0.08347566556681638
2287	0.04337792469030064
2386	0.0326797995446802
2539	0.09285122077011167
2585	0.06984318984159266
2666	0.0828076117763259
2820	0.06731690053779268
2886	0.10055241181045885
3050	0.06506281174219294
3581	0.09402985329169987
3672	0.06731690053779268
3998	0.04851147831414992
4130	0.07754438088193985
4276	0.04601606185703801
4424	0.08603596052656388
4858	0.1549292800451838
4861	0.06506281174219294
4862	0.1320520223836019
4980	0.05033374124854462
5093	0.07465112427691359
5597	0.1320520223836019
5642	0.10055241181045885
5688	0.04041136450228566
5744	0.049708536245341425
5903	0.14656847366749684
5984	0.12844997505847278
6313	0.15911939485536258
6439	0.06117337242089235
6646	0.03370615607413944
7019	0.05642924638572657
7135	0.045450005445078524
7137	0.07915616151921796
7161	0.14656847366749684
7167	0.18259838284189983
7176	0.04415080989842401
7183	0.05697094053515359
7276	0.06381831820232174
7376	0.14656847366749684
7614	0.11829012939194447
7677	0.02412760390324301
7913	0.033170638282667475
8009	0.0802991518801253
8023	0.06984318984159266
8058	0.05377470920853596
8336	0.09452754017118792
8389	0.1058156427048449
8391	0.06779836570234758
8398	0.09090001089015705
8430	0.17647596267950597
8551	0.03118638796369079
8580	0.07915616151921796
8746	0.07271656717386044
8950	0.10904399145508288
9012	0.2695628599945152
9058	0.11286231759335741
9191	0.11753557109970693
9391	0.025182724237400398
9441	0.02103806469035699
9486	0.038403330556566015
9950	0.05256380478938314
10103	0.02616001564782718
10164	0.04528312956391192
10176	0.14656847366749684
10451	0.06638595561881964
10591	0.07833476948621669
10751	0.18793094109432953
10796	0.03735305305102971
10913	0.046131132543668386
11066	0.05352686238361596
11167	0.044790334773828586
11386	0.17553115635136426
11493	0.10588499475296373
11519	0.04683515891307367
11553	0.09285122077011167
11554	0.11959916169561378
11590	0.04081028727380274
11594	0.09860373383685356
11595	0.14656847366749684
11620	0.057593035346810484
11659	0.017359474265006638
11707	0.13658232098486187
11721	0.14790560075528034
11870	0.17553115635136426
11925	0.0872330184577554
12048	0.09129919142094992
12291	0.03205191660370998
12391	0.08681247287191123
12620	0.05559697214293066
12646	0.06189560993255697
12873	0.06381831820232174
12963	0.03178848152925855
