21
t_index	tf-idf
567	0.1825721239172198
684	0.19220688425654378
886	0.17596006386680757
1710	0.5447553653437388
2545	0.16522955891985036
2781	0.1227423172636078
4716	0.3415710243894447
5938	0.19953328731180248
6009	0.13532215837555286
6184	0.06027732133194089
7047	0.1806129623463272
7280	0.1806129623463272
7828	0.224465357864508
8553	0.1402974883671448
9045	0.10584182715753204
9689	0.2021723224736837
10158	0.28268042143402144
12532	0.11600992191730346
12676	0.06910291412511224
12774	0.20634456904270795
12790	0.23043705137704568
