43
t_index	tf-idf
65	0.08602731617078514
189	0.12351046764875633
376	0.07498534329541352
643	0.08237910829858947
949	0.07450662018734398
1354	0.14772452167745387
1616	0.043605785121996636
2008	0.08446607839193397
2112	0.1844433597010226
2214	0.09696668006962304
2509	0.06917347385345807
2821	0.18983978376259325
3187	0.17826101677100187
3533	0.15419506382335169
4558	0.18546165584972377
4564	0.2654737859243687
5436	0.3633949182678949
5879	0.24223229671126476
5880	0.1508857422098791
6373	0.10433573805112847
6432	0.15340253566064793
6665	0.24902507495845008
7183	0.05371819560630136
7589	0.0471313456262212
8015	0.0700138071055825
8288	0.1146975976622756
8623	0.06179999347982526
8630	0.11214870215283618
8797	0.06338349090297561
8810	0.11603651140411632
8858	0.16689925127508173
9216	0.24902507495845008
9328	0.08969607786746361
9499	0.0795769281739289
9658	0.23301156589324745
9781	0.06794557683363459
11050	0.07219636088945633
11206	0.17826101677100187
11210	0.055149300468595355
11215	0.12434195463074582
12633	0.21283693041084653
12798	0.20188302574646302
12971	0.11033949241853232
