299
t_index	tf-idf
13	0.049896721301362974
70	0.032424586381897796
73	0.01871936275212024
76	0.02009356447037896
84	0.03300345431766853
99	0.022732518278725557
114	0.0865061399588365
126	0.05952195022448313
178	0.02934940196577933
192	0.040363607681569054
287	0.21268555052658938
329	0.12959659943370996
367	0.03087785412027764
370	0.05838053921501012
413	0.08641320573395879
438	0.06479829971685498
478	0.023249145229486106
554	0.01607172883112182
557	0.03185783129256628
583	0.02673624788502732
586	0.02533069555696361
656	0.03111835780453181
679	0.12959659943370996
697	0.12959659943370996
708	0.04940119460537389
742	0.2124785190889461
744	0.021110326176034467
778	0.013492453991994469
812	0.05196277871316526
858	0.03214818163967511
959	0.039724811567329474
1040	0.012237967145835776
1047	0.04554501821132039
1136	0.049896721301362974
1140	0.11724515716789372
1146	0.049896721301362974
1202	0.030414814075037273
1220	0.03300345431766853
1252	0.10352972193122073
1279	0.04047736197598341
1283	0.027364208572343177
1344	0.04259649611593129
1380	0.20785111485266103
1416	0.02643754871534693
1578	0.039724811567329474
1644	0.03111835780453181
1657	0.10925277996564298
1677	0.034282570514754494
1697	0.04179086897913176
1720	0.04984521545707566
1800	0.01904426876423219
1845	0.018783438241408535
1869	0.05838053921501012
1955	0.040363607681569054
2083	0.03270949720763066
2103	0.03187978976792192
2160	0.15992082925357987
2204	0.019946595174240533
2282	0.03300345431766853
2292	0.06479829971685498
2302	0.020705944386244148
2356	0.09641725896195324
2406	0.020242904341003776
2539	0.04104976385431114
2560	0.030191697947535567
2576	0.03903837354587123
2654	0.02821424285062141
2694	0.05462638998282149
2727	0.021885940737933665
2782	0.056075756131700016
2788	0.022346676148128002
2820	0.029760975112241565
2882	0.031618959245098256
2886	0.17781792099515195
2948	0.024225679293983518
2966	0.020785420163922517
2972	0.029138771938691365
2976	0.046477186966245025
2989	0.033307051065484615
3083	0.07446969945551242
3117	0.08358173795826351
3229	0.049896721301362974
3433	0.016314757776880698
3494	0.07410179190806084
3502	0.03463200335246627
3503	0.06600690863533706
3611	0.040363607681569054
3632	0.029760975112241565
3666	0.0525834734115716
3685	0.06479829971685498
3705	0.04678136818341393
3782	0.06479829971685498
3793	0.029150278780570422
3819	0.03617873561408643
3826	0.030414814075037273
3848	0.02062714500636347
3858	0.014775605434840359
3935	0.06479829971685498
3946	0.015158785822930112
3987	0.028764436649972868
3993	0.08282377754497659
4014	0.02673624788502732
4052	0.04445448024878799
4067	0.06429636327935022
4086	0.03064343979582838
4087	0.02643754871534693
4092	0.049896721301362974
4099	0.02016793331397881
4134	0.09356273636682785
4160	0.06479829971685498
4164	0.04820862948097662
4186	0.02533069555696361
4217	0.08358173795826351
4242	0.04820862948097662
4276	0.04068763893613399
4319	0.05196277871316526
4328	0.027364208572343177
4332	0.02857636776879857
4389	0.021028024556353504
4415	0.03803671974694312
4449	0.03064343979582838
4651	0.04820862948097662
4831	0.048451358587967036
4858	0.09132617833454017
4861	0.0862933099499186
4949	0.018282836800842084
4980	0.0667580299435929
5078	0.04776964691330629
5091	0.027528086677879333
5116	0.04259649611593129
5117	0.011594944201461324
5159	0.04820862948097662
5213	0.020946448070498315
5238	0.03617873561408643
5315	0.03661893856296426
5417	0.024579564582490235
5487	0.022537587473597166
5541	0.05462638998282149
5583	0.06479829971685498
5619	0.03463200335246627
5669	0.03753611830637667
5675	0.017635922429835464
5685	0.06479829971685498
5718	0.04347896079951811
5726	0.025201198743253394
5744	0.021976271905641605
5802	0.05063853939840618
5810	0.01924482977400329
5841	0.07760277632900102
5852	0.025201198743253394
5887	0.04820862948097662
5899	0.027694917700439286
5935	0.06479829971685498
6184	0.008632985924277898
6313	0.11724515716789372
6432	0.011987712148147745
6501	0.18186014622980445
6526	0.01958906537820807
6585	0.017807918792138656
6646	0.014901578415492006
6686	0.031618959245098256
6692	0.15588833613949576
6752	0.10730148740287257
6907	0.023664363726027968
7017	0.03617873561408643
7036	0.06479829971685498
7180	0.06223671560906362
7183	0.012593499773773865
7331	0.021277157198594424
7332	0.06479829971685498
7348	0.039724811567329474
7362	0.013277121699545251
7377	0.09563936930376575
7411	0.04678136818341393
7430	0.03111835780453181
7439	0.015246134312743591
7600	0.021447049511064763
7604	0.10113476485201127
7609	0.06479829971685498
7616	0.01676896241844502
7627	0.033307051065484615
7877	0.02955290183329598
7897	0.021110326176034467
7912	0.010197311317180357
7913	0.10265377234404718
7962	0.04445448024878799
7996	0.010613510429889023
8009	0.03550046186836628
8047	0.02934940196577933
8058	0.0237739374456907
8112	0.05196277871316526
8150	0.04554501821132039
8211	0.03706120029767325
8331	0.03706120029767325
8398	0.060280693411136885
8401	0.13043688239855433
8402	0.022441639762647764
8430	0.10402730352021172
8436	0.04347896079951811
8498	0.049896721301362974
8537	0.12959659943370996
8565	0.019659475384820786
8676	0.021193365936685225
8783	0.01987397620394094
8800	0.024947515168873856
8810	0.02720318066576738
8812	0.03300345431766853
8813	0.034282570514754494
9012	0.07944962313465895
9045	0.015158785822930112
9058	0.049896721301362974
9106	0.11676107843002025
9107	0.04554501821132039
9117	0.023449031433578744
9213	0.03187978976792192
9241	0.019730424936974272
9322	0.06095546214954738
9337	0.018222122673452978
9358	0.03803671974694312
9374	0.018222122673452978
9431	0.033945847179724195
9441	0.009300982586207058
9536	0.04554501821132039
9545	0.039127257709475526
9596	0.03753611830637667
9620	0.08209262571702954
9745	0.03706120029767325
9856	0.055300575356635656
9942	0.040363607681569054
9950	0.046477186966245025
9963	0.07507223661275333
10083	0.04678136818341393
10103	0.034696230890506316
10164	0.020019788213502067
10177	0.029150278780570422
10204	0.016364138540596283
10207	0.015604009634171188
10296	0.04347896079951811
10303	0.09979344260272595
10329	0.12857383064897457
10356	0.03803671974694312
10426	0.030414814075037273
10427	0.04445448024878799
10506	0.08695792159903622
10543	0.05838053921501012
10550	0.033307051065484615
10681	0.020946448070498315
10695	0.03617873561408643
10751	0.027694917700439286
10769	0.024947515168873856
10796	0.03302776192417921
10815	0.028037878065850008
10889	0.049896721301362974
10913	0.0203946925150076
10916	0.11411015924082937
11165	0.022732518278725557
11167	0.019801922367541455
11234	0.02673624788502732
11244	0.01891293505511875
11373	0.03499514288587097
11382	0.03706120029767325
11386	0.025867592109667006
11415	0.0353731084772869
11417	0.05196277871316526
11438	0.017246603224183102
11479	0.06479829971685498
11493	0.015604009634171188
11538	0.033620941167612245
11594	0.13077889409265933
11659	0.015349336568828332
11777	0.025201198743253394
11779	0.02955290183329598
11845	0.04347896079951811
11870	0.05173518421933401
11904	0.10547575842808528
12148	0.01984330947269093
12165	0.06479829971685498
12212	0.05462638998282149
12400	0.03803671974694312
12405	0.027528086677879333
12428	0.033307051065484615
12469	0.021620117564005142
12537	0.05910580366659196
12548	0.03187978976792192
12610	0.08544685475238431
12620	0.04915912916498047
12626	0.015246134312743591
12631	0.0667580299435929
12636	0.04205604911270701
12664	0.03064343979582838
12676	0.019793994550071668
12677	0.026148185438819135
12768	0.025867592109667006
12771	0.04445448024878799
12869	0.013900726881337597
12948	0.036609458449380426
12963	0.028107539119900046
12964	0.05962192861182282
12982	0.023135141331451115
