299
t_index	tf-idf
22	0.2264366302531327
65	0.04126600863910671
81	0.02011282138928964
124	0.04786014296933279
189	0.029623056093574587
230	0.01764430858047048
317	0.04547959717622584
348	0.039938595465406686
376	0.017984670230162057
478	0.011892634373533464
493	0.05395401069048617
498	0.027047196574379182
557	0.03259247045484419
638	0.020040787733289153
744	0.021597128689204725
857	0.05104733589281511
886	0.0773470093983894
893	0.1117721407474053
916	0.057014740817434066
945	0.038913843606193835
949	0.0178698520956865
967	0.04932031680367063
976	0.04659528286108341
998	0.02490347261913655
1019	0.018766961812619158
1020	0.03376451145961738
1171	0.02799522513707321
1173	0.05316103643111542
1181	0.02816288225923674
1258	0.01669097484815294
1354	0.03543061471107429
1460	0.02126473036920888
1546	0.060052393877810195
1551	0.0444815823227831
1553	0.038401698334550004
1616	0.010458519373003714
1624	0.031835944764517995
1636	0.055557911343759155
1641	0.04129438939930077
1646	0.03965583260076943
1827	0.0444815823227831
1848	0.03376451145961738
1890	0.032889516258834815
1996	0.04599633257331217
1998	0.025651680875841135
2004	0.028864861141042277
2008	0.04051710637715691
2019	0.028507370408717033
2112	0.11059337913869854
2128	0.04129438939930077
2139	0.03580212821445078
2185	0.03791582875275108
2209	0.024550423800194072
2214	0.13954037050910972
2235	0.03376451145961738
2287	0.019619723741428296
2305	0.06629254357117945
2308	0.03701301450079797
2342	0.038913843606193835
2398	0.032889516258834815
2487	0.02490347261913655
2498	0.027846422654408374
2503	0.061330052772110503
2509	0.01659073708615366
2607	0.04459821514202053
2650	0.0444815823227831
2729	0.038401698334550004
2811	0.02490347261913655
2818	0.01747860674371283
2821	0.13659493005525827
2823	0.029623056093574587
2891	0.02539565501697398
2906	0.11940753680366968
2931	0.03701301450079797
2951	0.03376451145961738
2972	0.014905354899720459
2979	0.04786014296933279
3109	0.04932031680367063
3167	0.041996368281106304
3187	0.04275456323363862
3310	0.06879247501854582
3319	0.040640862695338315
3433	0.01669097484815294
3466	0.025651680875841135
3472	0.030026196938905098
3494	0.025270191194485977
3522	0.0361888096636066
3533	0.049310034061041036
3536	0.07435296483806114
3588	0.021854313178140624
3725	0.0889631646455662
3756	0.08659458342312684
3771	0.023460443368873086
3810	0.03791582875275108
3846	0.030026196938905098
3861	0.038401698334550004
3866	0.02552280296785386
3927	0.03023438949786151
4021	0.031835944764517995
4078	0.027509355555274284
4099	0.10316502159776679
4135	0.01699821410922763
4276	0.020812946394953603
4287	0.033082026383680456
4310	0.013332589672734686
4328	0.02799522513707321
4358	0.04786014296933279
4366	0.06577903251766963
4380	0.026323762688802797
4389	0.021512929200444685
4405	0.026898022150987362
4427	0.037453669771855984
4431	0.02514636746898332
4466	0.028864861141042277
4474	0.04275456323363862
4477	0.04932031680367063
4501	0.10632207286223085
4564	0.2865235028806619
4566	0.0444815823227831
4708	0.010885515838356652
4809	0.022299107571010265
4838	0.3820313371742159
4861	0.029427742367486125
4864	0.04547959717622584
4906	0.040640862695338315
4949	0.01870443762445396
5064	0.028507370408717033
5066	0.05972679000114744
5096	0.04932031680367063
5246	0.02354393095814504
5310	0.01319225554873877
5403	0.05104733589281511
5429	0.02094360198524227
5487	0.023057302523542572
5524	0.020633004319553356
5561	0.03208855653788588
5577	0.04547959717622584
5623	0.023057302523542572
5677	0.05588607037370265
5688	0.01827795620029492
5720	0.04129438939930077
5729	0.02539565501697398
5747	0.029427742367486125
5753	0.05588607037370265
5761	0.07402602900159594
5804	0.04002952929105139
5825	0.03945526982886683
5879	0.14524398315695014
5880	0.10856642899081982
5946	0.04357876807082998
6034	0.03208855653788588
6050	0.041996368281106304
6077	0.2590911015055858
6184	0.008832061921922733
6309	0.030026196938905098
6373	0.025024141513597494
6401	0.03439623750927291
6421	0.0361888096636066
6432	0.0735848872614597
6442	0.016344687405265172
6460	0.026606541303321164
6492	0.05316103643111542
6606	0.0453412421487735
6656	0.04357876807082998
6752	0.036591950508937106
6796	0.021183421886152708
6807	0.016200068105844366
6834	0.023881507360733936
6883	0.02766855896860792
6953	0.026751160602741977
7076	0.05588607037370265
7133	0.04275456323363862
7183	0.05153561967610607
7198	0.033082026383680456
7226	0.017588751939596407
7227	0.03261493529096845
7237	0.022390628863805283
7286	0.03346377572101937
7341	0.015779004113983513
7439	0.031195418016707915
7457	0.036591950508937106
7558	0.05972679000114744
7589	0.033912295576963444
7629	0.05588607037370265
7641	0.028507370408717033
7643	0.031835944764517995
7849	0.04547959717622584
7877	0.09070316849358454
7912	0.010432460539195618
7913	0.03000598871795731
7996	0.03257477151519625
8009	0.01815954990709045
8012	0.02539565501697398
8015	0.01679228469210857
8043	0.02134674283057278
8069	0.03701301450079797
8113	0.017369727612604118
8114	0.05316103643111542
8159	0.06879247501854582
8254	0.037453669771855984
8276	0.029623056093574587
8402	0.06887742679706753
8433	0.021767806822433632
8435	0.027509355555274284
8589	0.05588607037370265
8595	0.02799522513707321
8617	0.031105844515415385
8623	0.02964452662654689
8656	0.023256728418184953
8687	0.0444815823227831
8721	0.011564424592237388
8773	0.0361888096636066
8794	0.006574408097920663
8797	0.030404106504803238
8817	0.03376451145961738
8854	0.03376451145961738
8898	0.04275456323363862
8930	0.08074162813083985
9125	0.020481443004347167
9205	0.027830483939240896
9315	0.03234809003616182
9337	0.018642323433913227
9338	0.03376451145961738
9342	0.05104733589281511
9374	0.018642323433913227
9391	0.011390081386370309
9454	0.03439623750927291
9471	0.024322162631791957
9495	0.02799522513707321
9499	0.07634370922323647
9523	0.04002952929105139
9611	0.032889516258834815
9612	0.06629254357117945
9636	0.05972679000114744
9649	0.03945526982886683
9659	0.02356396767925965
9668	0.02591481946649748
9781	0.016296235227422094
9782	0.031589895083629506
9787	0.030751726537306
10103	0.03549632333124788
10110	0.019969297732703343
10164	0.020481443004347167
10213	0.029397953598353736
10276	0.031589895083629506
10303	0.10209467178563023
10421	0.019969297732703343
10514	0.038913843606193835
10591	0.03543061471107429
10654	0.13775485359413506
10688	0.023256728418184953
10744	0.02094360198524227
10939	0.040640862695338315
10953	0.019827916300384715
11046	0.04002952929105139
11050	0.12121027653491347
11073	0.0361888096636066
11083	0.03507312397874905
11142	0.07086122942214858
11186	0.04817287084596574
11210	0.09259001254565609
11215	0.029822481988216968
11222	0.04129438939930077
11261	0.04002952929105139
11326	0.05104733589281511
11330	0.040640862695338315
11353	0.01845838794356548
11412	0.1031293458645192
11590	0.05537516383069644
11620	0.026049181720936433
11624	0.0361888096636066
11634	0.015245207678364334
11674	0.03439623750927291
11699	0.013019711978122697
11767	0.021682083340409077
11904	0.035969340460324115
11942	0.030887916201823972
11999	0.04786014296933279
12007	0.05104733589281511
12133	0.040640862695338315
12144	0.08300567690582376
12148	0.02030089467721929
12149	0.036591950508937106
12359	0.05316103643111542
12392	0.04786014296933279
12452	0.032889516258834815
12483	0.03208855653788588
12532	0.18698035520150394
12535	0.053502321205483955
12558	0.05972679000114744
12646	0.02799522513707321
12662	0.02539565501697398
12718	0.02126473036920888
12798	0.048420124301004994
12818	0.04002952929105139
12840	0.019282592780756846
12859	0.03701301450079797
12947	0.06629254357117945
12993	0.040640862695338315
