39
t_index	tf-idf
22	0.13973712282379974
257	0.28637020896604193
643	0.17070110438650302
710	0.09150804336900853
742	0.05216830806619083
949	0.2315823018620203
1416	0.11683834889566563
1447	0.10179151356793513
1745	0.15988864095516064
2112	0.09554814882070252
2302	0.09150804336900853
2821	0.09834368632430458
2936	0.2296447879584512
2976	0.1027008563637924
3140	0.44102806920024507
3533	0.053252311638265486
4072	0.10916204965354342
4870	0.20128207745465582
5078	0.1055568111244688
5778	0.09047207052141071
5879	0.1254848511373119
6077	0.15988864095516064
6432	0.052978606659286706
6701	0.17043868370463763
6796	0.09150804336900853
7183	0.11131166026232463
7394	0.08475318768929344
7495	0.24141637639871621
7641	0.1231460007602694
8797	0.0656697560854459
8798	0.09047207052141071
10200	0.13646187593633424
10654	0.29753637501842134
11143	0.188251351458956
11234	0.11815842278669562
11437	0.11137441232000435
12033	0.1515087112640648
12675	0.07456867459250227
12798	0.10458250933871827
