242
t_index	tf-idf
22	0.16257227631168789
148	0.026743377922012826
188	0.026888740994015902
230	0.0177350527135684
242	0.02957908833596018
348	0.020071999213073854
493	0.018077164832693234
557	0.016380046260975938
638	0.02014385688452071
742	0.012138679289030768
744	0.021708202053817904
778	0.01387458038391513
835	0.08301353033258854
849	0.03175236093662366
893	0.05617349070446722
916	0.02865398293268431
945	0.07822795259965941
949	0.017961756192104644
998	0.05006310081655998
1015	0.0666334840716126
1061	0.046834920959136245
1173	0.05343444199662837
1213	0.024561277229596765
1293	0.05617349070446722
1354	0.03561283326627693
1441	0.05562171502258466
1447	0.023685156435942843
1448	0.02957908833596018
1616	0.02102461442908537
1624	0.03199967604340795
1676	0.03425035635722194
1758	0.05617349070446722
1786	0.024561277229596765
1817	0.06003396303412049
1848	0.03393816129734857
1934	0.09914793933395019
1996	0.01541096342952236
2004	0.029013312228784807
2008	0.04072548460161739
2019	0.02865398293268431
2112	0.11116215746574609
2185	0.03811082868687521
2186	0.0666334840716126
2214	0.046752674105709414
2235	0.03393816129734857
2286	0.036374927591990854
2302	0.04258473513895654
2342	0.039113976299829704
2347	0.02021626100738522
2397	0.0177350527135684
2398	0.033058666023321547
2476	0.1332669681432252
2487	0.05006310081655998
2498	0.009329878648175196
2503	0.09246820700386225
2506	0.04380289232665034
2509	0.016676062733654795
2607	0.02241379119129269
2650	0.04471034972436733
2654	0.029013312228784807
2683	0.0666334840716126
2721	0.04380289232665034
2729	0.038599197080900066
2763	0.037646292836641
2811	0.02503155040827999
2816	0.022505783175264794
2821	0.1144145279617978
2846	0.12006792606824097
2906	0.04800865842834795
2936	0.05343444199662837
2979	0.048106286203786396
3042	0.033152728959028974
3055	0.046834920959136245
3140	0.05130987076185945
3158	0.033635878884151996
3187	0.04297444862948297
3217	0.0666334840716126
3244	0.03082273566795408
3310	0.06914627258906257
3366	0.0666334840716126
3432	0.01719084195258443
3533	0.049563634040518306
3536	0.04982357322378193
3588	0.02196670923462287
3756	0.029013312228784807
3855	0.03082273566795408
3910	0.030389884027568672
4072	0.025400155005915824
4074	0.023478167930203186
4083	0.016283384554867435
4099	0.041478238444728664
4183	0.05182986844969091
4185	0.03251445526233758
4276	0.020919986734290786
4310	0.026802317537797486
4332	0.014692846531986149
4358	0.048106286203786396
4366	0.06611733204664309
4391	0.03151130764938309
4405	0.027036357846659878
4431	0.02527569445882413
4470	0.038599197080900066
4501	0.05343444199662837
4564	0.3839961125208953
4682	0.025654065953818094
4708	0.01094149970950526
4838	0.5119948166945272
4861	0.02957908833596018
4864	0.04571349733732182
4906	0.04084987739471406
5054	0.015999151618684034
5096	0.049573969666975096
5128	0.03278267289403324
5244	0.0666334840716126
5429	0.0210513142822377
5623	0.023175885517006604
5675	0.01813539801895396
5677	0.05617349070446722
5688	0.03674391832699189
5729	0.025526264084960917
5761	0.037203371289158224
5765	0.01536718819713075
5771	0.04221235430376905
5788	0.04150676516629427
5879	0.1459909684683414
5880	0.07274985518398171
5894	0.048106286203786396
6013	0.04258473513895654
6072	0.0666334840716126
6077	0.1488134851566329
6184	0.026632454829344728
6373	0.02515283989913154
6401	0.034573136294531286
6430	0.03448776881768339
6432	0.03698166602993001
6442	0.016428747626870507
6532	0.030389884027568672
6701	0.03965818706081367
6752	0.036780141778215335
6796	0.02129236756947827
6854	0.03525350397017644
6883	0.02781085751129233
7133	0.04297444862948297
7183	0.02590033288676996
7226	0.017679210346609284
7227	0.03278267289403324
7341	0.03172031008784911
7394	0.019720627373577826
7495	0.05617349070446722
7522	0.0666334840716126
7589	0.011362235154612522
7617	0.026743377922012826
7643	0.03199967604340795
7655	0.06003396303412049
7724	0.05130987076185945
7733	0.032253586991310215
7859	0.06003396303412049
7912	0.02097222872191719
7913	0.022620231442140266
7996	0.021828201704803298
8015	0.01687864689271106
8113	0.017459059584280092
8157	0.06003396303412049
8159	0.034573136294531286
8289	0.03393816129734857
8351	0.030180620740723217
8399	0.015585901086487467
8402	0.09230888169593696
8437	0.03525350397017644
8546	0.04471034972436733
8623	0.02979698750975779
8656	0.023376337052854707
8721	0.011623900070101133
8735	0.03490724412880215
8794	0.013216440150699844
8797	0.04584071082573885
8875	0.0666334840716126
8893	0.022505783175264794
8930	0.12173531973914269
8957	0.018371959163495946
9068	0.0306038502516661
9095	0.05182986844969091
9125	0.020586778432003485
9369	0.022787215377122062
9391	0.01144866022252062
9471	0.02444725076165676
9499	0.019184085639406417
9528	0.014652244780593683
9659	0.023685156435942843
9781	0.016380046260975938
9782	0.03175236093662366
9787	0.030909881715400128
9858	0.05343444199662837
9890	0.16852047211340165
9949	0.016676062733654795
10037	0.04084987739471406
10103	0.01189295994128366
10164	0.04117355686400697
10213	0.014774573182054919
10303	0.05130987076185945
10372	0.025400155005915824
10422	0.033058666023321547
10545	0.049573969666975096
10568	0.03561283326627693
10654	0.16154054296788967
10660	0.049573969666975096
10744	0.0210513142822377
10798	0.03490724412880215
10894	0.03662453114879769
10909	0.035986257452106304
10913	0.020972300581688075
11050	0.03480961635336371
11057	0.05617349070446722
11083	0.03525350397017644
11186	0.016140207476737594
11210	0.026590342890101894
11215	0.029975858090346832
11261	0.04023539992164412
11276	0.04150676516629427
11303	0.03393816129734857
11326	0.05130987076185945
11345	0.04084987739471406
11359	0.04084987739471406
11412	0.025914934224845455
11438	0.0532051581407052
11519	0.04258473513895654
11590	0.055659956584918256
11779	0.030389884027568672
11841	0.011594468528046794
11904	0.10846298899615939
12144	0.02781085751129233
12392	0.048106286203786396
12425	0.019583630819048996
12469	0.04446486298629843
12521	0.039113976299829704
12532	0.11959944778915502
12533	0.05617349070446722
12646	0.05627840742750936
12675	0.10410518486488164
12718	0.02137409421954704
12798	0.04866914750212105
12840	0.03876352511761358
