116
t_index	tf-idf
70	0.060512198732664134
76	0.07499899934933292
114	0.09686495311546467
208	0.028783725587700898
230	0.03218637454533015
287	0.04961539890380931
383	0.1699962590625292
498	0.09867784791609284
554	0.029993771934413473
586	0.04727326558698509
742	0.06608946999917459
746	0.09813360625969977
778	0.025180215029996938
949	0.03259780625566921
1040	0.02283903613419926
1252	0.3477811516857677
1279	0.12590107514998466
1283	0.15320489283553212
1286	0.10895234713220774
1338	0.0811423617128701
1380	0.19395047666347234
1573	0.05554124944752578
1681	0.08376316349634906
1715	0.261916381768968
1720	0.12403113070168885
1862	0.029993771934413473
2160	0.13774676870162425
2287	0.10736965530910234
2294	0.1622847234257402
2576	0.036427570584625514
2783	0.07302102073079302
2820	0.05554124944752578
2976	0.08673778413428741
2977	0.18477752311284262
2982	0.0811423617128701
2989	0.06215909339706533
3042	0.030083534814045097
3433	0.06089464662661333
3666	0.09813360625969977
3768	0.044163483345801724
3858	0.11029955626112885
3897	0.049896369573669525
4076	0.05718814411192697
4135	0.031007782675422212
4276	0.018983268315804786
5037	0.17993815763280588
5117	0.0649169947350224
5315	0.02277996149385388
5485	0.06159250770428087
5487	0.04206064361451667
5524	0.07527658020667548
5613	0.12431818679413066
5686	0.04260923938847609
5688	0.03334226113212451
5802	0.04725194214534261
5810	0.03591555340582323
6184	0.016111260564848583
6430	0.0312949801256996
6501	0.1272732963413347
6598	0.053332376293532505
6843	0.06397965098526495
7019	0.046558157381087
7020	0.04776699390350568
7183	0.023502546865973684
7292	0.09697523833173617
7316	0.17993815763280588
7343	0.03970837282865974
7562	0.06603854773797718
7589	0.02062069745519764
7604	0.05392633599900257
7664	0.09979273914733905
7794	0.04776699390350568
7804	0.07197346876513934
7897	0.11819107616330914
7913	0.068420362511973
7996	0.0396148061733306
8038	0.07302102073079302
8398	0.03749949967466646
8435	0.05018198459659376
8551	0.07719299044165984
8936	0.05477315341883889
8938	0.04170435644616111
9215	0.041355267493060933
9441	0.017357905511474044
9597	0.12092945593267929
9856	0.051602191105815196
9950	0.043368892067143706
10083	0.08730546058965599
10103	0.043167761529110636
10110	0.036427570584625514
10164	0.03736181515757485
10329	0.08998131580324042
10356	0.07098581050059816
10367	0.0544015409142498
10547	0.06397965098526495
10669	0.10895234713220774
10714	0.17043695755390437
10794	0.04609734832670568
10904	0.04067756041750239
10913	0.03806147816425854
11167	0.036955224269643316
11244	0.03529615678651352
11343	0.12092945593267929
11492	0.04101309164886297
11493	0.029120893660389915
11565	0.24185891186535857
11659	0.014322805754987792
11884	0.10194618761687452
11904	0.06561451013648163
12156	0.05807445712717725
12291	0.026445119741639277
12631	0.04152893041685935
12675	0.0944673953409897
12838	0.14968910872100857
12910	0.053681465246632684
12964	0.11126908298813495
