352
t_index	tf-idf
22	0.07796425345959078
65	0.0331526379992183
139	0.031697911209137404
188	0.021491575579257505
189	0.04759764694907383
193	0.04445720580676637
216	0.05325866909696584
229	0.026202464903395433
230	0.028350470249283676
261	0.05325866909696584
268	0.02817734549852361
298	0.0479838179912288
310	0.024460980186701103
342	0.019361079349866472
387	0.0479838179912288
455	0.0374341157797547
493	0.014448677769888323
557	0.0392766253676039
638	0.048301616961661076
643	0.047620073675778786
744	0.017350885459205764
784	0.03126293559226731
795	0.04270896688549175
886	0.04142646676158643
940	0.052404929806790866
945	0.06252587118453462
979	0.020301781744113033
1036	0.018213316927974718
1061	0.0374341157797547
1097	0.0257795782509924
1171	0.02249104275610638
1335	0.05325866909696584
1354	0.0853936483568369
1448	0.02364191066734206
1500	0.042660396057198596
1546	0.024122702205451426
1549	0.0448982278974851
1616	0.05881578149932663
1635	0.04728382133468412
1644	0.025576632849850078
1646	0.09557712311859057
1681	0.018445111543586943
1790	0.02939755331118847
1800	0.09391657615152804
1850	0.03845028988215395
1890	0.026423060103400356
1908	0.0374341157797547
1917	0.026184416911735932
1955	0.033175438776416905
1962	0.05635469099704722
1965	0.05325866909696584
1996	0.08622349397389942
2004	0.04637939669308385
2019	0.022902494392786566
2112	0.12438923313531583
2185	0.030461141906733234
2191	0.03845028988215395
2214	0.01868418884504234
2286	0.02907367458027396
2347	0.01615841000018965
2381	0.024460980186701103
2397	0.028350470249283676
2402	0.033175438776416905
2482	0.03653778669800435
2498	0.059657324128989886
2503	0.049271860911207034
2509	0.03998642361327469
2533	0.0479838179912288
2607	0.08957423620402441
2621	0.0448982278974851
2721	0.035010682398175196
2794	0.02513434519635529
2821	0.09144899999606854
2839	0.02939755331118847
2867	0.05325866909696584
2900	0.04022801321791589
2906	0.019186129080964055
2940	0.024122702205451426
2966	0.03416768092338704
2979	0.03845028988215395
3014	0.15977600729089753
3035	0.027633542673167612
3037	0.035735993012470275
3041	0.01633471135680652
3047	0.019540146471199116
3085	0.01813759489494144
3153	0.0479838179912288
3175	0.02665024119869445
3176	0.03962337679174805
3187	0.034348525686011
3209	0.02665024119869445
3215	0.05325866909696584
3381	0.0479838179912288
3433	0.013409337739305296
3459	0.027900587670679856
3465	0.019631285303408245
3533	0.10894156832423578
3536	0.039822879390518276
3553	0.02688441356828061
3705	0.03845028988215395
3747	0.026423060103400356
3754	0.03962337679174805
3768	0.019450086230378888
3769	0.024289961719245835
3809	0.06092228381346647
3847	0.0374341157797547
3937	0.021148208997663308
3946	0.01245922750416261
4020	0.021375390092957403
4061	0.032159264674017654
4078	0.02210070070725249
4087	0.02172940748319246
4090	0.035735993012470275
4099	0.09945791399765488
4179	0.03265040291872658
4183	0.020713233380793214
4203	0.04270896688549175
4276	0.016720882398961488
4286	0.0479838179912288
4307	0.018603658976828606
4310	0.03213374883511808
4328	0.04498208551221276
4340	0.05325866909696584
4389	0.01728324055574555
4390	0.02973583129243815
4391	0.025186290800996186
4405	0.021609562462543568
4431	0.08080921273345322
4466	0.023189698346541925
4487	0.019186129080964055
4558	0.035735993012470275
4564	0.332496227048051
4575	0.14395145397368642
4612	0.030089848682673205
4708	0.008745298562308627
4784	0.05325866909696584
4838	0.332496227048051
4864	0.03653778669800435
4915	0.017627643287049518
4949	0.015026930638375987
5078	0.03926257060681649
5091	0.022625736564942812
5093	0.027126021211083234
5100	0.03653778669800435
5110	0.01449522226685908
5138	0.05325866909696584
5232	0.015598598751298645
5246	0.009457462035645854
5310	0.021197013572378434
5506	0.03845028988215395
5524	0.01657631899960915
5712	0.01657631899960915
5765	0.012282653421847083
5778	0.016825849601515442
5876	0.27736363754223636
5879	0.16336229006759656
5944	0.05325866909696584
6013	0.03403703631810906
6034	0.0257795782509924
6077	0.02973583129243815
6110	0.05325866909696584
6153	0.021851170105346193
6184	0.014191154479946472
6247	0.0374341157797547
6373	0.02010410825279823
6401	0.027633542673167612
6430	0.013782655169131129
6432	0.009852875728493974
6442	0.013131134379776756
6485	0.05325866909696584
6521	0.024289961719245835
6557	0.014829257147061181
6584	0.0448982278974851
6649	0.03845028988215395
6686	0.025988084486530262
6700	0.06431852934803531
6701	0.031697911209137404
6796	0.03403703631810906
6807	0.039044846680429984
6834	0.019186129080964055
6849	0.035157148531796856
6883	0.06668580871014955
6885	0.11887013037524416
6890	0.028763019139448807
7176	0.016043104740775232
7183	0.07245546999048372
7202	0.015986100717443073
7226	0.014130601556625638
7234	0.02537895935853527
7286	0.02688441356828061
7342	0.03373940055801602
7364	0.0479838179912288
7394	0.031524522011941364
7439	0.025062041007816678
7516	0.04471738313486113
7589	0.045407915459670774
7616	0.013782655169131129
7617	0.021375390092957403
7641	0.022902494392786566
7665	0.04270896688549175
7668	0.03653778669800435
7717	0.052368833823471864
7797	0.02010410825279823
7800	0.04445720580676637
7913	0.006026616788135055
7990	0.030461141906733234
7998	0.03653778669800435
8012	0.020402577939968067
8014	0.02481499757693616
8015	0.013490728905865447
8038	0.032159264674017654
8072	0.10950220725195814
8114	0.04270896688549175
8171	0.04270896688549175
8209	0.035010682398175196
8216	0.11629469832109585
8263	0.035735993012470275
8288	0.02210070070725249
8290	0.024998379981362416
8399	0.031143664484479187
8402	0.018445111543586943
8417	0.024635930455603517
8486	0.021974912694086263
8563	0.030851483955587122
8595	0.02249104275610638
8623	0.047632145308898546
8655	0.04759764694907383
8656	0.07473675538016936
8666	0.03373940055801602
8715	0.02537895935853527
8721	0.009290726067758683
8756	0.04270896688549175
8773	0.02907367458027396
8794	0.03169082432502654
8797	0.061065776039712936
8824	0.01701851815905453
8856	0.018213316927974718
8858	0.09647779402205298
8898	0.034348525686011
8927	0.019273101473686865
8930	0.08108362236760229
8999	0.021375390092957403
9045	0.01245922750416261
9051	0.020301781744113033
9117	0.019273101473686865
9125	0.06581822550982165
9198	0.028621456690747425
9209	0.03126293559226731
9218	0.05325866909696584
9251	0.023959039950779387
9257	0.09255445186676138
9309	0.022228602903383184
9336	0.021609562462543568
9337	0.029954057620351825
9364	0.021974912694086263
9391	0.03660264294386999
9441	0.007644613454364969
9449	0.05047754880454633
9468	0.018289799999213707
9473	0.027126021211083234
9499	0.030666830145004424
9528	0.011711214972020873
9549	0.06530080583745317
9659	0.01893102134320413
9696	0.0448982278974851
9697	0.022228602903383184
9714	0.028763019139448807
9726	0.0533004823973889
9781	0.013092208455867966
9783	0.0374341157797547
9787	0.02470558436262494
9986	0.01893102134320413
10020	0.0515591565019848
10103	0.009505779668005398
10110	0.016043104740775232
10121	0.02665024119869445
10182	0.02364191066734206
10247	0.03845028988215395
10258	0.027900587670679856
10372	0.040603563488226066
10378	0.055267085346335225
10421	0.032086209481550464
10477	0.0257795782509924
10556	0.016454556377455413
10591	0.02846454945227897
10654	0.20289622697945636
10681	0.017216191650369334
10688	0.03736837769008468
10707	0.05325866909696584
10719	0.042521903646360236
10760	0.021851170105346193
10796	0.013572999993977335
10806	0.02665024119869445
10855	0.042521903646360236
10878	0.01657631899960915
10913	0.033525391398769096
11008	0.042750780185914806
11050	0.02782255595045402
11055	0.027375551812989535
11097	0.02304474155363931
11183	0.02973583129243815
11186	0.07740306374219624
11210	0.031879608868346294
11222	0.033175438776416905
11234	0.021974912694086263
11303	0.027126021211083234
11359	0.03265040291872658
11373	0.057526038278897615
11437	0.020713233380793214
11438	0.05670094049856735
11441	0.017627643287049518
11556	0.03265040291872658
11564	0.01657631899960915
11590	0.04448777144118355
11659	0.00630792197287042
11674	0.027633542673167612
11692	0.05325866909696584
11699	0.010459887260715985
11735	0.024998379981362416
11779	0.024289961719245835
11784	0.024289961719245835
11883	0.021609562462543568
11904	0.043346033309664966
11931	0.02817734549852361
11937	0.022228602903383184
11943	0.05325866909696584
12005	0.04270896688549175
12007	0.041010844118207324
12033	0.02817734549852361
12257	0.048921960373402205
12372	0.05325866909696584
12389	0.02907367458027396
12391	0.010515032440658165
12425	0.01565276269192134
12469	0.01776989044790226
12533	0.0448982278974851
12568	0.018289799999213707
12626	0.012531020503908339
12631	0.018289799999213707
12675	0.1941542638546342
12718	0.03416768092338704
12736	0.02939755331118847
12749	0.014310728345373712
12798	0.038900172460757776
12816	0.030851483955587122
12859	0.02973583129243815
12864	0.03962337679174805
12900	0.041010844118207324
12930	0.0448982278974851
12958	0.026657615742183127
12971	0.021260951823180118
13002	0.016275489256122776
