27
t_index	tf-idf
926	0.20289650344396173
1258	0.2093811679128839
2237	0.19968418133295837
2670	0.26987053076260303
3205	0.3319808189056501
3346	0.2922589852732438
3496	0.10564631748160089
3666	0.3374242273897859
3839	0.10500745663455953
4332	0.09168621042320993
6184	0.055397226858074605
6292	0.17771622149323382
7604	0.09271060625384331
7808	0.19233984525182407
7843	0.18580430856942734
7913	0.04705154296935789
9213	0.20457023345708936
9266	0.12660866539420432
9267	0.18580430856942734
9807	0.23231677537884216
9856	0.08871491698481601
9923	0.20289650344396173
10050	0.14462201804331037
11114	0.23492016466379445
11122	0.16964777848609497
11410	0.13186146859841505
12768	0.16599040945282506
