330
t_index	tf-idf
65	0.01848681298287901
81	0.01802073812534806
99	0.020837624138582055
193	0.02479054757302968
285	0.044190145985756345
386	0.04763136396703487
430	0.03316301719378756
499	0.026541743000764444
556	0.02074781284735158
560	0.050072946980753645
643	0.017702832502515583
659	0.05874325343071992
660	0.04597165532270298
694	0.09159211523652236
756	0.03586576197704027
776	0.059396965957029466
973	0.04763136396703487
979	0.02264165176427254
998	0.044626156598816774
1019	0.016814871354334727
1024	0.04074892800447781
1036	0.081249928612815
1082	0.031424909028202
1164	0.059396965957029466
1167	0.03985472405511661
1181	0.05046690528649306
1213	0.02189387764715476
1279	0.012367775604316098
1387	0.05993883754868889
1413	0.13762901501706853
1416	0.02423381767568678
1417	0.032424543995761744
1447	0.021112905172430488
1458	0.04767799643502346
1500	0.03171813009082716
1504	0.04288185562823843
1553	0.034407253754267134
1586	0.16699425188815029
1611	0.04763136396703487
1616	0.028111954332793263
1634	0.04288185562823843
1636	0.016592974065958048
1669	0.01637673083138387
1681	0.04114198424423116
1806	0.021792234661968005
1848	0.030252414972873603
1890	0.029468434492510184
1921	0.023461732204729517
1996	0.013737304644082567
1998	0.022983459883191382
2008	0.018151311282673364
2013	0.059396965957029466
2037	0.02523345264324653
2082	0.030818430525215015
2107	0.12100965989149441
2204	0.03656784945592756
2217	0.021301514886003067
2218	0.022313078299408387
2298	0.024647904083843482
2307	0.028303996524945696
2424	0.10702832992406434
2430	0.03985472405511661
2454	0.04573752505011391
2464	0.059396965957029466
2498	0.016633273561181407
2580	0.05704890551853968
2591	0.01869467042054025
2607	0.05993883754868889
2670	0.019275210370873753
2794	0.014015594750049746
2818	0.015660527622053135
2845	0.017276867732976917
2848	0.09347335210270125
2891	0.02275406516692253
2900	0.014954823143584758
3041	0.018217358992048373
3083	0.02275406516692253
3181	0.04074892800447781
3233	0.059396965957029466
3241	0.059396965957029466
3272	0.028275426456907386
3319	0.03641350607383808
3320	0.044190145985756345
3324	0.04174856297203757
3403	0.011543754706701584
3432	0.03064777021513532
3433	0.014954823143584758
3459	0.03111625363824383
3533	0.022090466413608366
3537	0.11070014262786122
3628	0.02690295018600804
3635	0.052390566296402104
3771	0.021020149191010747
3801	0.031424909028202
3822	0.059396965957029466
3866	0.02286798751931815
3910	0.05417897419512451
3923	0.019126310274089786
3936	0.07970944811023321
3946	0.013895208507149722
3948	0.09526272793406974
4004	0.034407253754267134
4007	0.03641350607383808
4060	0.052733490598894775
4094	0.025083234777991317
4195	0.026366745299447387
4246	0.059396965957029466
4310	0.011945768441667524
4328	0.025083234777991317
4405	0.024100159987045674
4422	0.013776506043210093
4427	0.0335578366519626
4464	0.03699905463324112
4547	0.021397415203792958
4566	0.03985472405511661
4585	0.044190145985756345
4708	0.05851939710064183
4798	0.059396965957029466
4815	0.024507618446546885
4878	0.02972179921250903
4915	0.019659307038207393
4972	0.017158989618299456
5054	0.014261614521237058
5064	0.025542108033204693
5072	0.023100525019485917
5082	0.05535007131393061
5116	0.03904581818878485
5117	0.010628434835747895
5141	0.03641350607383808
5246	0.021094952618827576
5263	0.03762801550122152
5279	0.013467850653251932
5412	0.02253070785999382
5429	0.018765103088846186
5430	0.038307344990759044
5524	0.01848681298287901
5585	0.03174521450622422
5600	0.011188842180073329
5623	0.020658942005767143
5649	0.03111625363824383
5729	0.02275406516692253
5761	0.03316301719378756
5856	0.032541281704428604
6052	0.02423381767568678
6233	0.2121074129250449
6234	0.059396965957029466
6252	0.026720425133579355
6260	0.14043129801866241
6425	0.11879393191405893
6432	0.02197692635385585
6442	0.05857822247212056
6518	0.034407253754267134
6591	0.027631778704067262
6646	0.013659440906915558
6671	0.017956197222514434
6807	0.014514979241235909
6834	0.021397415203792958
6920	0.04288185562823843
7023	0.03985472405511661
7094	0.03535123548750748
7119	0.23758786382811786
7130	0.17819089787108838
7171	0.059396965957029466
7176	0.035784286850952196
7202	0.10697141661998893
7215	0.2690295018600804
7218	0.20383153836071585
7227	0.029222414721322868
7276	0.025862413511226923
7372	0.034407253754267134
7394	0.05273679362919666
7439	0.05590110386892
7440	0.02875078851431545
7543	0.059396965957029466
7589	0.020256551314320324
7590	0.03641350607383808
7593	0.05344085026715871
7617	0.02383899821751173
7625	0.03641350607383808
7639	0.04846763535137356
7677	0.009777726627055838
7717	0.01460114330945279
7727	0.059396965957029466
7794	0.046923464409459034
7798	0.03985472405511661
7826	0.10702832992406434
7872	0.050072946980753645
7891	0.03586576197704027
7912	0.03738921272974355
7996	0.009728809558944593
8015	0.09027357000960289
8038	0.07173152395408054
8043	0.019126310274089786
8070	0.05351416496203217
8110	0.0335578366519626
8113	0.015562973814407313
8326	0.034407253754267134
8349	0.04074892800447781
8399	0.0694662187593848
8551	0.012638303298459197
8561	0.03904581818878485
8565	0.01802073812534806
8585	0.033971923060119306
8617	0.23689751290030664
8618	0.03699905463324112
8619	0.03699905463324112
8628	0.08302510697089592
8715	0.028303996524945696
8721	0.010361523284745154
8794	0.023562221205799774
8808	0.027675035656965306
8810	0.024935629530217714
8825	0.059396965957029466
8846	0.038307344990759044
8864	0.02972179921250903
8930	0.07234309439723467
8980	0.026541743000764444
8999	0.04767799643502346
9056	0.03762801550122152
9095	0.023100525019485917
9125	0.018351016680689478
9251	0.026720425133579355
9328	0.019275210370873753
9336	0.04820031997409135
9368	0.02275406516692253
9391	0.010205314804788318
9399	0.031424909028202
9473	0.030252414972873603
9499	0.017100658888194082
9611	0.029468434492510184
9618	0.024935629530217714
9621	0.07525603100244305
9649	0.10605370646252245
9772	0.059396965957029466
9793	0.02787955369351243
9859	0.059396965957029466
10001	0.025542108033204693
10087	0.044190145985756345
10167	0.025700749807659698
10177	0.05344085026715871
10182	0.052733490598894775
10184	0.10796264631975946
10185	0.09240210007794367
10213	0.026340055080446238
10266	0.044190145985756345
10299	0.059396965957029466
10325	0.033971923060119306
10359	0.03586576197704027
10375	0.03586576197704027
10378	0.09245529157564505
10379	0.04573752505011391
10463	0.059396965957029466
10478	0.022206321070124706
10533	0.059396965957029466
10556	0.018351016680689478
10558	0.038307344990759044
10568	0.03174521450622422
10654	0.02057099212211558
10708	0.02523345264324653
10715	0.018555534717236602
10739	0.04074892800447781
10759	0.04763136396703487
10794	0.02264165176427254
10815	0.051401499615319396
10859	0.026366745299447387
10894	0.016323520075127412
10928	0.031424909028202
10953	0.0532964043638593
10963	0.03762801550122152
10999	0.03207808414319835
11008	0.04767799643502346
11047	0.03699905463324112
11066	0.1735343566447354
11069	0.07661468998151809
11097	0.025700749807659698
11144	0.10014589396150729
11145	0.050072946980753645
11160	0.02074781284735158
11186	0.028774702910772592
11210	0.011851291534836442
11222	0.03699905463324112
11286	0.03586576197704027
11293	0.059396965957029466
11318	0.02199675269851513
11353	0.0165383945349511
11437	0.023100525019485917
11441	0.039318614076414786
11596	0.05380590037201608
11621	0.03535123548750748
11634	0.013659440906915558
11659	0.0070349378427018855
11699	0.04666174187777504
11767	0.019426769538039627
11780	0.032424543995761744
11812	0.023461732204729517
11841	0.010335288061931567
11904	0.048341855110553486
12127	0.04763136396703487
12136	0.032424543995761744
12246	0.05351416496203217
12334	0.0335578366519626
12391	0.023453872749907484
12423	0.03995922503245926
12425	0.01745681273132827
12485	0.016592974065958048
12514	0.029222414721322868
12518	0.020483944304450087
12532	0.045690312532299555
12537	0.027089487097562256
12545	0.04573752505011391
12564	0.04074892800447781
12568	0.020397780236233207
12577	0.02371137043166212
12610	0.01958108447690664
12614	0.03586576197704027
12631	0.020397780236233207
12636	0.019275210370873753
12655	0.03111625363824383
12675	0.07733264298376928
12680	0.03699905463324112
12816	0.06881450750853427
12840	0.03455373546595383
12843	0.054950660517898375
12846	0.03985472405511661
12862	0.12177484310112471
12873	0.025862413511226923
12906	0.03904581818878485
12910	0.026366745299447387
13001	0.02275406516692253
13002	0.018151311282673364
