226
t_index	tf-idf
27	0.03018743934693971
126	0.03934940221917906
131	0.04114410811583871
230	0.022803134797281063
348	0.05161580414773401
478	0.06147916615211014
493	0.023243011063463156
554	0.021249737945355795
575	0.03803179778482155
742	0.01560750591268125
761	0.04287117900270015
849	0.04082611866249519
926	0.04180599393651692
1258	0.12942639751213553
1433	0.04147057828004021
1435	0.03639711907714815
1460	0.027482092076626823
1616	0.013516371353114249
1720	0.0219681358370024
1729	0.05877687868616203
1862	0.021249737945355795
1900	0.043636547313063725
1917	0.02106091303517644
2112	0.028585713298824082
2178	0.19600649128446693
2204	0.052746026866000086
2232	0.06531733148203231
2237	0.20572054057919356
2251	0.05763779900830312
2282	0.043636547313063725
2293	0.03402027947010674
2298	0.03555251485499271
2373	0.03880522793652614
2386	0.01910264088887791
2398	0.04250572184492929
2508	0.035151104938241175
2558	0.07718965224358752
2576	0.025807902073867003
2579	0.05748706519593928
2670	0.05560571809371783
2709	0.04802639235441471
2727	0.02893717970577624
2781	0.023243011063463156
2802	0.07708390200333538
2858	0.04147057828004021
2940	0.03880522793652614
2955	0.04250572184492929
2976	0.030725631755232755
2986	0.05835444952427576
3031	0.04180599393651692
3083	0.0328208125569896
3107	0.09797599722304846
3205	0.27361315481797316
3335	0.038284217152995834
3346	0.060218767493942414
3432	0.044206813777737386
3505	0.02881889950415156
3654	0.04532777072003801
3666	0.03476244036947475
3676	0.06870420986876496
3723	0.03128857717210362
3793	0.03854195100166769
3848	0.02727282363657718
3857	0.054275226628619215
3858	0.03907205587818726
3937	0.03402027947010674
3966	0.07718965224358752
4001	0.06870420986876496
4014	0.03535016470031166
4135	0.0219681358370024
4186	0.0669835396322442
4282	0.060218767493942414
4287	0.04275451789758705
4332	0.037783136643097244
4708	0.014068212640235172
4809	0.02881889950415156
4932	0.13740841973752993
4938	0.07718965224358752
5032	0.04676965952781839
5279	0.01942623432750304
5417	0.09749591565608973
5515	0.05877687868616203
5532	0.04287117900270015
5561	0.04147057828004021
5630	0.03218472633623746
5675	0.02331788533744615
5686	0.03018743934693971
5712	0.05333132512683724
5715	0.030453578211824962
5802	0.016738331380815687
5810	0.02544515240380682
6066	0.03555251485499271
6204	0.05877687868616203
6291	0.19791752271228552
6292	0.2563238994482316
6421	0.04676965952781839
6449	0.02727282363657718
6454	0.018329210737173317
6472	0.05632028696882417
6531	0.03187866275391398
6608	0.03803179778482155
6849	0.028277950595152892
6862	0.07718965224358752
7163	0.060218767493942414
7176	0.025807902073867003
7183	0.016650888825935527
7226	0.022731334558413224
7362	0.017554760894023885
7427	0.13740841973752993
7439	0.02015815238234608
7589	0.014609180136849089
7600	0.0567137719407858
7604	0.05730792266663373
7616	0.02217160709664636
7619	0.055176166527400934
7664	0.03535016470031166
7677	0.028207085679493905
7717	0.02106091303517644
7733	0.04147057828004021
7741	0.04900162282111673
7761	0.05336800382679325
7767	0.07869880443835812
7800	0.07151653202279948
7804	0.05099116421975185
7808	0.07926167546370955
7909	0.054275226628619215
7913	0.019389555627547024
7927	0.03963083773185477
7996	0.014032984110502803
8009	0.09387608757821772
8069	0.04783484459400162
8094	0.06870420986876496
8159	0.04445297682627193
8207	0.07222598665228605
8402	0.05934382903435972
8551	0.018229682500870415
8555	0.07718965224358752
8563	0.04962955049066126
8794	0.008496627305371214
8824	0.027377010696371176
8936	0.03880522793652614
8957	0.023622047707522614
9002	0.0334917698161221
9051	0.032658665741016155
9117	0.031003868860147905
9231	0.07222598665228605
9232	0.07222598665228605
9242	0.02492041897903332
9267	0.15313686861198333
9391	0.029440605169746868
9406	0.03218472633623746
9430	0.04532777072003801
9441	0.02459516890410625
9449	0.027067072480170158
9461	0.027695000149714693
9486	0.022448272106319354
9526	0.09253984104622723
9615	0.03854195100166769
9756	0.07222598665228605
9760	0.04578978425379666
9802	0.03639711907714815
9806	0.05255399598930439
9807	0.095735841061662
9856	0.018279345472161687
9923	0.04180599393651692
9986	0.030453578211824962
10050	0.02979877477817328
10051	0.060218767493942414
10053	0.051733325119119856
10063	0.02492041897903332
10126	0.05029143631133948
10207	0.020631328409477668
10219	0.026087197206148438
10329	0.021249737945355795
10358	0.03031978556170359
10367	0.03854195100166769
10467	0.1297436482328919
10478	0.09609221421441486
10505	0.05336800382679325
10740	0.05029143631133948
10749	0.028021470313916188
10758	0.07869880443835812
10796	0.021834343186881034
10806	0.04287117900270015
10855	0.034201644352246645
10894	0.02354529569664907
10909	0.046269920523113614
10913	0.026965479319238272
11122	0.34955230269367765
11149	0.03366541677914502
11160	0.029926963443013033
11179	0.04729067031134869
11190	0.061853446201615814
11212	0.06870420986876496
11221	0.0448825614519707
11237	0.029299035773468506
11248	0.04180599393651692
11393	0.03963083773185477
11410	0.027169515802957584
11415	0.04676965952781839
11438	0.022803134797281063
11538	0.08890595365254386
11659	0.010147302233318662
11699	0.016826403024231752
11734	0.05632028696882417
11739	0.03476244036947475
11864	0.07718965224358752
11868	0.05252339960463782
12023	0.05336800382679325
12083	0.09680867647098357
12089	0.06374054427746349
12148	0.026236451018682726
12405	0.0727942381542963
12417	0.03058884926369124
12420	0.07718965224358752
12504	0.06436945267247492
12666	0.07708390200333538
12675	0.1338549482716543
12676	0.013085623877200032
12822	0.060218767493942414
12862	0.025092843035543676
12869	0.018379279950666554
12877	0.06597250757076184
12880	0.03555251485499271
12891	0.05099116421975185
12897	0.16010401148037975
