95
t_index	tf-idf
6	0.13524161019290978
67	0.07689504099786758
73	0.04400636784910418
135	0.07203805501682282
208	0.03625792792676902
554	0.03778218416293539
865	0.15233092339179363
1040	0.02876959494168157
1205	0.11729958445317847
1248	0.12499782573531015
1255	0.1663135699896024
1258	0.07670701632373961
1334	0.0805930965098832
1677	0.0805930965098832
1917	0.03744645213888446
2178	0.08712523149560804
2237	0.14630902969719564
2373	0.06899596936925743
2390	0.11333113795237161
2576	0.13765989653914093
2740	0.07980151128655384
2818	0.040163375267280255
2939	0.0982439614735864
3041	0.04672068804029715
3042	0.0757905111168911
3126	0.0737349811065481
3204	0.08606325528348745
3205	0.060810765239305904
3226	0.0982439614735864
3245	0.07689504099786758
3508	0.09338697549254164
3723	0.055631311216757774
3780	0.04638322089769239
3858	0.0694703913342521
3946	0.07127198867857733
4013	0.09698254613117428
4135	0.03905950068863818
4150	0.09338697549254164
4206	0.07433135251294958
4276	0.023912608960636822
4332	0.06717868383006785
5032	0.0831567849948012
5232	0.04461525215880341
5285	0.107069393955438
5310	0.030313944240232094
5417	0.057782808897453776
5446	0.05924417603416436
5524	0.04741173638886987
5712	0.09482347277773974
5725	0.09338697549254164
5765	0.0351309555641512
6231	0.38600694526037105
6292	0.2604261164260319
6524	0.09488868776533904
6625	0.08141455983630755
6834	0.05487633860876751
7362	0.031212488866445717
7604	0.03396463043064226
7677	0.025076198788495044
7741	0.08712523149560804
7767	0.06996351508755273
7815	0.2992867441336194
7913	0.03447476686259888
7996	0.024950744869512112
8206	0.07758608934644029
8211	0.08712523149560804
8399	0.017815477739736452
8491	0.0822682455145633
8779	0.15233092339179363
9499	0.043856771420466775
9615	0.06852786111944023
9806	0.04672068804029715
9807	0.08510950081565023
9923	0.07433135251294958
10050	0.10596486407446151
10226	0.07829979901375644
10467	0.07689504099786758
10493	0.07689504099786758
11114	0.08606325528348745
11122	0.12430129264570125
11179	0.08408314584804265
11221	0.07980151128655384
11237	0.05209389255699287
11334	0.15233092339179363
11412	0.05924417603416436
11841	0.02650613459167594
12400	0.0894185289917348
12713	0.15233092339179363
12774	0.06947436653190484
12854	0.214138787910876
12904	0.0805930965098832
12907	0.14092781883398187
12910	0.06762080509645489
12913	0.14300118160770225
12958	0.03812317590998264
