172
t_index	tf-idf
22	0.050562775626000894
48	0.1036208011823671
102	0.06002507271299815
105	0.041588253791795635
108	0.060825598692402054
167	0.04630331920498052
189	0.18521327681992208
268	0.10964446409404255
475	0.054822232047021274
478	0.018589184176216265
493	0.028111546757126536
707	0.05656614227138168
708	0.039499426580195826
742	0.01887669076216044
835	0.06454659126629833
916	0.08911881796124022
1334	0.054822232047021274
1387	0.03485537388799822
1616	0.03269508449161688
1624	0.09952449929319399
1636	0.02894722380191423
1646	0.06198538967257268
1669	0.028569977306982935
1681	0.03588706342933181
1738	0.04661503859099511
1873	0.057854443503577595
1917	0.02547238135022956
1962	0.054822232047021274
1976	0.04793200609341078
1988	0.0523066858503613
1998	0.08019145384503375
2008	0.03166581638162883
2017	0.09727438577985772
2019	0.04455940898062011
2063	0.020675135574668563
2112	0.24201340766654608
2212	0.04976224964659699
2214	0.03635221552459395
2216	0.06352507425985024
2243	0.06256950891676247
2251	0.03485537388799822
2275	0.034713687410182624
2373	0.04693346213104928
2386	0.04620784984062871
2397	0.02757953297498941
2461	0.03911483030901859
2480	0.04455940898062011
2498	0.02901752816704477
2503	0.04793200609341078
2508	0.042513937946248
2650	0.06952844090523101
2818	0.027320527117659747
2821	0.035584887146414855
2849	0.0291395138285616
2906	0.03732879737077526
2919	0.0656438430872017
3041	0.03178103971755898
3294	0.0456989036944961
3533	0.07707571561571894
3536	0.11621991511808259
3553	0.0523066858503613
3588	0.034160122976391705
3937	0.04114624711932317
3985	0.11853123567765972
4247	0.024033762847817778
4276	0.0325323794235639
4287	0.02585498982198871
4310	0.04167990996577603
4372	0.1036208011823671
4405	0.04204386278396015
4474	0.06682896533778283
4506	0.077091788404184
4558	0.27811376362092405
4564	0.29857349787958193
4838	0.04976224964659699
4878	0.0518510768581968
5117	0.018541804539166675
5199	0.06952844090523101
5232	0.03034884887921317
5315	0.039038923026506876
5720	0.06454659126629833
5879	0.3178399247824048
6057	0.05656614227138168
6127	0.17470922294117033
6136	0.09335797811596597
6161	0.040717054055563404
6184	0.013805252946121466
6430	0.026815723998762565
6432	0.03833978183262597
6557	0.05770401448523485
6575	0.05428376819989718
6796	0.0331114636636378
6799	0.0616718932521255
6849	0.034201116549867135
6854	0.10964446409404255
7015	0.035584887146414855
7039	0.027492693289434256
7183	0.060415869333789216
7227	0.05097987712196457
7406	0.06454659126629833
7516	0.04350137870303223
7589	0.05300775997296187
7640	0.03819489945712295
8015	0.026247748234466045
8029	0.1036208011823671
8043	0.03336674798671552
8072	0.21304900477379632
8088	0.09335797811596597
8151	0.05596172676089726
8178	0.06256950891676247
8360	0.077091788404184
8361	0.033758122067094845
8399	0.036356125908002634
8623	0.06950531917099931
8707	0.0456989036944961
8721	0.07230465913102616
8783	0.03178103971755898
8794	0.05138175409387607
8808	0.04828040155451639
8809	0.1170864492418351
8833	0.0490027947724287
8856	0.07087216125618986
8892	0.05926561783882986
8930	0.03155148281006561
9045	0.04848168975999682
9241	0.03155148281006561
9337	0.0582790276571232
9475	0.05097987712196457
9486	0.027150339911229646
9499	0.02983290385611571
9618	0.04350137870303223
9630	0.1036208011823671
9659	0.03683245623753409
9781	0.02547238135022956
9782	0.049377653375419744
9787	0.024033762847817778
10103	0.018494576033592447
10217	0.0518510768581968
10350	0.05926561783882986
10419	0.05596172676089726
10480	0.07674873964705539
10586	0.17562967386275263
10714	0.03651057130086721
10749	0.033890913306467214
10775	0.0830951550495648
10815	0.04483616701876489
10848	0.04793200609341078
10859	0.04599802748303188
11017	0.07711208467047863
11050	0.027065974304374102
11186	0.050198822807816776
11210	0.04135027114933713
11229	0.04511819695439937
11318	0.038374369823527696
11460	0.0830951550495648
11659	0.012272779994457807
11910	0.09335797811596597
11927	0.06256950891676247
12112	0.0656438430872017
12149	0.05719628519745044
12191	0.0616718932521255
12251	0.07979126397163218
12268	0.1036208011823671
12425	0.06090846197832449
12469	0.06914668790472744
12521	0.060825598692402054
12532	0.026569633171132923
12535	0.04181430587646678
12550	0.09335797811596597
12749	0.05568630090815828
12869	0.04445809420171558
12880	0.04299942812704791
