71
t_index	tf-idf
268	0.12229075695371207
493	0.06270781403281926
835	0.1439826729048032
916	0.09939770144667336
1428	0.07141340389363458
1438	0.2082516049634263
1447	0.08216135654398722
1616	0.03646610582834383
1646	0.06913472819410302
2112	0.07712200405720855
2175	0.18535854945638758
2760	0.09703757638983161
2899	0.08989622493818022
2924	0.05963325168560991
3184	0.17798863171085594
3384	0.11100356460828535
3533	0.2578966758589169
3810	0.13220252069677854
3923	0.07443047676131416
3927	0.10541936269968732
4179	0.14170399720527163
4368	0.23114466047046497
4389	0.07500992491595641
4415	0.13568233595225765
4458	0.11188435540979182
4467	0.1464302886026103
4564	0.33301069382485604
4708	0.11386479053113446
5078	0.08520052890907934
5232	0.06769851506464611
5601	0.18535854945638758
5879	0.10128551225717848
5880	0.12618085944376456
6184	0.030795076553443393
6430	0.05981725047710231
6432	0.042761857431585185
6467	0.15194770040219657
6659	0.17196697045784198
6752	0.12758650552092318
6807	0.05648537588398923
7589	0.03941441789500191
7627	0.11881094169823293
7674	0.1146770912557241
7677	0.07610049654788381
7898	0.08854796844566262
8015	0.05855027933138884
8072	0.11881094169823293
8112	0.18535854945638758
8399	0.027032938956715807
8475	0.2082516049634263
8551	0.04918224824746934
8794	0.022923231569120354
8893	0.07807023275381596
9298	0.15857539145929636
9495	0.09761198560973976
9628	0.10849392504689669
9781	0.05682068533914143
10167	0.10001505956424728
10213	0.05125146537575419
10796	0.05890733899980705
11186	0.05598870941708337
11210	0.046119573850591095
11634	0.053156028759609036
12149	0.12758650552092318
12391	0.0456356428829785
12469	0.07712200405720855
12509	0.09703757638983161
12514	0.11371969965223289
12532	0.0592683010369485
12626	0.05438510816803985
12869	0.04958585038989343
