184
t_index	tf-idf
22	0.09116356650932218
188	0.03769513448990927
189	0.04174193037946044
268	0.04942163612986175
348	0.028138792738066732
401	0.0420229419598905
404	0.06565754212039204
430	0.05215514123680799
546	0.03709288690574305
557	0.06888921056911924
643	0.027841065367032295
694	0.04801533063597617
704	0.055596529983164555
898	0.05099375191817119
1124	0.044513408647304936
1354	0.04992537731081503
1449	0.06743986000182611
1537	0.034114465623548036
1616	0.01473712861229235
1646	0.02793957177024523
1800	0.027454152564788076
1962	0.0988432722597235
1996	0.06481355961116242
1998	0.036145854561837366
2008	0.05709276680400712
2019	0.16067925836460398
2078	0.019608636519962905
2094	0.05726715217468692
2112	0.031167487364263852
2185	0.05342729929948627
2273	0.05342729929948627
2307	0.044513408647304936
2498	0.026158980853418598
2503	0.043210173604224404
2654	0.04067355577210428
2781	0.025342248628014236
2805	0.04174193037946044
2811	0.035091552235229195
2821	0.03207938237107705
2845	0.027171154888520246
2891	0.07157017563014081
2946	0.05483360479337185
2991	0.09341300673652429
3035	0.09693566706231106
3042	0.023238287302038932
3210	0.04992537731081503
3314	0.030432573846983092
3351	0.056405720581681286
3533	0.12159508472033356
3588	0.03079497322258864
3666	0.03790207750425978
3720	0.05483360479337185
3747	0.09268941688890761
3754	0.0694973949955927
3914	0.11835439769905157
3946	0.02185285367644562
4072	0.07121659279068683
4099	0.029074023527664156
4183	0.036329961715950335
4185	0.04558178325466109
4247	0.06499851454118846
4276	0.04399137060666255
4287	0.023307987497255385
4307	0.032629875113148396
4310	0.0375739780621702
4330	0.04260336197246607
4366	0.09268941688890761
4422	0.08666468605491795
4564	0.4486011793405417
4605	0.05156181879978348
4708	0.04601643154243179
4838	0.31402082553837923
4949	0.026356474856632665
5110	0.0254238853170791
5158	0.040419308902974606
5176	0.0640854263320826
5315	0.017596578766282966
5876	0.0694973949955927
5879	0.0409327397809437
6013	0.029849618445084096
6184	0.012445282913667652
6401	0.04846783353115553
6432	0.10368866842589337
6464	0.04558178325466109
6670	0.02653326627635965
6751	0.0694973949955927
6796	0.05969923689016819
7020	0.03689802859756263
7039	0.04956871813664645
7183	0.018154746102048685
7202	0.02803881056979585
7226	0.024784359068323224
7394	0.08293862117655565
7434	0.05277606979960526
7516	0.07843202398488955
7589	0.03185727307607393
7616	0.024174078736687497
7717	0.022963070189706416
7892	0.037290632108506604
7913	0.010570380450242653
7996	0.015300400251513177
8015	0.07098616459246217
8043	0.03007975444016696
8047	0.04230999726107273
8072	0.43213797572378554
8076	0.0409327397809437
8122	0.09341300673652429
8169	0.07193094237690777
8171	0.07490936365910279
8288	0.03876350909726542
8399	0.021849763725728895
8617	0.0219156658255531
8623	0.02088609228346607
8656	0.06554224084235949
8721	0.06518185087762073
8794	0.027792049973779414
8797	0.04284251067696144
8824	0.029849618445084096
8833	0.08835095552155102
8841	0.039216011992444774
8957	0.025755518700753755
8959	0.04942163612986175
8968	0.028860458058673655
8999	0.03749135103458714
9051	0.07121659279068683
9125	0.028860458058673655
9234	0.055596529983164555
9364	0.03854288329642392
9383	0.04942163612986175
9384	0.06565754212039204
9391	0.01604979522519232
9420	0.0640854263320826
9441	0.013408264611542871
9443	0.03670597410349883
9449	0.029511687558554666
9468	0.0641587647421541
9485	0.0411970564785805
9499	0.026894033023126613
9528	0.020540877600273982
9549	0.05726715217468692
9628	0.08769178341087148
9659	0.03320405211482761
9761	0.03832584506637491
9787	0.021666171513729487
9939	0.04846783353115553
9946	0.05726715217468692
9986	0.03320405211482761
9989	0.03492365622206475
10103	0.03334531167298326
10121	0.046743172573297895
10213	0.02071236891502327
10349	0.04230999726107273
10352	0.040419308902974606
10556	0.028860458058673655
10636	0.09116356650932218
10654	0.03235179094956373
11050	0.024399676620675735
11186	0.04525368381257151
11210	0.055915218469968254
11234	0.03854288329642392
11272	0.05277606979960526
11279	0.044513408647304936
11281	0.07193094237690777
11296	0.04846783353115553
11412	0.036329961715950335
11438	0.02486264408483728
11590	0.026009765569883436
11634	0.12889238615769913
11644	0.03235179094956373
11703	0.03526158710859419
12135	0.06024557345688194
12148	0.02860604691090776
12149	0.10312363759956696
12156	0.04486011793405417
12239	0.04846783353115553
12257	0.04290331969809724
12275	0.03305817572236198
12469	0.031167487364263852
12470	0.09430779808594106
12532	0.023952230576116854
12675	0.04864810573134093
12736	0.05156181879978348
12798	0.034114465623548036
13002	0.02854638340200356
