102
t_index	tf-idf
6	0.22868498095694176
66	0.16120394921913372
114	0.09169959979806627
202	0.25318766428195366
342	0.062425694278397684
348	0.10345517765060491
401	0.0772508431035166
413	0.11450135774816977
478	0.061612311975932255
742	0.031282614376360374
1040	0.03243170629706241
1410	0.11522313060231379
1428	0.05305422736737943
1553	0.09947406705193093
1616	0.027091287690213586
1684	0.14476481386816695
1996	0.039715624299390635
2083	0.08668308992179542
2160	0.06520069001818951
2171	0.08668308992179542
2248	0.08120785319547028
2275	0.11505564301673961
2418	0.06513804212329906
2449	0.10527429973499829
2492	0.13223076930573555
2498	0.02404404869587813
2709	0.048130403419877295
2788	0.059220688282225493
3294	0.07573261646914516
3432	0.0443025527574175
3580	0.11522313060231379
3780	0.05228738883237826
3993	0.16461780758248237
4060	0.07622832698564726
4092	0.13223076930573555
4445	0.16241570639094055
4487	0.061861604239662256
4566	0.11522313060231379
4682	0.06611314405054079
4708	0.028197360516873982
4815	0.07085344555674115
5041	0.10220319222125668
5213	0.055509958777771914
5246	0.06098716120295767
5279	0.03893661169516694
5315	0.0646956391930033
5623	0.05972662035105815
5675	0.09347354012415719
5778	0.054251383624733016
5802	0.23484414369181203
6009	0.1027227211870475
6430	0.04443924857622626
6442	0.042338557965062744
6501	0.12048640880018968
6646	0.03949051413316865
6807	0.041963942505031236
7196	0.2555143503294904
7409	0.07831783016426101
7439	0.08080723608817912
7498	0.07477026426212516
7589	0.029281638663644905
7604	0.038288023201152314
7619	0.05529566190457408
7677	0.05653634789115238
7913	0.07772619084932834
7917	0.11074953646132342
7996	0.028126750868104386
8794	0.017030057011070503
8871	0.09374189775790168
8920	0.08592805077919026
9441	0.024648434818898893
9847	0.07339400621675889
9856	0.03663786633540784
9873	0.08246642834850919
10094	0.04765700926327157
10103	0.030649370559849815
10164	0.05305422736737943
10276	0.1636581441964628
10329	0.04259151727779671
10714	0.06050563295528185
10724	0.12069836732863894
10922	0.04910550534711902
11244	0.10024193521907632
11353	0.047813794691387884
11384	0.15471364473548246
11441	0.05683659731984888
11466	0.10080070559400792
11493	0.04135201961905669
11519	0.05487260252749413
11594	0.0577626255587034
11721	0.0577626255587034
11883	0.06967545121837367
12148	0.026293271468660985
12391	0.06780698416718048
12485	0.04797158839285046
12582	0.06678542818716439
12676	0.026227926993251334
12869	0.03683816814989764
12873	0.07477026426212516
12963	0.0744874898426225
12964	0.3686746876046634
12971	0.06855143014486624
