30
t_index	tf-idf
114	0.13642723221142394
131	0.24538093066325609
323	0.18746718360260167
643	0.15228819818221842
660	0.13182335944551227
708	0.19477427414852064
742	0.09308220548622599
1279	0.1063934973138143
1720	0.1310166112106181
2160	0.1940062922203547
2709	0.14321322531947583
3384	0.24538093066325609
5095	0.3505416900248619
5744	0.1732918583489576
5802	0.0998263790385437
6184	0.06807461157842974
7183	0.09930487701848152
7604	0.11392697555240903
7898	0.19574130778783605
8009	0.13996780336150222
8854	0.260245684764007
9543	0.22389851486369305
9856	0.10901689231531851
10329	0.12673213036241363
10749	0.16711832578367686
11553	0.32369411398087455
11714	0.2398332016927856
12148	0.07823629023795727
12291	0.11173807582039297
12963	0.2216393985575461
