241
t_index	tf-idf
6	0.029085763294966597
16	0.06552215954775262
65	0.020393228682252407
81	0.019879090785067024
86	0.0280042967818498
148	0.026297347339195826
150	0.037018421593756415
156	0.04874716661137033
157	0.024151640091409007
160	0.04150832951501227
170	0.04874716661137033
263	0.13104431909550524
336	0.1829144358339951
343	0.0439646629452452
413	0.06553389376581654
478	0.03526329108321539
499	0.02927880728503305
551	0.03846162678376714
631	0.03432505520380142
698	0.05254325333019443
704	0.11699028331674473
710	0.020937249859805884
742	0.03580868502478828
745	0.026017854888023384
746	0.026585440895078055
801	0.027347023323233688
979	0.024976526922209707
1019	0.03709774281907632
1021	0.046053800221415336
1040	0.012374677103773319
1097	0.031715656209132116
1166	0.037955433139767895
1248	0.0268826817910315
1279	0.013643177784250067
1367	0.05254325333019443
1616	0.08269584940640336
1619	0.1009082321080486
1636	0.2928654624973165
1646	0.019597496571214724
1829	0.0280042967818498
1996	0.030307873546835163
2037	0.027835602095022324
2063	0.27454207884017795
2078	0.02750795109719006
2160	0.08707316151817382
2214	0.02298646254746438
2218	0.024614069974432915
2290	0.05903270643897353
2293	0.026017854888023384
2317	0.030528968484977322
2323	0.026297347339195826
2363	0.0219503781000281
2369	0.037475209836466114
2381	0.060186868116039856
2393	0.029475915656243475
2483	0.12123467546517062
2580	0.0314659800309888
2591	0.020622521003403615
2709	0.018364689040406012
2717	0.03846162678376714
2823	0.02927880728503305
2911	0.02288738964603958
2919	0.08301665903002454
2972	0.014732140135892274
3041	0.02009598778629896
3042	0.01629990106747486
3083	0.0251005327326928
3164	0.035018876406233176
3224	0.05523661972014943
3272	0.03119127338811442
3403	0.025468362751720888
3489	0.04874716661137033
3496	0.016647612715403805
3533	0.012184250841060177
3581	0.02101761345897405
3666	0.026585440895078055
3717	0.029475915656243475
3727	0.02522620310035302
3794	0.03098575672768702
3804	0.07233343269852718
3856	0.04730396142135961
3858	0.014940663272749826
3873	0.03250730799680248
3888	0.037018421593756415
3927	0.05976607279763583
3941	0.03367912311764202
3946	0.03065624831454897
3977	0.046053800221415336
4008	0.01939172341288131
4076	0.06197151345537404
4083	0.03202361502318527
4086	0.03098575672768702
4276	0.010285539827603194
4310	0.013177651975046981
4469	0.037475209836466114
4595	0.020937249859805884
4706	0.027034917695152896
4937	0.08990215978509246
5009	0.04081450831258051
5016	0.03956434711263624
5078	0.048303280182818015
5187	0.054694046646467376
5213	0.02118044020338561
5232	0.019190375828640284
5323	0.04081450831258051
5478	0.11806541287794706
5487	0.022789354176253954
5630	0.024614069974432915
5675	0.017832932781705297
5687	0.046053800221415336
5732	0.04016857622642111
5747	0.029085763294966597
5778	0.02070021690008383
5802	0.02560211048920841
5845	0.03616671634926359
5852	0.05096544113241789
5865	0.05903270643897353
5967	0.0439646629452452
5976	0.08451542700518247
6009	0.019597496571214724
6157	0.05903270643897353
6184	0.017458849493759317
6224	0.06552215954775262
6315	0.06614978800771429
6428	0.4418543384906322
6432	0.03636487954540383
6493	0.042257713502591235
6557	0.01824388346985089
6686	0.031972173674988044
6752	0.03616671634926359
6849	0.010813133027932091
6986	0.03367912311764202
7019	0.02522620310035302
7064	0.05501413313550629
7135	0.020318029066567676
7137	0.07077214512059198
7180	0.0314659800309888
7285	0.05903270643897353
7286	0.033074894003857144
7343	0.08605937469228284
7439	0.046249345243215105
7511	0.09460792284271922
7516	0.08252119970325943
7589	0.02234546774770164
7643	0.0314659800309888
7677	0.03235810552355873
7775	0.13104431909550524
7792	0.026156558192605168
7815	0.025746464818852198
7897	0.021346148986243228
8007	0.03956434711263624
8009	0.017948518222870587
8012	0.0251005327326928
8043	0.06329601856660586
8201	0.03432505520380142
8221	0.059354526480969005
8312	0.019257011710073105
8318	0.06552215954775262
8351	0.029677263240484503
8399	0.022988935185802178
8486	0.027034917695152896
8623	0.05860005661893622
8630	0.026585440895078055
8633	0.05254325333019443
8674	0.03538607256029599
8678	0.025881176521660405
8721	0.01143003469759685
8728	0.031222789687409075
8794	0.006498007062611348
8808	0.030528968484977322
9000	0.06552215954775262
9045	0.015328124157274485
9051	0.024976526922209707
9068	0.09028030217405979
9076	0.04462801668420064
9125	0.020243428657374125
9211	0.0219503781000281
9309	0.027347023323233688
9374	0.018425681450375188
9394	0.031222789687409075
9441	0.018809767158313524
9449	0.16560173520067065
9486	0.017167874433902983
9496	0.05254325333019443
9528	0.02881574432503033
9584	0.037955433139767895
9683	0.029475915656243475
9787	0.030394361477211505
9856	0.0698979204977792
9949	0.1311834922980839
10001	0.028176086956163943
10068	0.0251005327326928
10158	0.0614071116250048
10164	0.020243428657374125
10207	0.031556643100278454
10422	0.03250730799680248
10518	0.0439646629452452
10581	0.05523661972014943
10673	0.05903270643897353
10796	0.03339671404585263
10799	0.04016857622642111
10815	0.028351088347048106
10894	0.018006850510128833
10904	0.04407994037734998
11008	0.026297347339195826
11055	0.03367912311764202
11084	0.04016857622642111
11210	0.03922029697716828
11230	0.05254325333019443
11307	0.046053800221415336
11330	0.08033715245284222
11417	0.05254325333019443
11437	0.25482720566208944
11438	0.01743926450307417
11485	0.03432505520380142
11492	0.08888707267679713
11493	0.031556643100278454
11530	0.024976526922209707
11597	0.03956434711263624
11659	0.007760401769873299
11699	0.025736820448905386
11758	0.05903270643897353
11760	0.029883036398817914
11782	0.0585576145700661
11976	0.05903270643897353
12261	0.03098575672768702
12275	0.02318781013170541
12291	0.02865706029365944
12409	0.03075457703593813
12433	0.0280042967818498
12437	0.027034917695152896
12469	0.06558490571480703
12535	0.1322014301064198
12631	0.02250126062037173
12669	0.03846162678376714
12785	0.01905851024283777
12837	0.05254325333019443
12862	0.03838075165728057
12963	0.014210763791304733
12982	0.09357433316015527
12984	0.11047323944029885
