181
t_index	tf-idf
22	0.1938334963140427
70	0.04969305675292171
76	0.030794861277011934
268	0.05254055370701152
333	0.03862268541039296
392	0.0837189491224807
473	0.06404757178624526
498	0.04051748242047964
557	0.024412231505446927
611	0.07963676949397987
660	0.025620612227442895
683	0.09930814683021529
738	0.06663469631102978
742	0.018091050797590193
778	0.04135635064474943
916	0.042704865038893806
979	0.03785547698701732
998	0.03730612195907115
1258	0.10001425147792453
1266	0.09930814683021529
1305	0.07963676949397987
1447	0.035299504833175774
1616	0.01566716438336272
1738	0.04467494020571656
1862	0.024631103185587033
1962	0.05254055370701152
1996	0.045935890652492074
2008	0.030347898364450725
2088	0.04561087712442087
2112	0.09940324756581194
2244	0.05544656579253859
2287	0.029390913383644617
2302	0.03173337841197306
2450	0.1887353214823267
2482	0.1362595028294922
2498	0.027809830796339738
2509	0.024853403804067257
2581	0.037486887451589936
2781	0.02694155595330643
2906	0.035775188456303154
3127	0.12809514357249052
3245	0.05012970348962671
3275	0.04467494020571656
3295	0.09930814683021529
3314	0.03235312316347796
3329	0.06088118727141291
3352	0.10842376623625512
3359	0.11089313158507717
3397	0.12809514357249052
3472	0.044980111091379206
3533	0.05540089245646729
3591	0.0764703849791475
3723	0.03626737303010931
3815	0.03882114877511353
4021	0.04769116565513504
4060	0.13225082652504708
4072	0.11356643096105196
4074	0.03499101661277792
4185	0.048458374078510676
4247	0.09213395081063348
4276	0.10912438395414213
4293	0.0681297514147461
4332	0.021897689743855343
4380	0.039433757544941654
4422	0.02303348770265837
4449	0.04696331897479435
4564	0.3338381595859453
4656	0.07963676949397987
4708	0.04892045229962158
4717	0.0837189491224807
4718	0.06088118727141291
4752	0.07169587783594883
4808	0.0837189491224807
4824	0.08947245816209758
4838	0.1430734969654051
4949	0.02801978831889961
4965	0.054815799759496915
5037	0.07388326045436298
5246	0.017634744622835718
5286	0.07388326045436298
5315	0.018707069699194417
5623	0.03454050578189212
5721	0.053076085159324514
5761	0.05544656579253859
5802	0.019401818905043326
5810	0.02949411310590446
5879	0.1305478115203275
5880	0.10842376623625512
6013	0.03173337841197306
6077	0.05544656579253859
6184	0.03969205229909922
6185	0.05610668012821423
6396	0.043515937173442494
6401	0.05152655820650781
6432	0.03674409616821941
6449	0.03161261258290787
6454	0.021245846990614575
6796	0.03173337841197306
6942	0.0764703849791475
7180	0.09538233131027007
7183	0.03860092410155969
7226	0.05269691781556715
7409	0.04529198956367832
7424	0.0652822544606563
7516	0.04169086953839009
7558	0.08947245816209758
7630	0.07388326045436298
7641	0.042704865038893806
7674	0.04926944621305937
7800	0.04144830125102559
7875	0.08947245816209758
7897	0.03235312316347796
7913	0.0224749192960833
7996	0.03253196632507558
8015	0.1006213117786408
8072	0.30627299161977123
8263	0.19990408893308936
8287	0.0652822544606563
8399	0.011614333057495868
8513	0.05421188311812756
8560	0.05152655820650781
8576	0.039433757544941654
8617	0.09319490874861172
8623	0.022204178964564714
8721	0.051971527122643656
8794	0.009848653401102945
8797	0.02277311527335309
8930	0.06047664661651348
9125	0.03068179375236192
9143	0.047322576119707645
9345	0.07963676949397987
9368	0.03804342542034513
9412	0.059105134881177086
9441	0.014254437977113584
9449	0.03137412126705977
9468	0.03410385904518712
9628	0.04661293328954186
9659	0.035299504833175774
9760	0.053076085159324514
9782	0.047322576119707645
9784	0.050580214320512504
9949	0.049706807608134514
10099	0.08947245816209758
10103	0.08862419762003922
10110	0.029914585328986287
10213	0.022019492202154666
10249	0.059105134881177086
10372	0.03785547698701732
10481	0.02830265282027348
10550	0.0510454986032952
10654	0.06878691775550157
10700	0.04297010452338836
10719	0.03964398211983841
10740	0.05829406274662839
10796	0.02530873375514378
10806	0.04969305675292171
10952	0.08947245816209758
11050	0.051878999576370884
11186	0.024054784412103826
11210	0.11888787054079537
11215	0.04467494020571656
11225	0.0837189491224807
11234	0.04097526080556538
11279	0.047322576119707645
11370	0.0652822544606563
11402	0.07388326045436298
11590	0.027651198783472216
11776	0.04467494020571656
11894	0.053076085159324514
11946	0.05610668012821423
12100	0.06980108082586214
12112	0.06291177382744223
12191	0.11821026976235417
12257	0.04561087712442087
12425	0.05837347729729121
12469	0.09940324756581194
12532	0.050927632330116115
12675	0.025859103543291
12676	0.015167874201363419
12749	0.026684330191996123
12980	0.0764703849791475
