175
t_index	tf-idf
65	0.030361694992298495
67	0.14772695279805975
323	0.03579033241803407
348	0.029385043379075947
376	0.07939392590750033
478	0.017500143552141915
493	0.02646464196916678
554	0.024195088369874374
610	0.0725753938944068
645	0.05805886771649857
736	0.06179812230867552
744	0.03178041470914827
761	0.09762680059004984
778	0.020312134437623156
801	0.04071459179045447
849	0.04648488143139355
926	0.0952011474480819
1190	0.032158864540732995
1258	0.12280477423820829
1428	0.030138670833835975
1537	0.035625375314905124
1720	0.025013060832302782
1721	0.05579356307701144
1737	0.05890389689243713
1810	0.04247496372250776
1976	0.04512392687195198
2178	0.05579356307701144
2235	0.04968485357846625
2237	0.23423473134640466
2270	0.06545514237009532
2373	0.04418388224606632
2498	0.013658773393114214
2576	0.11754017351630379
2670	0.06331302845275154
2709	0.027341579695934145
2731	0.08788863477168878
2798	0.03936462990708208
2849	0.027432385961934633
2874	0.04839728842341469
2940	0.04418388224606632
2986	0.033221375874044584
3042	0.0485349948579748
3107	0.07437073395239409
3205	0.1557688494089835
3410	0.05161049143292675
3433	0.024560954847641658
3472	0.04418388224606632
3496	0.024785174897532417
3508	0.11960696157179447
3600	0.04388411343380942
3666	0.03958073830626937
3845	0.05511349100420183
3855	0.04512392687195198
3858	0.04448769425752002
3923	0.031411969137556756
3946	0.022820703759982006
3956	0.05890389689243713
4186	0.11440183391179193
4210	0.04721866729912586
4235	0.04449023990861527
4276	0.01531324087728197
4287	0.04868056921001122
4301	0.0704267318814838
4332	0.08604024504411084
4804	0.09755021406477266
4809	0.032813384429423886
4956	0.04721866729912586
5091	0.04144199400223215
5112	0.05213654301559164
5117	0.017455539633973356
5310	0.019412550544163045
5417	0.03700315898901803
5485	0.04968485357846625
5495	0.05213654301559164
5515	0.06692373231020872
5524	0.030361694992298495
5600	0.018375920928229462
5682	0.0782270554786049
5712	0.06072338998459699
5895	0.06856547618552102
6184	0.012996477200966168
6204	0.06692373231020872
6292	0.25015889262428065
6589	0.09755021406477266
6660	0.0725753938944068
6685	0.043303249698194934
6845	0.06291381460132292
6849	0.01609872826027479
6984	0.0929697628627871
7097	0.04924231759935325
7226	0.05176408761560175
7417	0.09755021406477266
7434	0.05511349100420183
7502	0.0751167216631792
7604	0.04350077968894575
7616	0.025244734517901865
7717	0.02398009111202717
7741	0.22317425230804577
7800	0.04071459179045447
7808	0.04512392687195198
7815	0.03833166018680646
7843	0.04359065601515516
7913	0.022077072812261463
8055	0.11611773543299714
8399	0.011408738478579374
8435	0.040480322199729475
8598	0.05579356307701144
8721	0.01701717921409072
8821	0.06076515258839991
8824	0.03117164055411159
8968	0.030138670833835975
9045	0.022820703759982006
9117	0.035301204598771105
9266	0.1188122024559928
9267	0.04359065601515516
9391	0.10056378750312336
9433	0.1644739463749814
9434	0.09755021406477266
9461	0.06306741078399793
9526	0.10536645852317152
9546	0.05726215301712484
9621	0.06179812230867552
9760	0.05213654301559164
9806	0.029919159013185488
9807	0.16350816706123686
9856	0.08325192153987476
9923	0.0952011474480819
9949	0.04882690773537497
9954	0.038942212352245875
10050	0.06785815344414256
10063	0.02837454941620976
10191	0.13713095237104203
10195	0.1951004281295453
10204	0.049270589648065605
10207	0.023490963292764216
10213	0.021629707596801436
10236	0.1564541109572098
10284	0.04881340029502492
10329	0.024195088369874374
10376	0.06179812230867552
10426	0.04578780055533454
10437	0.09755021406477266
10467	0.0984846351987065
10478	0.036470404490843676
10514	0.05726215301712484
10624	0.09755021406477266
10744	0.0616374858132912
10796	0.02486072365989856
10936	0.051103573295316035
10963	0.06179812230867552
11091	0.03793899443095707
11122	0.27860175088843897
11186	0.02362897147496391
11191	0.05268322926158576
11530	0.037185366976197044
11538	0.05061444547605308
11556	0.059803480785897235
11659	0.02310756724457647
11729	0.17577726954337755
11739	0.03958073830626937
11767	0.031905426421843894
11779	0.08898047981723053
11812	0.03853222066186823
11899	0.06412664117230689
11952	0.0751167216631792
12033	0.05161049143292675
12048	0.06076515258839991
12076	0.06412664117230689
12316	0.06856547618552102
12391	0.019259656369120002
12568	0.03350015941774295
12675	0.05080270182634501
12677	0.03936462990708208
12792	0.05325223530823905
12975	0.06545514237009532
