70
t_index	tf-idf
22	0.24087176626223353
33	0.32908696293259754
53	0.08619929690565432
319	0.14824674743462213
742	0.029975027997536326
916	0.0707576104613207
1258	0.04142835623183873
1616	0.02595889516245554
1635	0.07304204847171651
1996	0.038055545357918906
2019	0.1415152209226414
2033	0.12241703511018831
2112	0.054900351232005186
2891	0.06303407993575091
2948	0.0615167007365351
3042	0.04093336495180501
3126	0.07964640551622096
3314	0.053605828842300994
3319	0.10087392453880793
3403	0.031978899225388074
3433	0.04142835623183873
3533	0.06119575625359514
3747	0.16326890529280788
3815	0.06432268829766132
3937	0.06533771861472727
4072	0.06272266853051377
4179	0.10087392453880793
4307	0.05747629199081005
4332	0.03628224089895658
4757	0.0918693104449174
4838	0.07901940256219042
5487	0.057230098983481664
5704	0.08457719050713128
5765	0.037947447616369465
5879	0.07210147435364678
5976	0.10612030107851164
6184	0.021921895568823783
6432	0.06088122374479518
6796	0.05257897493063324
6946	0.07901940256219042
6949	0.12241703511018831
7183	0.031978899225388074
7565	0.27742753828372996
7677	0.027086588584430783
8015	0.04167981549909957
8072	0.3383087620285251
8113	0.04311307576289359
8342	0.32908696293259754
8399	0.03848753314180336
8617	0.11581085160098557
8761	0.16454348146629877
9125	0.050836606288463364
9197	0.38011091058972524
9333	0.08305981130791547
9441	0.02361815144038178
9449	0.05198372244377796
9659	0.05848768308220973
10020	0.07964640551622096
10100	0.09531613659386708
11050	0.04297910834988742
11073	0.08982356704683499
11142	0.08794166554782418
11186	0.03985632699254587
11210	0.09849254440495274
11634	0.11351953380917108
11752	0.07964640551622096
12509	0.06907752322608816
12676	0.025131622200162067
12768	0.06568603931697968
12845	0.09935654533959214
