101
t_index	tf-idf
105	0.07498294866478195
114	0.1496488379236693
176	0.18682662788774757
178	0.08462027281191621
208	0.04446862303416045
413	0.09343004312684727
446	0.0897205309310425
503	0.13899524710334266
554	0.09267610153245281
583	0.07708602010480367
742	0.06806873601696017
778	0.038901478777524486
804	0.09985108300080063
849	0.08902711007709842
1020	0.09515564614750976
1040	0.035284539008711376
1252	0.11939886644608973
1279	0.15560591511009794
1597	0.14386235787238705
1720	0.09580923739126428
2008	0.11418590912997156
2160	0.1418720476356859
2209	0.06918836787248282
2386	0.04165600279655571
2498	0.026159066882457317
2709	0.15709248364100106
2757	0.2193351404985782
2972	0.08401298376475448
2977	0.09515564614750976
3080	0.07379629988821401
3725	0.12535865394203569
3814	0.13488016358257907
3866	0.07192874124082574
3998	0.06183618946488417
4072	0.07121682700069115
4191	0.09348665259513331
4276	0.029327676854053564
4556	0.37365325577549513
4858	0.06582796929345622
4861	0.08293369927741057
4980	0.06415897574107975
5112	0.09985108300080063
5246	0.03317592742092702
5600	0.03519327327230094
5802	0.03650029243940265
5841	0.14916301898482448
6014	0.09515564614750976
6035	0.10822423486139385
6184	0.024890647684937605
6442	0.046062840061737914
6585	0.051343838220630295
6606	0.06389067999632383
6752	0.10312397674226756
6849	0.0308320298728535
7180	0.0897205309310425
7183	0.03630961161512214
7430	0.0897205309310425
7589	0.03185737784508593
7604	0.04165600279655571
7677	0.030754764400973456
7808	0.08642063141903934
7913	0.021140830426104373
8145	0.11835478693115198
8331	0.10685495001168435
8399	0.02184983558304551
8565	0.05668225105037544
8647	0.10198783924263996
8721	0.032591032620584846
8791	0.09116386631893773
8968	0.05772110594412058
9045	0.043705851087848316
9322	0.05858231617445233
9381	0.07580440430563946
9426	0.08520700416427993
9441	0.026816617414603745
9486	0.048951623551858045
9856	0.039860691018429255
10050	0.06498043138193724
10103	0.033345421335707705
10204	0.04718112720837787
10329	0.18535220306490563
10568	0.09985108300080063
10719	0.07458150949241224
10725	0.09693598585463334
11040	0.1096675702492891
11052	0.09884359732558688
11167	0.05709295456498578
11197	0.15749895103369402
11493	0.04498952154946484
11644	0.06470379468979326
11648	0.10431062551883552
11810	0.0808388836599066
11905	0.14981922002704487
12291	0.04085565842757616
12509	0.07843228192428199
12528	0.09787275572187637
12636	0.06062805561520605
12676	0.028535048530420215
12869	0.04007861224410098
12963	0.08103973059385616
12964	0.22920280150115244
