49
t_index	tf-idf
645	0.16015403641559023
745	0.1068515528228225
763	0.13583378794956788
926	0.13130507564887794
1258	0.1355016455463212
1334	0.1423663403967249
1681	0.09319412393929902
1720	0.06899794661795697
1810	0.23433239931519736
2545	0.0982717693249302
2849	0.07567159872574869
3042	0.06694132730826327
3205	0.10742118715816668
3403	0.05229743419641028
4301	0.19427050209546165
4547	0.0969381229959774
4598	0.18460755924164565
5495	0.14381744145398254
5726	0.10465383385249408
6184	0.03585048012099695
6292	0.11500958129446896
7064	0.11296752899172091
7183	0.10459486839282056
7226	0.07139501594734902
7405	0.10108641198042967
7640	0.09918727958517883
7843	0.12024381090103099
8204	0.2766305383990451
8399	0.03147073977874226
8553	0.08344319565950711
9002	0.10519159946295276
9266	0.08193517436332252
9391	0.04623381152990274
9526	0.14532546275016714
9806	0.08253130435680017
9807	0.15034449213190754
9856	0.11482424475680991
10050	0.09359256910464712
10192	0.26908999693148716
10207	0.12959855190415842
10235	0.26908999693148716
10467	0.13583378794956788
11122	0.2195761288112402
11186	0.1303599366264918
11767	0.0880103768122036
11850	0.34709258898759743
12504	0.10108641198042967
12676	0.08219916195355345
12897	0.16761926029907775
