58
t_index	tf-idf
22	0.2384200291654669
265	0.2443029890485761
778	0.05086934154519552
1181	0.10378657908588439
1616	0.0770840099415962
1996	0.0565022898383091
2019	0.1050560956872422
2112	0.08151231386545453
2498	0.03420678466640063
2797	0.2443029890485761
3314	0.07959029491716935
3533	0.045429651896916556
3998	0.08085981151852716
4247	0.11332705469962423
4276	0.038350203064206306
4332	0.05386940778210686
4564	0.23464528727295408
4757	0.13640131437307523
5704	0.12557446981243706
5721	0.13056981391051944
5765	0.05634179365131589
5879	0.10705137354841325
6184	0.06509628415965295
6432	0.045196153640504264
6659	0.18175650181565478
6700	0.14751785237371598
6796	0.07806569195082189
6871	0.1397283887079283
6946	0.11732264363647704
6949	0.18175650181565478
7019	0.09405729088143408
7183	0.047480098255035644
7616	0.0632224558355772
7674	0.12120529244390453
7677	0.0402163275952127
7794	0.09649939544082592
8015	0.0618833600619344
8072	0.5022978792497482
8120	0.2443029890485761
8399	0.05714367596855856
8794	0.02422817805780274
8980	0.10916764930950969
9391	0.04197502129646085
9486	0.064011367585594
9528	0.10744109349957949
9782	0.11641589501502818
9787	0.056663527349812115
10103	0.043603988336674414
10568	0.13056981391051944
11186	0.059175968139283025
11210	0.04874501415007005
11467	0.13193892504214064
11776	0.10990257875300748
12469	0.08151231386545453
12509	0.1025616162355373
12532	0.06264225645397282
12537	0.11142055091694578
12676	0.03731372624686238
