182
t_index	tf-idf
65	0.02136309412076144
81	0.020824504745839148
99	0.024079657544967135
155	0.04426741468699698
157	0.02530024884644895
212	0.0260361606441409
478	0.012313450020694703
493	0.018621049892075307
567	0.055395477357061226
568	0.05786357444327582
684	0.11663765394472053
746	0.027849796858197336
886	0.026694633125099534
1256	0.0510654945651364
1538	0.04348239133887098
1571	0.11572714888655164
1616	0.01082858949036084
1636	0.11504760730019943
1644	0.03296244569595877
1646	0.020529518415419397
1710	0.6611520501282938
1813	0.029159413486180133
1814	0.05504211637075501
1862	0.01702414671634368
1948	0.04029079288137837
1958	0.034053297355147914
2044	0.0510654945651364
2081	0.06863827612703384
2189	0.08551114648491794
2259	0.052853623466693464
2291	0.030076675549529305
2402	0.04275557324245897
2545	0.050133449145893925
2591	0.021603291174118865
2781	0.018621049892075307
2784	0.04348239133887098
2788	0.023670950236023516
2818	0.054291238713867894
2893	0.06863827612703384
2900	0.01728157766682772
3042	0.03415019034887862
3055	0.04824403649261559
3182	0.06863827612703384
3198	0.07336862292146312
3244	0.03175009488463638
3272	0.016337337248529628
3336	0.040851377233287335
3403	0.026679592478664586
3532	0.05786357444327582
3533	0.012763711993043087
3717	0.030877737423106556
3946	0.048171306883575564
3949	0.04605554358855405
3960	0.20591482838110153
3961	0.04708887275951779
4099	0.02136309412076144
4235	0.03130422009917742
4423	0.02566130395413579
4470	0.03976052557409819
4528	0.07577348123209134
4688	0.03832270377243694
4706	0.028320649970017434
4716	0.02590960977697354
4783	0.03976052557409819
4787	0.04605554358855405
5064	0.029516091197620352
5110	0.018681035131838927
5117	0.012282065814304667
5279	0.015563253729901298
5334	0.05504211637075501
5365	0.05786357444327582
5446	0.16016779875059722
5560	0.034959253877040276
5600	0.012929664448740883
5618	0.03528084190479603
5748	0.035613333275673384
5765	0.015829538579089773
5856	0.018802117609610224
5938	0.1816253455692821
6009	0.020529518415419397
6208	0.052853623466693464
6315	0.03464787673633675
6363	0.05786357444327582
6398	0.06863827612703384
6430	0.01776269867991139
6591	0.015965442224296012
6679	0.11079095471412245
6834	0.0247265440161581
6880	0.03788674061604567
6890	0.037068970806353095
7020	0.02711203893228765
7027	0.027255217477008497
7047	0.2740051726238382
7129	0.061840196248894426
7198	0.017126309683130465
7236	0.0510654945651364
7280	0.027400517262383826
7301	0.03668431146073156
7341	0.016337337248529628
7362	0.014063929908157335
7435	0.04426741468699698
7562	0.03748277902772465
7616	0.01776269867991139
7662	0.025539469392001742
7897	0.022361333608040712
7911	0.04210343396011583
7912	0.010801608576156693
7913	0.015533868728965207
8103	0.04144595661447617
8113	0.035968695599835294
8288	0.02848276202665661
8351	0.031088660737906258
8402	0.09508616574835037
8403	0.04426741468699698
8433	0.04507610222419313
8520	0.035957493364319554
8551	0.014604640785935331
8553	0.021284318146012726
8556	0.03976052557409819
8565	0.020824504745839148
8585	0.03925746371041463
8630	0.11139918743278934
8685	0.052853623466693464
8858	0.04144595661447617
8922	0.03832270377243694
8957	0.037849427315053086
9021	0.04029079288137837
9076	0.04675044524348409
9201	0.040851377233287335
9241	0.041799317600782385
9262	0.02530024884644895
9326	0.06863827612703384
9374	0.019301973865771285
9391	0.02358622883334221
9406	0.025784671066648432
9443	0.026970920582118595
9449	0.043369364297034384
9499	0.019761274465958975
9516	0.024079657544967135
9628	0.032217209648354145
9689	0.09201376479215444
9699	0.04708887275951779
9787	0.01591993144134151
9989	0.05132260790827158
10158	0.06432752389378835
10167	0.02969941534128457
10416	0.08289191322895234
10524	0.0510654945651364
10681	0.02218774401220075
10769	0.02642591614790659
10878	0.02136309412076144
10904	0.02308815170445273
10913	0.021603291174118865
10915	0.04348239133887098
10953	0.020529518415419397
11165	0.024079657544967135
11186	0.016625815578625802
11201	0.06863827612703384
11210	0.013695181356882297
11234	0.028320649970017434
11308	0.04824403649261559
11438	0.018268644694807545
11644	0.023771541437087592
11659	0.008129472581700882
11699	0.013480408771603515
11719	0.034053297355147914
11937	0.028647598782890398
12074	0.029336130990235982
12231	0.05786357444327582
12275	0.02429058085976684
12528	0.035957493364319554
12532	0.07039875381718444
12535	0.027697738678530613
12568	0.023571380283060304
12677	0.11079095471412245
12716	0.037469334808857564
12774	0.03130422009917742
12790	0.17479626938520137
12827	0.061840196248894426
12910	0.030469030114162937
12958	0.0171777930356184
13035	0.11572714888655164
