285
t_index	tf-idf
22	0.03564642323542358
25	0.061584424776815784
47	0.05011686834394255
53	0.07653939690257495
188	0.38322452712464905
189	0.16321767279888919
208	0.0173878908538887
404	0.05134631354691055
412	0.022405423329872602
413	0.012177510654465781
453	0.039452648166693395
480	0.06581675865542953
746	0.02964064588413209
909	0.04901709213393171
949	0.05907578873236404
960	0.033791748071085065
1020	0.037207268326548755
1061	0.05134631354691055
1112	0.06581675865542953
1204	0.05134631354691055
1206	0.061584424776815784
1386	0.06581675865542953
1423	0.06581675865542953
1447	0.025966638650434404
1500	0.019504971390944915
1542	0.05134631354691055
1546	0.03308778116537566
1624	0.03508205770130308
1669	0.040283291029911746
1690	0.02680214201841425
1806	0.02680214201841425
1808	0.07975751422807464
1849	0.03564642323542358
1962	0.07729862382213866
1998	0.02826722295437103
2021	0.037903407545578055
2078	0.015334585585541021
2112	0.24373979393569614
2128	0.045504921005546956
2139	0.039452648166693395
2185	0.08356373915934445
2224	0.02370646855673658
2265	0.044111090992651064
2275	0.024472920605435416
2286	0.03987875711403732
2312	0.06581675865542953
2400	0.044111090992651064
2441	0.0362430553167175
2461	0.02757569731318425
2498	0.05114291479661168
2587	0.06282817871361969
2641	0.04802222353760603
2681	0.05011686834394255
2740	0.03826969845128748
2782	0.0316092019478291
2794	0.01723769805117593
2806	0.0271817554781961
2839	0.040323003719635146
2891	0.027985091733820175
2899	0.05682240136232818
2900	0.018392849561873693
2947	0.05011686834394255
2966	0.02343296243705908
3035	0.07580681509115611
3080	0.028855447286761923
3107	0.05569367029408717
3108	0.05134631354691055
3175	0.036554667104732805
3209	0.036554667104732805
3256	0.03508205770130308
3275	0.032863294670392666
3432	0.018846756713925775
3452	0.03454664702541274
3465	0.026927152131714163
3466	0.02826722295437103
3488	0.03536042672332744
3496	0.018560760201829635
3533	0.013584467753181603
3537	0.034037364572673735
3569	0.031222557016108227
3608	0.042317280255562556
3612	0.061584424776815784
3633	0.039452648166693395
3700	0.041781869579672226
3727	0.02812520416906795
3747	0.217458331900305
3755	0.03221742561243391
3808	0.06581675865542953
3846	0.06617556233075132
3847	0.05134631354691055
3858	0.016657647736194724
3861	0.042317280255562556
3864	0.06581675865542953
3878	0.06581675865542953
3914	0.04627847630031696
3937	0.029007832762458014
3947	0.08695655574195398
3952	0.061584424776815784
3970	0.05134631354691055
3998	0.024178866802550356
4060	0.03242830590992389
4099	0.04547364643605957
4135	0.018731416096174913
4157	0.06581675865542953
4179	0.044784758255317976
4287	0.036455194499577466
4310	0.044076092322660874
4334	0.04901709213393171
4366	0.1087291659501525
4405	0.02964064588413209
4486	0.05858153610117004
4547	0.02631655587482757
4669	0.036554667104732805
4748	0.03264353455977784
4816	0.044111090992651064
4852	0.06581675865542953
4876	0.05858153610117004
4915	0.024178866802550356
4949	0.0206116125927841
4963	0.061584424776815784
5036	0.05134631354691055
5054	0.017540276329584787
5117	0.026143699746251813
5210	0.02551761373406475
5232	0.02139573823751944
5281	0.056252314688191196
5398	0.05858153610117004
5412	0.02771038588772347
5485	0.037207268326548755
5612	0.034037364572673735
5623	0.02540831200551835
5632	0.06581675865542953
5649	0.03826969845128748
5656	0.044784758255317976
5671	0.03308778116537566
5681	0.052740143559806454
5718	0.04901709213393171
5765	0.01684743877741799
5879	0.3201072143810376
6016	0.044111090992651064
6088	0.056252314688191196
6184	0.009732612248771949
6209	0.06581675865542953
6390	0.04288164578968307
6430	0.03780981701220734
6432	0.027029293250602396
6512	0.12316884955363157
6526	0.022084221996213835
6532	0.03331720182244475
6557	0.04068094951784952
6563	0.026927152131714163
6585	0.02007620191689377
6591	0.016992081549587264
6638	0.06581675865542953
6645	0.03754953570105849
6646	0.016799666521497805
6685	0.03242830590992389
6740	0.06581675865542953
6801	0.03264353455977784
6822	0.12316884955363157
6849	0.06027890382632059
6855	0.06581675865542953
6907	0.026678611349479187
6977	0.05858153610117004
7015	0.025087110671859578
7131	0.04288164578968307
7135	0.02265298164519559
7183	0.014197596431664565
7198	0.018227597249788733
7307	0.03864931191106933
7308	0.04347827787097699
7315	0.052740143559806454
7420	0.042317280255562556
7516	0.030668184991318567
7562	0.03989306584787323
7597	0.03264353455977784
7639	0.059610061388119986
7640	0.026927152131714163
7715	0.15822043067941935
7797	0.02757569731318425
7813	0.04901709213393171
7888	0.042317280255562556
7927	0.033791748071085065
7996	0.03589621801255757
7998	0.05011686834394255
8007	0.044111090992651064
8043	0.023523337198137345
8113	0.038281621033621684
8170	0.05011686834394255
8336	0.04711397966829681
8402	0.025300142957749874
8433	0.02398733446184874
8565	0.02216360047531779
8623	0.016333597154613595
8628	0.06807472914534747
8648	0.06581675865542953
8655	0.06528706911955567
8656	0.025628072116133174
8721	0.050974307667402165
8760	0.031222557016108227
8794	0.0072447595304357204
8798	0.023079090592539517
8800	0.02812520416906795
8810	0.030668184991318567
8829	0.08463456051112511
8864	0.036554667104732805
8938	0.0251930833556644
9051	0.05569367029408717
9138	0.05434920222255629
9164	0.031414089356809845
9210	0.03687586843839157
9213	0.03594047703830864
9215	0.024982203058174425
9337	0.12325899003138321
9391	0.012551457020510106
9430	0.03864931191106933
9448	0.029478809778819157
9481	0.031034475897027985
9499	0.021032000400111543
9503	0.05858153610117004
9550	0.03754953570105849
9648	0.030141776661565152
9720	0.04901709213393171
9740	0.044111090992651064
9781	0.017957860801404914
9787	0.033887288496581736
9821	0.061584424776815784
9822	0.06581675865542953
9823	0.06581675865542953
9978	0.05858153610117004
10108	0.061584424776815784
10110	0.02200544260568
10134	0.06581675865542953
10201	0.037207268326548755
10204	0.018448520198894015
10213	0.032395479765599186
10384	0.041781869579672226
10432	0.042317280255562556
10501	0.06581675865542953
10515	0.05858153610117004
10544	0.061584424776815784
10635	0.036554667104732805
10708	0.031034475897027985
10717	0.03564642323542358
10720	0.042317280255562556
10749	0.023892870290454213
10815	0.0316092019478291
10836	0.061584424776815784
11018	0.03308778116537566
11055	0.03754953570105849
11080	0.0508166240110367
11210	0.01457583417879879
11322	0.06581675865542953
11437	0.02841120068116409
11530	0.05569367029408717
11644	0.05060028591549975
11703	0.02757569731318425
11841	0.012711310369677127
11876	0.02964064588413209
11988	0.037207268326548755
12029	0.05858153610117004
12100	0.05134631354691055
12105	0.06581675865542953
12148	0.0335562756369671
12261	0.03454664702541274
12298	0.03481091986744373
12321	0.05434920222255629
12337	0.05434920222255629
12387	0.06581675865542953
12469	0.024373979393569615
12483	0.03536042672332744
12485	0.02040760180505095
12513	0.06581675865542953
12532	0.018731416096174913
12568	0.050174221343719155
12629	0.056252314688191196
12633	0.056252314688191196
12676	0.02231525401522841
12702	0.061584424776815784
12718	0.02343296243705908
12869	0.06268532621218474
12870	0.06581675865542953
12873	0.03180803119179799
12876	0.03826969845128748
12880	0.030314313146799002
