175
t_index	tf-idf
230	0.02445822338076878
333	0.03573901134696256
610	0.06836693657294306
744	0.029937551559738936
761	0.045982838849419456
847	0.04378934470606826
926	0.04484034091998237
1040	0.017355239770325163
1190	0.06058811215032484
1234	0.060408104929360336
1258	0.13882037578874598
1460	0.029476786983741378
1538	0.17464383235802744
1676	0.09446860747303834
1805	0.18378706445180748
1810	0.04001195163996953
1813	0.039038881132758746
1839	0.03155757276947857
1996	0.021253096461548483
2095	0.0486177339860811
2178	0.052558240243440246
2237	0.2647824861044121
2251	0.030910622066949736
2255	0.04680375883563406
2301	0.06836693657294306
2302	0.02936407862612738
2344	0.053231743923755154
2386	0.02048914161041104
2390	0.06836693657294306
2579	0.06165956981646005
2670	0.029820835741986865
2709	0.025756112982254945
2727	0.0620749744756772
2911	0.03209911108733126
2989	0.04723430373651917
3107	0.07005816955543108
3205	0.36684055284214645
3226	0.059265606999923254
3239	0.08441089156664146
3403	0.017859437398126357
3420	0.1655844053057679
3433	0.02313672929812433
3442	0.030174142519916642
3496	0.02334794741361354
3508	0.056335633309538974
3588	0.03029405607516242
3700	0.052558240243440246
3702	0.09931234863090277
3723	0.03355955295378859
3819	0.05130677535634053
3830	0.049628266553055966
3848	0.029252329500207605
3849	0.06458954350684433
3855	0.042507308342898474
3858	0.020953984597076737
3937	0.036489526644172855
4186	0.03592265690056242
4197	0.04079220747773258
4222	0.08441089156664146
4235	0.08382073445919618
4276	0.014425266079940885
4287	0.04585771029169836
4289	0.10383520754375455
4332	0.020262749053107577
4431	0.10457232766582428
4547	0.06620823242060184
4669	0.045982838849419456
4880	0.09189353222590374
4943	0.056335633309538974
4949	0.025927755204695736
5032	0.1003285548538069
5112	0.049113281212989336
5279	0.0625086659601574
5310	0.018286867498133248
5417	0.03485744255527475
5485	0.04680375883563406
5486	0.10144620803970947
5495	0.049113281212989336
5573	0.03835365907322741
5593	0.11097642786764905
5630	0.034520746080686567
5686	0.03237849275569319
6052	0.0374923376919364
6184	0.012242845471330347
6231	0.1164292215720183
6292	0.1571018883717458
6531	0.03419246790614021
6608	0.04079220747773258
6646	0.021132632836423887
6753	0.1473817461597283
6782	0.03835365907322741
6798	0.09189353222590374
7019	0.03537925067701762
7064	0.03857811655676118
7163	0.06458954350684433
7225	0.05821461078600915
7331	0.030174142519916642
7362	0.01882891396989922
7405	0.034520746080686567
7416	0.03728555478778491
7439	0.021621263843503817
7502	0.07076089938947985
7592	0.05394167049300218
7600	0.12166029936016594
7604	0.02048914161041104
7607	0.2583581740273773
7741	0.21023296097376099
7800	0.03835365907322741
7808	0.042507308342898474
7815	0.10832672232712338
7843	0.04106294785388364
7912	0.014461289265883954
7913	0.08318752434843876
8009	0.025172441645769154
8306	0.06634286985181817
8457	0.06458954350684433
8504	0.04133938844416394
8598	0.052558240243440246
8721	0.01603039748806388
8800	0.03537925067701762
9266	0.05596129675313091
9331	0.08279220265288395
9368	0.03520300047311509
9374	0.025841653630330703
9391	0.047366178210235074
9516	0.03223805887114413
9526	0.049628266553055966
9615	0.04133938844416394
9620	0.038806477843814274
9621	0.05821461078600915
9807	0.10268450399684072
9847	0.03927547209293645
9856	0.01960609007432095
9923	0.04484034091998237
10050	0.03196161828086383
10057	0.06304300006602198
10058	0.1233191396329201
10061	0.07746826614596286
10063	0.10691673395786297
10093	0.03403135615426183
10100	0.10646348784751031
10171	0.060408104929360336
10213	0.02037545741072157
10325	0.052558240243440246
10329	0.045584156921466855
10356	0.05394167049300218
10400	0.0486177339860811
10478	0.03435558109740063
10749	0.030055314170096544
10796	0.04683823060159064
10894	0.02525425152438083
10904	0.030910622066949736
10936	0.04814021070577855
10963	0.05821461078600915
11035	0.07746826614596286
11114	0.05191760377187728
11122	0.1499693507677456
11168	0.04484034091998237
11186	0.022258789204273766
11191	0.049628266553055966
11237	0.03142560740701636
11238	0.03252044487381513
11410	0.02914152341612689
11538	0.04767944612978099
11564	0.02860109968959446
11620	0.036108907442374466
11739	0.03728555478778491
11899	0.060408104929360336
11904	0.09972010632496811
12083	0.05191760377187728
12504	0.034520746080686567
12662	0.03520300047311509
12666	0.08267877688832788
12768	0.07336811056842929
12897	0.05724154027879835
