300
t_index	tf-idf
34	0.04040719786859259
65	0.01874308072302304
73	0.017396850816803974
86	0.025738288102976938
208	0.028667385830674574
218	0.052114037041788276
317	0.04131379744426013
323	0.02209432279012092
336	0.03362272928588695
557	0.014803547152824708
567	0.048601663126351766
624	0.060220338068345605
684	0.051166487187484316
694	0.03095392755654986
751	0.038838368739459866
844	0.050767067756302874
886	0.07026224675698689
979	0.06886654402465557
1021	0.04232728954308111
1040	0.01137336198653125
1046	0.028919864183306696
1050	0.0463715473770141
1120	0.05311681435452218
1130	0.04782516412719999
1255	0.06574803846207675
1407	0.036918277064971354
1546	0.027275884031001264
1631	0.03252275668568259
1636	0.08411494524267266
1662	0.04829163905150261
1680	0.025281291999713983
1710	0.09667783589537683
1716	0.04232728954308111
1825	0.050767067756302874
1829	0.051476576205953875
1832	0.04418864558024184
1839	0.04136107634044594
1866	0.03287401923103837
1885	0.028478498851749596
2008	0.0184029282340305
2063	0.03604672921967203
2078	0.02528210495615636
2112	0.020092669012472635
2202	0.06504551337136517
2218	0.06786715938527577
2244	0.0672454585717739
2251	0.02025657372924289
2255	0.030671779739866036
2271	0.053464492339335416
2275	0.02017423111563241
2324	0.03814962225450739
2335	0.04480271824788137
2350	0.03751194261058516
2381	0.02765837977746545
2386	0.013427093339669753
2397	0.04808442264206996
2462	0.07629924450901478
2467	0.02826602540325912
2471	0.0463715473770141
2520	0.050767067756302874
2535	0.03488421369172819
2545	0.04398498077822298
2654	0.02622092323766439
2698	0.060220338068345605
2748	0.03958707879430845
2769	0.04131379744426013
2794	0.014209881607210909
2799	0.0463715473770141
2811	0.022622386461758588
2816	0.020339711935980276
2845	0.03503272596094047
2848	0.01895381952027129
2873	0.09756827005704777
2900	0.333566854819342
2911	0.021035423000396684
2924	0.015536307736085619
2966	0.019316942491292483
3047	0.02209432279012092
3158	0.030398590526238105
3275	0.027090828781358545
3292	0.060220338068345605
3314	0.019618894085320655
3410	0.031860527132217396
3433	0.015162129764515546
3472	0.027275884031001264
3494	0.022955514674885193
3496	0.015300546756580343
3533	0.07838841040585552
3569	0.025738288102976938
3619	0.03013380848226571
3659	0.04829163905150261
3727	0.02318498793949035
3866	0.02318498793949035
3897	0.02484734774447537
3937	0.04782516412719999
3938	0.031860527132217396
4020	0.024169458973844208
4072	0.022955514674885193
4083	0.014716188661801471
4086	0.028478498851749596
4214	0.02805867229854242
4272	0.050767067756302874
4310	0.04844545188141927
4361	0.043476292119006665
4374	0.03154759310216366
4466	0.02622092323766439
4522	0.0791741575886169
4595	0.01924308163042191
4598	0.04131379744426013
4688	0.20173637571532171
4690	0.060220338068345605
4697	0.024300831563175883
4701	0.04232728954308111
4706	0.1490840864668522
4716	0.09092800973617261
4733	0.038838368739459866
5054	0.014459311751557258
5110	0.016389954914134242
5187	0.025134198888665155
5232	0.12346290928521066
5279	0.04096363373069748
5315	0.011343944052038554
5446	0.023420748918995628
5484	0.038838368739459866
5516	0.03154759310216366
5561	0.029149337447911854
5595	0.027090828781358545
5613	0.03095392755654986
5618	0.03095392755654986
5687	0.04232728954308111
5766	0.035841281080443
5778	0.01902522853970686
5845	0.03324023353942276
5938	0.02655840717726109
5965	0.10465264107518459
6009	0.054035209322657644
6018	0.07502388522117032
6027	0.027856198546073237
6156	0.060220338068345605
6161	0.023663151919253646
6184	0.008023070561588446
6303	0.03324023353942276
6315	0.030398590526238105
6349	0.02805867229854242
6407	0.019169849380243655
6428	0.036918277064971354
6430	0.04675273534830742
6432	0.022281574713593696
6449	0.019169849380243655
6522	0.03218527274608589
6532	0.02746500675292862
6551	0.043476292119006665
6609	0.03488421369172819
6667	0.022622386461758588
6670	0.017105136865218352
6755	0.04232728954308111
6807	0.058864754647205884
6813	0.060220338068345605
6849	0.02981451760814555
6893	0.03814962225450739
6907	0.02199249038911149
6961	0.03534944793583863
6972	0.060220338068345605
6997	0.043476292119006665
7047	0.024040061987197818
7125	0.03534944793583863
7196	0.08960543649576273
7198	0.030051808325503377
7199	0.036918277064971354
7232	0.038838368739459866
7234	0.02869635194246465
7280	0.07212018596159346
7315	0.043476292119006665
7334	0.07767673747891973
7341	0.014333692915337287
7353	0.04131379744426013
7362	0.012339100884050004
7430	0.028919864183306696
7562	0.01644290731175315
7589	0.010268675752980898
7626	0.04829163905150261
7645	0.08465457908616222
7666	0.13042887635702
7717	0.014803547152824708
7793	0.050767067756302874
7800	0.025134198888665155
7825	0.028919864183306696
7828	0.0298769315720215
7830	0.060220338068345605
7853	0.04232728954308111
7911	0.018469891509395108
8002	0.02655840717726109
8013	0.03095392755654986
8290	0.02826602540325912
8340	0.03252275668568259
8394	0.031860527132217396
8420	0.04131379744426013
8495	0.0463715473770141
8553	0.037347931988702156
8610	0.04480271824788137
8623	0.013464586808393639
8630	0.14660544610689966
8678	0.023786963227380026
8689	0.043476292119006665
8760	0.025738288102976938
8794	0.005972211306554449
8797	0.02761917817226788
8841	0.025281291999713983
8922	0.03362272928588695
8957	0.016603748208851396
8968	0.018605401986499678
9076	0.24610125221074264
9242	0.05254908894141069
9391	0.031040348496058794
9406	0.022622386461758588
9422	0.14239249425874798
9435	0.0553167595549309
9441	0.008643873653423844
9449	0.24732797101618917
9500	0.031245641508135483
9503	0.04829163905150261
9567	0.04829163905150261
9584	0.06976842738345639
9654	0.10752384324132899
9659	0.021405576305168445
9679	0.03252275668568259
9683	0.027090828781358545
9689	0.02690966972261687
9698	0.03218527274608589
9739	0.11253582783175546
9748	0.04131379744426013
9749	0.043476292119006665
9787	0.02793495721390578
9793	0.05653205080651824
9931	0.04480271824788137
10011	0.05425598855992411
10068	0.18455589098911881
10158	0.20694030600338018
10160	0.04480271824788137
10229	0.060220338068345605
10384	0.0344428483601711
10400	0.031860527132217396
10517	0.043476292119006665
10519	0.025281291999713983
10678	0.02655840717726109
10715	0.01881275509121638
10767	0.04480271824788137
10768	0.025430943379685458
10796	0.015347185014158264
10847	0.0463715473770141
11042	0.0344428483601711
11043	0.13042887635702
11080	0.020945320214195366
11089	0.02746500675292862
11091	0.046841497837991256
11092	0.060220338068345605
11148	0.030398590526238105
11165	0.06337943781881114
11210	0.012015576406557345
11236	0.06437054549217178
11245	0.03252275668568259
11246	0.04131379744426013
11283	0.0463715473770141
11345	0.036918277064971354
11353	0.01676765292562165
11395	0.0463715473770141
11405	0.060220338068345605
11474	0.09848033567934557
11564	0.03748616144604608
11648	0.1344909171435478
11649	0.03958707879430845
11656	0.0463715473770141
11659	0.01426491499528077
11699	0.011827143968811333
11707	0.05611734459708484
11741	0.060220338068345605
11841	0.020957115606663298
11857	0.03324023353942276
11904	0.016337326386416117
11998	0.03287401923103837
12109	0.060220338068345605
12391	0.011889497411645432
12402	0.060220338068345605
12417	0.021500657244507115
12425	0.017698802410832146
12426	0.028478498851749596
12475	0.12423673872237685
12478	0.03252275668568259
12521	0.03534944793583863
12582	0.023420748918995628
12626	0.028338007835412536
12676	0.05518668153656428
12677	0.024300831563175883
12774	0.02746500675292862
12785	0.017516362980470233
12790	0.030671779739866036
12843	0.027856198546073237
12958	0.015071073491975185
12982	0.04300131448901423
13023	0.050767067756302874
