230
t_index	tf-idf
200	0.02326815115260004
218	0.03150735714656791
230	0.019380742225687145
278	0.03275740918426055
413	0.04855309893361484
446	0.03496902336401358
556	0.025435396020890753
577	0.07865106358696085
643	0.02170245889076726
656	0.03496902336401358
659	0.0240050670329915
778	0.015162044920481675
933	0.0613859998525633
988	0.03778128282332241
1040	0.01375232464832829
1191	0.06560469715776877
1220	0.07417477312762519
1236	0.03368287110948863
1251	0.0613859998525633
1290	0.06341109152602196
1329	0.043338190924895374
1460	0.023357461467236995
1616	0.022975552383491058
1645	0.0664197076962992
1680	0.030569372145279702
1690	0.05343157111406981
1763	0.0659623447681869
1837	0.031121957984237062
1862	0.03612097171231464
1883	0.10236175160336672
1998	0.028176146004413698
2008	0.044504526252480914
2049	0.09991078373863024
2063	0.01452887086293887
2078	0.015285177573786729
2115	0.05118087580168336
2317	0.03392769623507761
2348	0.03814639354028308
2386	0.016235634362927926
2397	0.019380742225687145
2406	0.022747813342289036
2425	0.054174089174520594
2498	0.01019562648037057
2508	0.02987547588576989
2509	0.05467045602854415
2514	0.0525702148963685
2641	0.04786749600540259
2654	0.03170554576301098
2806	0.054188351805637545
2849	0.04095394991679805
2874	0.03612628024685267
2891	0.02789492381023225
2911	0.025435396020890753
2955	0.03612628024685267
3041	0.022333233089512537
3237	0.12763033176658878
3275	0.03275740918426055
3403	0.014151851797258546
3433	0.03666717565635028
3450	0.039325531793480424
3483	0.07865106358696085
3586	0.041647248458560535
3613	0.04885915913660324
3730	0.07225256049370533
3737	0.032323821956925514
3771	0.025769261706050747
3777	0.04885915913660324
3804	0.04019308306213615
3819	0.04065558532735988
3849	0.05118087580168336
3946	0.01703457293414511
3998	0.024100962529981538
4130	0.0770495677721339
4276	0.011430607983248176
4287	0.018168867958791836
4310	0.02928938614620845
4332	0.016056240474557337
4415	0.04274348119127242
4447	0.11678557295945213
4476	0.06560469715776877
4535	0.06560469715776877
4619	0.04274348119127242
4656	0.058392786479726067
4745	0.04612936711909639
4748	0.03253835714039248
4809	0.02449363508496828
4851	0.034178421325537216
4861	0.032323821956925514
4915	0.024100962529981538
4984	0.02735430414599299
5007	0.05118087580168336
5016	0.04396896512364065
5072	0.08495897950556101
5110	0.03963647358055861
5179	0.03891745644105368
5210	0.025435396020890753
5246	0.01293048278990758
5279	0.016510661506154965
5294	0.026231763971274472
5310	0.014490548212724554
5505	0.033443674649317176
5524	0.022663565207727183
5675	0.019818236790279303
5694	0.034178421325537216
5698	0.03742855115335507
5741	0.054174089174520594
5744	0.07408701679081346
5768	0.05118087580168336
6009	0.021779245864901424
6016	0.04396896512364065
6052	0.05941799785974428
6165	0.05607106981464595
6407	0.023179600934962404
6417	0.08495897950556101
6453	0.07281660783581147
6497	0.02789492381023225
6573	0.043338190924895374
6759	0.03392769623507761
6796	0.02326815115260004
6923	0.07281660783581147
7015	0.025006280038906238
7029	0.07730778511815224
7183	0.02830370359451709
7314	0.039750267818435187
7362	0.029840133713652114
7405	0.16412582487595795
7416	0.029545143767555244
7476	0.04995539186931512
7589	0.01241657153185188
7600	0.024100962529981538
7648	0.07281660783581147
7651	0.14563321567162293
7867	0.035531570513229714
7879	0.06560469715776877
7912	0.022918305647135997
7913	0.008239743851641773
7996	0.011926853483988824
8007	0.04396896512364065
8011	0.04019308306213615
8198	0.07281660783581147
8270	0.025882974179653413
8347	0.07281660783581147
8459	0.04885915913660324
8502	0.07225256049370533
8520	0.03814639354028308
8553	0.0225799937723149
8572	0.03852478388606695
8623	0.0325619406581646
8647	0.039750267818435187
8653	0.5318125878159944
8721	0.025405034262280364
8794	0.021664250778288017
8798	0.023004729797269658
8800	0.028034584803423832
8806	0.05607106981464595
8814	0.04464046183139777
8831	0.05607106981464595
8836	0.042506540478701164
8848	0.02970899892987214
8855	0.039750267818435187
8898	0.04696217849647789
8918	0.0525702148963685
8920	0.03643688802215441
8921	0.030044659902375127
8938	0.025111911278882803
8983	0.04065558532735988
8999	0.029224977344111707
9002	0.05693036183478658
9154	0.036757054445597945
9241	0.02217191841988816
9286	0.07281660783581147
9336	0.029545143767555244
9364	0.060089319804750255
9374	0.020476974958399025
9400	0.06560469715776877
9441	0.010451910072130862
9668	0.02846518091739329
9781	0.0179000006008401
9807	0.16273478834117655
9997	0.21844982350743442
10092	0.14563321567162293
10093	0.08089953194248352
10094	0.020208454564608073
10103	0.025993087773130738
10172	0.05087079204178151
10207	0.03506977976775885
10320	0.1227719997051266
10371	0.0613859998525633
10725	0.11334384846996723
10772	0.08767493203233512
10878	0.06799069562318155
10922	0.020822674125381125
10928	0.03852478388606695
10976	0.04274348119127242
10998	0.14563321567162293
11034	0.21844982350743442
11165	0.025545498506217842
11221	0.03814639354028308
11244	0.042506540478701164
11245	0.039325531793480424
11318	0.05393302129498902
11353	0.020274937779762806
11448	0.04885915913660324
11564	0.022663565207727183
11634	0.016745538021165525
11659	0.017248702918998448
11739	0.05909028753511049
11784	0.0664197076962992
11841	0.05068141818693344
11843	0.10786604258997803
11894	0.03891745644105368
11990	0.07281660783581147
12083	0.04113960691312032
12107	0.04995539186931512
12144	0.030391511613005108
12371	0.07281660783581147
12391	0.05750567985228617
12423	0.02449363508496828
12481	0.05118087580168336
12485	0.02034184854264707
12491	0.07281660783581147
12655	0.03814639354028308
12676	0.022243354300264872
12724	0.054174089174520594
12776	0.022663565207727183
12843	0.03368287110948863
12869	0.06248335418515888
12885	0.06507671428078496
12913	0.034178421325537216
12958	0.018223485342848053
