43
t_index	tf-idf
42	0.2571106174834747
114	0.09227247196357245
188	0.13945586457503653
660	0.0891586455388151
736	0.21893030865558105
742	0.0629560906339055
1236	0.15985914893147898
1279	0.14391834883495194
2160	0.1312160326753321
2576	0.20820298017163547
2709	0.09686217409750815
2811	0.12982372453277646
2924	0.0891586455388151
2972	0.07770276531946858
3946	0.08084620585970549
4423	0.12920258114142405
4858	0.12176725597055839
5095	0.2370886496821702
5141	0.2118639534343354
5688	0.09528439615870388
6184	0.046042220357936425
6442	0.08520611674232675
6598	0.15241147715509534
6914	0.2118639534343354
7792	0.13795937888571577
7898	0.13238950935379087
8398	0.10716481310595605
8511	0.31136036531618444
9273	0.29133839751487994
9391	0.05937737322520096
9528	0.07599245588692698
9855	0.20867702522196863
9856	0.07373350596259254
10329	0.17143039195616572
10714	0.12176725597055839
10719	0.13795937888571577
10768	0.14594126899537857
11659	0.040931234155188255
11671	0.14770503679063945
11714	0.16221103382670757
12291	0.07557397670006671
12405	0.14681527851110332
12686	0.15340909186304857
