142
t_index	tf-idf
46	0.07304282894520872
376	0.04283874322231434
412	0.04843062573401587
557	0.03881696063724143
913	0.10833052596200289
949	0.04256525115840012
1036	0.05400048499456366
1124	0.07524582806294026
1213	0.058204605544552826
1214	0.09680485986443599
1373	0.11747896181339117
1441	0.06590536706087698
1646	0.04722927938935401
1816	0.1331183161995439
1832	0.05793438891346945
1976	0.07304282894520872
2008	0.09651007741533547
2037	0.06708282476485772
2271	0.07009566940954687
2363	0.052899641350666986
2397	0.04202801580127953
2411	0.09836153353716315
2498	0.04421935401968495
2509	0.039518451926391536
2845	0.04593034124195066
2891	0.12098280705865622
2899	0.06141246280354474
2900	0.03975721414401981
2906	0.05688476622009612
3175	0.07901503914101328
3352	0.17240050608217147
3452	0.07467458694351883
3465	0.058204605544552826
3480	0.09534868889247401
3505	0.053115555142023124
3533	0.08809085155819991
3794	0.07467458694351883
3866	0.12158852941545002
3987	0.07009566940954687
4708	0.05185770012727049
4796	0.09269117157585018
5117	0.02825556382202055
5183	0.09147126264765212
5310	0.03142340897792927
5524	0.04914696586806887
5765	0.036416718844942075
5849	0.07834147213638742
5856	0.04325529940482207
6013	0.05045803782539928
6161	0.062048077202055255
6258	0.15790610643708486
6260	0.10666711017853911
6497	0.06049140352932811
6563	0.058204605544552826
6575	0.08272217915101043
6606	0.05400048499456366
6667	0.05931904534373625
6670	0.04485204914317539
6807	0.038587894517319574
6883	0.06590536706087698
7027	0.0627021177502347
7202	0.2843822007801169
7215	0.1430423270648767
7218	0.09031394132967155
7430	0.07583190826149942
7575	0.08272217915101043
7589	0.0269258967722474
7627	0.16233101095656655
7643	0.07583190826149942
7677	0.05198793293925392
7832	0.1331183161995439
7898	0.06049140352932811
7927	0.07304282894520872
7996	0.025863921043243525
8015	0.07999706003336117
8055	0.09398082652254014
8180	0.14226675205093217
8251	0.08620025304108574
8399	0.05540252750184323
8402	0.05468773058039998
8433	0.05185001865729366
8461	0.19069737778494802
8473	0.15790610643708486
8556	0.09147126264765212
8620	0.05539656853017252
8623	0.03530602028976595
8630	0.06406998012016858
8656	0.05539656853017252
8687	0.10595329571582425
8721	0.027545982733107398
8794	0.015659969114873756
8797	0.03621066427114095
8800	0.06079426470772501
9095	0.12282492560708948
9110	0.11747896181339117
9241	0.04808080757922066
9312	0.12662739766477946
9406	0.05931904534373625
9441	0.022665439566233854
9499	0.09092378437299231
9528	0.03472246658121735
9648	0.06515320344375106
9787	0.036624672566003755
9793	0.07411745199461978
9904	0.06875490952817583
10184	0.11480694911811203
10185	0.12282492560708948
10204	0.03987754946400953
10213	0.035012356894631794
10421	0.04756604413388313
10445	0.07103592291632524
10556	0.04878595306208117
10688	0.05539656853017252
10855	0.06303638784950553
10913	0.04969955232002367
10953	0.04722927938935401
11012	0.11747896181339117
11066	0.05766737018743225
11210	0.03150651337764723
11318	0.058478097608467054
11325	0.14226675205093217
11402	0.11747896181339117
11659	0.018702296083130034
11724	0.08921309768577487
11802	0.072017069626895
11883	0.06406998012016858
11896	0.08921309768577487
12084	0.10833052596200289
12148	0.024177947194220215
12327	0.11747896181339117
12347	0.10833052596200289
12425	0.04640872281590254
12437	0.06515320344375106
12514	0.07768743158820797
12518	0.054456315023394146
12532	0.08097809080111908
12577	0.06303638784950553
12768	0.06303638784950553
12840	0.04593034124195066
12862	0.09249626535756851
13001	0.12098280705865622
13002	0.09651007741533547
