97
t_index	tf-idf
6	0.12974459848240796
188	0.05897188013946964
323	0.05361724976178064
575	0.12974459848240796
715	0.07189834053549088
742	0.026622322712822277
848	0.12319864145281795
1279	0.030429468288149773
1677	0.07731732069895858
1839	0.0501863574101795
1917	0.035924408844438496
2160	0.05548749186623721
2576	0.044021530499191074
2577	0.11719141143298215
2607	0.04915750454430634
2688	0.09606767816403887
2689	0.14613930182974763
2826	0.1316653566313649
3042	0.03635497026252148
3076	0.09805789663137994
3272	0.10435257966729002
3275	0.06574248719101776
3575	0.10550580053547581
3771	0.05171762357952389
3858	0.03332335372679123
3946	0.10256261598358511
3980	0.11141428279339481
4083	0.03571241221179676
4191	0.07312701778710919
4423	0.05463606103623171
4683	0.1125318418297627
5054	0.03508903789136921
5077	0.10674025733015892
5220	0.14613930182974763
5232	0.04280182681408808
5246	0.05190166868249316
5248	0.2174493925088704
5310	0.029081807871533413
5315	0.02752884020476865
5411	0.09103185533709306
5446	0.05683614548074002
5516	0.07655791013871031
6009	0.17483944279589458
6011	0.14613930182974763
6035	0.08465503179346288
6660	0.1087246962544352
6849	0.02411739359937476
6893	0.3703173605578183
6932	0.16716790286599442
7017	0.08159373296565614
7094	0.08697758866506439
7604	0.0325841087779217
7677	0.024056955094201502
7717	0.035924408844438496
7912	0.022997948448417262
7937	0.1027174662345994
8399	0.01709135230508787
8464	0.1087246962544352
8502	0.1450072869333633
8553	0.09063384365958566
8572	0.07731732069895858
8676	0.04779729892517398
8783	0.04482168544106842
9321	0.1316653566313649
9391	0.025108985896745945
9528	0.03213502719103284
9546	0.08578403587750552
9856	0.03117978214210744
10037	0.08959118145283301
10094	0.04055736086730453
10204	0.03690596499935564
10497	0.1125318418297627
10568	0.07810539494107181
10678	0.06445043663139502
10749	0.04779729892517398
10894	0.040162115837848976
10958	0.14613930182974763
11237	0.04997649143301228
11321	0.08578403587750552
11353	0.1220723680972782
11389	0.09425075105605245
11519	0.0466980193855952
11841	0.025428769925263394
12148	0.022376261452863148
12291	0.06391612872216476
12334	0.08256514015854612
12475	0.06029813461986002
12568	0.100372714820359
12577	0.058339059318559885
12578	0.42202320214190325
12626	0.03438453530112237
12676	0.022320651595869535
12842	0.06859438771741987
12843	0.06759984313827368
12859	0.08159373296565614
12963	0.031695400659302035
12971	0.058339059318559885
