255
t_index	tf-idf
15	0.04051962947467487
81	0.025995601785145317
111	0.032987943836977875
114	0.04575461190742167
175	0.05252787077378287
193	0.03576131001191901
202	0.06316550641702827
310	0.03935275192301398
334	0.14188408809894035
348	0.02581009902791643
412	0.026279234881516764
413	0.04284886628330876
472	0.038808531316336325
519	0.07719622318137957
530	0.05878188219637656
554	0.021251546875725058
689	0.08568238789802335
742	0.06243533814288608
775	0.08568238789802335
778	0.03568197565954325
918	0.06871005846473577
949	0.023096588491870337
1019	0.024256092994375617
1040	0.04854656307285867
1140	0.09301952439666666
1162	0.038808531316336325
1181	0.03640021746143041
1190	0.02824646088535977
1236	0.039634211393502594
1252	0.1642760473453218
1279	0.142727902638173
1338	0.057491958907962465
1428	0.026472041193071217
1531	0.04287482850547818
1560	0.03059145320631567
1616	0.0135175219637564
1630	0.07223213504719997
1656	0.2061301753942073
1681	0.029674440403730663
1687	0.19363383504215367
1715	0.18557613483408547
1911	0.08568238789802335
1978	0.046273859351189175
1982	0.07223213504719997
2003	0.035353173960315204
2008	0.026183958542679197
2078	0.01798587647642742
2150	0.07719622318137957
2160	0.0975979919579084
2171	0.04325156431480436
2265	0.05173772903144816
2270	0.057491958907962465
2323	0.03438866378883438
2347	0.025995601785145317
2386	0.01910426704291924
2495	0.05632508135630158
2498	0.023994131254349294
2547	0.07719622318137957
2560	0.03992229404389462
2587	0.03684546462890937
2666	0.04840845876053842
2727	0.028939643046420965
2782	0.03707431143676683
2811	0.03218746613138438
2966	0.027484431549758024
2972	0.019265008272073295
2977	0.08728052393898272
2978	0.07719622318137957
3041	0.05255846976303353
3080	0.03384444318215673
3100	0.09354728179453713
3350	0.035353173960315204
3403	0.01665230626922588
3503	0.04364026196949136
3580	0.057491958907962465
3581	0.027484431549758024
3720	0.050295717479732764
3727	0.032987943836977875
3804	0.04729469603298012
3848	0.05455029059055043
3858	0.09768845493077238
3936	0.11498391781592493
4042	0.06597812362460627
4076	0.04051962947467487
4130	0.04533162934555317
4234	0.03935275192301398
4247	0.019873135195621765
4287	0.04275815746933363
4307	0.059859022082321765
4310	0.017232226408658666
4414	0.04488638217807422
4422	0.019873135195621765
4442	0.06185871161136182
4449	0.04051962947467487
4468	0.05878188219637656
4682	0.032987943836977875
4708	0.014069410227572559
4858	0.030190009118667968
4980	0.029424575654654783
5106	0.04445676098304562
5117	0.015331922458871659
5118	0.07719622318137957
5238	0.04783891663965778
5304	0.03384444318215673
5315	0.01614033141855035
5476	0.08568238789802335
5483	0.04021731910884912
5486	0.1891787841319205
5712	0.026667932536203767
5716	0.05427984692586709
5770	0.05173772903144816
5802	0.10043853760706742
5841	0.06840911168389252
5844	0.08568238789802335
5852	0.06664677609289033
5856	0.07041305923895576
5921	0.08568238789802335
5981	0.09801158838263734
6150	0.0408295940750437
6184	0.011415343487627797
6313	0.09301952439666666
6320	0.19793437087381882
6430	0.04434698900628247
6449	0.027275145295275215
6526	0.025902499072190582
6557	0.0238572646417561
6585	0.02354730004138727
6606	0.029301529917901577
6608	0.038035035324700275
6646	0.01970426427341709
6761	0.08568238789802335
6883	0.03576131001191901
6957	0.04287482850547818
7135	0.05313919015554417
7176	0.02581009902791643
7183	0.03330461253845176
7199	0.05252787077378287
7212	0.04180955276308897
7277	0.036620817082884484
7343	0.08440395709872207
7362	0.035112510562797655
7516	0.07194119253280365
7532	0.050995504954012116
7562	0.02339521177808597
7600	0.028359299912265566
7616	0.022173494503141235
7641	0.03684546462890937
7664	0.035353173960315204
7794	0.03384444318215673
7797	0.0323434293583999
7828	0.04250934023736831
7897	0.027914052744786613
7912	0.013483841205917954
7913	0.019391206205832335
7996	0.014034178698934629
8009	0.07041305923895576
8058	0.03143612932725082
8113	0.02245018306452764
8221	0.038808531316336325
8252	0.07719622318137957
8294	0.057491958907962465
8399	0.010020766895495187
8401	0.057491958907962465
8404	0.07223213504719997
8417	0.039634211393502594
8486	0.035353173960315204
8551	0.03646246868484342
8576	0.034023175520724515
8580	0.09254771870237835
8617	0.04020396400695845
8728	0.0408295940750437
8783	0.0788377046445503
8791	0.04180955276308897
8794	0.016994701198668218
8798	0.027069376623851473
8850	0.04325156431480436
8864	0.04287482850547818
8893	0.028939643046420965
8899	0.05632508135630158
8938	0.02954887060805647
8980	0.038287476180624766
8983	0.04783891663965778
9129	0.14446427009439994
9198	0.023023057053098688
9241	0.026089417935806207
9242	0.024922540384145316
9262	0.031582753208514135
9338	0.04364026196949136
9369	0.029301529917901577
9374	0.02409499925236532
9381	0.034765399598160565
9383	0.04533162934555317
9391	0.014721555682792051
9426	0.03907761792295947
9431	0.04488638217807422
9441	0.012298631310797505
9486	0.02245018306452764
9528	0.018840967696036506
9535	0.04250934023736831
9537	0.05427984692586709
9697	0.03576131001191901
9736	0.06871005846473577
9873	0.08229522119586835
9950	0.03072824734176562
9963	0.04963377531457797
10036	0.07719622318137957
10103	0.015292869960837667
10110	0.02581009902791643
10164	0.026472041193071217
10177	0.03854523196945359
10198	0.041147610597934176
10205	0.06374597033055616
10247	0.24743484644544728
10322	0.06597812362460627
10402	0.07719622318137957
10670	0.060223893748091964
10671	0.1713647757960467
10714	0.030190009118667968
10725	0.04445676098304562
10801	0.06871005846473577
10894	0.02354730004138727
11066	0.06258248136119005
11083	0.04533162934555317
11167	0.026183958542679197
11210	0.05128781960588887
11244	0.15005073695734256
11261	0.05173772903144816
11380	0.04147410855362168
11467	0.046273859351189175
11491	0.04783891663965778
11492	0.02905908738654491
11493	0.02063308469638408
11530	0.03266144588129038
11644	0.029674440403730663
11659	0.030444498133773635
11671	0.036620817082884484
11699	0.0504835062256551
11800	0.04533162934555317
11841	0.014909047061442167
12148	0.02623868445389738
12183	0.060223893748091964
12286	0.07223213504719997
12287	0.06597812362460627
12291	0.018737213280560976
12409	0.04021731910884912
12457	0.08568238789802335
12582	0.03332338804644516
12687	0.06185871161136182
12707	0.07719622318137957
12749	0.023023057053098688
12805	0.050995504954012116
12838	0.07070634792063041
12880	0.035555541340495274
12963	0.037166423814415345
12964	0.1313961744075838
