112
t_index	tf-idf
101	0.044790440618332115
193	0.05212678792602391
200	0.11972691546312202
761	0.06249567177837778
826	0.11252359472079221
1190	0.041172912170754875
1258	0.22011729451569242
1523	0.1001538994176178
1676	0.19258964541083184
1987	0.0877842041144434
2178	0.07143235636798091
2214	0.04381502309113045
2237	0.3598681542571427
2251	0.0840217846265471
2399	0.0877842041144434
2576	0.07524319203795742
2670	0.08105950869154123
2709	0.03500535468236195
3042	0.031069615004042178
3167	0.07911997822279673
3204	0.07056166182936909
3205	0.29914569033674465
3226	0.08054839621673976
3496	0.06346479229080648
3666	0.05067511820492022
3702	0.04499208906973262
3737	0.05544104003652765
3839	0.03154050506994162
3855	0.11554409674789455
3858	0.02847874069098769
3923	0.04021666389287289
3987	0.05544104003652765
4186	0.048822791964119254
4276	0.019605503200878033
4287	0.031162804239674522
4328	0.10548443562364031
4332	0.02753927651786628
4346	0.1621219778405989
4422	0.05793538902361861
4936	0.06973147967608143
5110	0.03399176189026898
5279	0.028318688514375138
5417	0.04737504998553634
5485	0.06361139119237012
5487	0.08687862061443315
5495	0.06675028291962233
5630	0.0469174429109991
5686	0.044005887991492104
5697	0.07331258831903613
5704	0.06419654847027728
5758	0.0877842041144434
5861	0.1001538994176178
6199	0.08210117497925581
6231	0.07911997822279673
6292	0.21351852771847574
6497	0.047844700723814804
6591	0.029050505324310402
6820	0.07911997822279673
7039	0.033136714610942114
7405	0.0469174429109991
7439	0.029385645654071684
7500	0.12489329002396658
7604	0.08354090576909548
7607	0.0877842041144434
7677	0.061678526557639245
7800	0.05212678792602391
7808	0.057772048373947275
7843	0.055809005610390976
7913	0.042397829939017646
8009	0.0342120819487903
8721	0.02178705110338398
8783	0.038305422901745816
9030	0.06675028291962233
9215	0.04271081331834404
9266	0.15211495947994183
9391	0.04291718680117077
9441	0.03585372828370261
9500	0.12960309065125317
9756	0.10528778682308856
9807	0.0697796962854665
9856	0.05329361130375456
9923	0.060942893015861734
9949	0.1562824132994345
10063	0.07265572635617192
10191	0.0877842041144434
10204	0.03154050506994162
10213	0.02769245941610339
10284	0.06249567177837778
10467	0.1260896270161892
10622	0.08210117497925581
10635	0.06249567177837778
10796	0.09548736309895976
10963	0.15823995644559347
11122	0.2547807931424553
11191	0.06745020392469282
11237	0.04271081331834404
11415	0.06817870091356537
11438	0.06648276352368224
11453	0.07911997822279673
11538	0.06480154532562658
11564	0.03887200058602134
11739	0.05067511820492022
11899	0.08210117497925581
11940	0.11252359472079221
12156	0.059978025709523784
12316	0.0877842041144434
12323	0.11252359472079221
12405	0.10611615824144786
12636	0.040529754345770615
12675	0.032521284725145885
12676	0.019075632484781665
12792	0.06817870091356537
