147
t_index	tf-idf
51	0.07724520546881343
58	0.07960189353650025
135	0.050598323546663715
264	0.061979486356830225
346	0.09639770964720173
401	0.0481328221323097
413	0.08917820934030901
427	0.09639770964720173
478	0.01919444716948936
530	0.14680611509111036
583	0.13244035231592172
734	0.0717922837861765
858	0.10616589435645779
880	0.21398937953391622
916	0.04601026131509731
1279	0.0222786853262586
1546	0.04846161352837921
1597	0.1647785278118658
1644	0.10276501247414768
1765	0.061979486356830225
1786	0.0788770473006233
1998	0.041401241971726684
2019	0.04601026131509731
2094	0.06559344779523142
2160	0.020312355758655243
2275	0.03584396349708674
2286	0.05840793329698747
2367	0.0717922837861765
2498	0.01498116878373088
2670	0.034721388889063586
2710	0.09639770964720173
2757	0.06280607742579879
2782	0.046296030582405896
2891	0.04098802193420622
2900	0.02693886189279691
2906	0.038544221319332814
2924	0.027603671445017172
3009	0.08580072952744533
3130	0.10699468976695811
3167	0.06778120363946001
3269	0.09639770964720173
3272	0.05093392285346534
3377	0.0823892639059329
3502	0.05718422351970361
3533	0.0994816217734651
3534	0.10699468976695811
3581	0.3775288164991647
3594	0.15449041093762686
3739	0.04365357324741048
3768	0.07814900287392015
3814	0.07724520546881343
3838	0.09019887365625665
4099	0.03330120971690514
4135	0.027434739221558927
4155	0.05220909730604239
4189	0.21398937953391622
4247	0.024816301075584524
4464	0.06664822534905702
4525	0.06460676928793255
4547	0.038544221319332814
4842	0.06664822534905702
4885	0.10699468976695811
4972	0.030909335878411638
5106	0.055514761739436855
5232	0.15668503010804113
5304	0.08452555507486828
5726	0.04161211718628599
5808	0.11436844703940723
5851	0.050598323546663715
5852	0.04161211718628599
5854	0.14680611509111036
5856	0.029309109349990918
6022	0.140670323357204
6184	0.014254751355618772
6375	0.053082947178228895
6432	0.019794061694693426
6449	0.034059458201491165
6513	0.07520374940768894
6606	0.036589877805394896
6652	0.0590585936481356
6686	0.05220909730604239
6835	0.17160145905489066
6849	0.017657351676408924
6883	0.044656438321247556
6886	0.10699468976695811
7135	0.06635682436776494
7372	0.061979486356830225
7520	0.07340305754555518
7682	0.04491778161968046
7717	0.07890528279346785
7897	0.034857284989787844
8118	0.08580072952744533
8312	0.06289163873655085
8381	0.08580072952744533
8435	0.044399487555718646
8504	0.0481328221323097
8551	0.0910640009173285
8617	0.0251020703428931
8676	0.03499439990588863
8777	0.09639770964720173
8797	0.024535775578063995
8809	0.060449389358111956
8871	0.05840793329698747
8883	0.09639770964720173
8910	0.06900491341674386
8930	0.0651575953173568
8957	0.02950021447170442
9068	0.04914120143908921
9215	0.036589877805394896
9242	0.03112167555110389
9333	0.05400978916817615
9337	0.030088295076582346
9449	0.03380250743596225
9468	0.0734870589143981
9611	0.053082947178228895
9618	0.04491778161968046
9856	0.022828021453001404
10009	0.09639770964720173
10103	0.057290275770103975
10173	0.0597381815588456
10796	0.05453530657773285
10797	0.08580072952744533
10798	0.05605124522930064
10799	0.06559344779523142
10804	0.044656438321247556
11005	0.06280607742579879
11097	0.046296030582405896
11314	0.09639770964720173
11408	0.07520374940768894
11412	0.04161211718628599
11474	0.03499439990588863
11590	0.02979142728924575
11594	0.03599026328019083
11624	0.05840793329698747
11904	0.08708057233183944
12148	0.049147788219543
12150	0.0431757777784348
12291	0.023397834388520798
12298	0.10197077505751707
12469	0.0356990504626495
12511	0.09019887365625665
12610	0.03527237503045018
12676	0.016341881773040516
12741	0.0823892639059329
12803	0.19279541929440347
12963	0.023205527316205853
13016	0.10699468976695811
