22
t_index	tf-idf
742	0.11669043823106123
1279	0.13337784339802064
1283	0.27050521186422427
2160	0.12160583830454316
2498	0.08968913356842748
2948	0.23947970183932196
3993	0.20468583471881507
7898	0.24538674031594135
7913	0.07248357796378077
8496	0.26581047361799204
8617	0.15028086074784355
9045	0.2997002862184356
9697	0.2673487842707002
10200	0.30523888343550526
11167	0.19574924636280272
11244	0.18696128157822792
11721	0.21546620140915518
11752	0.31005722376574646
12291	0.14007795546385757
12677	0.2584843783547846
12963	0.13892665312263175
12964	0.19646152489369256
