280
t_index	tf-idf
4	0.0344618419819253
86	0.030429124472384866
101	0.02553284545957941
200	0.045500316401901275
212	0.027006205190700187
218	0.030805943922114155
478	0.012772219468508554
493	0.0386296505944181
496	0.04680187521837526
556	0.024869156108882944
575	0.0316042326851244
659	0.046941337886569186
694	0.036595320977019355
744	0.06958338888867775
801	0.029714939215728563
886	0.027689210768068222
928	0.04884329058049838
945	0.08358386128604334
972	0.06414421280299783
979	0.027139186979919898
995	0.03929830918884029
1019	0.020154975550356054
1036	0.14608410824124188
1040	0.013446171951025031
1213	0.02624287509444046
1214	0.04364668091449607
1387	0.023948360548496635
1460	0.022837480299455246
1504	0.051399902712799476
1573	0.03269915534342182
1636	0.019889000609027152
1647	0.04364668091449607
1681	0.024657211734238113
1720	0.036510820791550005
1763	0.03224694925136357
1832	0.02612104175785795
1845	0.0206378508305915
1882	0.04680187521837526
1890	0.03532204107828041
1996	0.01646608132734247
2003	0.02937580907868625
2019	0.03061578956303359
2107	0.036261751355017545
2109	0.03532204107828041
2172	0.05482282199448415
2214	0.024976807505123304
2226	0.029888840236931967
2232	0.027139186979919898
2249	0.04022376163281139
2252	0.06683509034432498
2260	0.036595320977019355
2271	0.0632084653702488
2363	0.047702021773641995
2373	0.03224694925136357
2397	0.03789858066458003
2411	0.04434854277532275
2423	0.04124190685487334
2480	0.03061578956303359
2509	0.12472457319984358
2580	0.06838109383479324
2607	0.04789672109699327
2654	0.030999720485973353
2695	0.03694020017440869
2727	0.02404665080117782
2821	0.0488991861167982
2845	0.062126228516482536
2898	0.05296807172300975
2976	0.02553284545957941
3134	0.027273930168505683
3159	0.04434854277532275
3320	0.1059361434460195
3352	0.038865351848056305
3433	0.05377634270293975
3478	0.04299013299056766
3480	0.04299013299056766
3533	0.10591405692734274
3536	0.053234764489154526
3588	0.023470668943284593
3608	0.04124190685487334
3645	0.051399902712799476
3768	0.05200130053953348
3850	0.04884329058049838
3987	0.0316042326851244
4008	0.02107080817137549
4060	0.0316042326851244
4074	0.02508561027502947
4083	0.01739823312092238
4094	0.030065765774885265
4136	0.04777146205700743
4163	0.04884329058049838
4247	0.01651306968808014
4255	0.02674534571814149
4276	0.044704564319952324
4290	0.06414421280299783
4310	0.014318674570766571
4383	0.057092852865521106
4525	0.04299013299056766
4566	0.04777146205700743
4692	0.05296807172300975
4708	0.035071841851497705
4748	0.031813991910579584
4831	0.053234764489154526
5077	0.02600065026976674
5100	0.04884329058049838
5117	0.012739665962286916
5210	0.024869156108882944
5279	0.03228620605083173
5310	0.014167961265850244
5513	0.04884329058049838
5686	0.02508561027502947
5712	0.022159031480064102
5715	0.025306770333251728
5726	0.027689210768068222
5796	0.051399902712799476
5810	0.021144793675762247
5856	0.03900527832233044
5995	0.024145899998292326
6013	0.022750158200950638
6041	0.057092852865521106
6050	0.045102440360926796
6066	0.02954396103954263
6073	0.03341754517216249
6087	0.02424612703575106
6233	0.16949360406302852
6260	0.12023325400588912
6265	0.057092852865521106
6373	0.026874939343462
6396	0.031197259935769047
6432	0.07902726176131342
6442	0.01755354853494832
6497	0.027273930168505683
6557	0.019823579405985274
6796	0.022750158200950638
6801	0.031813991910579584
6807	0.05219469936276715
6854	0.03766714950051031
6907	0.02600065026976674
6946	0.03419054691739662
7015	0.0244495930583991
7019	0.027410482044448577
7020	0.028122168108852215
7027	0.028270681140803687
7176	0.021446236827198265
7202	0.38466062114837923
7203	0.051399902712799476
7215	0.3547164417649993
7221	0.12003886332097294
7225	0.045102440360926796
7226	0.018889624694897182
7335	0.05482282199448415
7362	0.014587918014432528
7402	0.06414421280299783
7562	0.019439648483045507
7589	0.012140155219487019
7591	0.08044752326562278
7677	0.011719973168606663
7767	0.03269915534342182
7800	0.029714939215728563
7850	0.04022376163281139
7867	0.03474057070554495
7884	0.02937580907868625
7891	0.04299013299056766
7912	0.011204050458298281
7913	0.01611262321022132
7996	0.011661339219467166
8015	0.30658225573839665
8043	0.0229255584428499
8082	0.03224694925136357
8251	0.038865351848056305
8279	0.029888840236931967
8288	0.02954396103954263
8516	0.04299013299056766
8540	0.05296807172300975
8551	0.030297548950651183
8556	0.04124190685487334
8595	0.030065765774885265
8609	0.06414421280299783
8617	0.11692256833012496
8620	0.024976807505123304
8676	0.02328570090193722
8715	0.03392629928093872
8721	0.02483947026031185
8760	0.030429124472384866
8794	0.014121309117020137
8797	0.04897921379229428
8824	0.022750158200950638
8828	0.05296807172300975
8879	0.062394519871538094
8903	0.04124190685487334
8921	0.02937580907868625
8930	0.021678329677459682
8940	0.036595320977019355
8957	0.019629802842126072
8999	0.08572312260273138
9048	0.03532204107828041
9125	0.04399252123069318
9201	0.04237340101575713
9251	0.03202816744260003
9328	0.023104036038478538
9334	0.051399902712799476
9336	0.05777482623122844
9364	0.02937580907868625
9391	0.024464994829849908
9406	0.02674534571814149
9430	0.07533429900102062
9441	0.030657692493524496
9457	0.027006205190700187
9459	0.057092852865521106
9471	0.02612104175785795
9499	0.02049753188850175
9507	0.04237340101575713
9611	0.03532204107828041
9619	0.10279980542559895
9620	0.030065765774885265
9648	0.02937580907868625
9781	0.07000605124068382
9793	0.10025263551648747
9802	0.03024582290036931
10107	0.02519558931388685
10121	0.03562573413838718
10177	0.03202816744260003
10184	0.051763333803099006
10212	0.03392629928093872
10213	0.015786120361978524
10421	0.021446236827198265
10451	0.03224694925136357
10556	0.02199626061534659
10647	0.051399902712799476
10695	0.03975051528089854
10705	0.03139871131101704
10715	0.02224140409217441
10749	0.02328570090193722
10873	0.06414421280299783
10909	0.038450071248493756
10922	0.020359122106971852
11047	0.04434854277532275
11066	0.10400260107906696
11067	0.05482282199448415
11069	0.09183342357106605
11073	0.038865351848056305
11105	0.033668742182053985
11186	0.017245253365731933
11194	0.057092852865521106
11209	0.030429124472384866
11210	0.05682172312622386
11252	0.06001943166048647
11276	0.04434854277532275
11280	0.04680187521837526
11288	0.040720102119530706
11372	0.045102440360926796
11435	0.06414421280299783
11474	0.02328570090193722
11590	0.03964715881197055
11596	0.03224694925136357
11634	0.032745501491980786
11659	0.025297071365588373
11699	0.013982656287779702
11730	0.038051080423450075
11904	0.01931482529720905
11931	0.07533429900102062
11989	0.06001943166048647
12175	0.03766714950051031
12257	0.03269915534342182
12365	0.03224694925136357
12425	0.020924432091855634
12500	0.06414421280299783
12518	0.024552872747647676
12520	0.05482282199448415
12532	0.036510820791550005
12535	0.05745937922987281
12581	0.10279980542559895
12675	0.1297715869501834
12676	0.010874087630169864
12798	0.02600065026976674
12818	0.04299013299056766
12840	0.020708742838827513
12862	0.1668162109008956
12887	0.024347351373540313
13001	0.027273930168505683
13002	0.04351377151807629
