56
t_index	tf-idf
111	0.08905820563604447
212	0.08774468728504893
336	0.12915167118492782
684	0.09827038835451686
886	0.08996381101520334
979	0.08817675263548579
998	0.08689714011270915
1255	0.1262757251546559
1710	0.09283975704547524
1972	0.15869461213434152
2008	0.07068935171538777
2063	0.04615424762107126
2315	0.07536012131480413
2397	0.061567315464704855
2462	0.14654037830627492
2654	0.10071984422684949
2900	0.3494447546764517
3533	0.043015094765058
3839	0.05841707301669237
3845	0.13068927533420246
4374	0.12118065539422958
4595	0.07391655002736983
4716	0.08731819712710966
5175	0.17209625923408134
5187	0.09654551725305689
5232	0.13549882477209635
5315	0.043574372552916706
5600	0.043574372552916706
5618	0.23780053306640092
5623	0.08045519107523047
5965	0.13399728671491123
6009	0.06918670529400808
6018	0.14409092243394228
6428	0.14181053357291318
7047	0.0923427171731443
7198	0.05771752248853023
7280	0.0923427171731443
7343	0.07595567848404691
8721	0.040352421506963075
8794	0.022940465788861115
9076	0.23633111200956425
9443	0.0908949297330614
9449	0.2923189298151001
9584	0.13399728671491123
9654	0.13767357520529847
9683	0.10406132652550071
10068	0.35445816348812925
10158	0.2167907375065367
10204	0.05841707301669237
10769	0.08905820563604447
10865	0.1262757251546559
11017	0.08607078385543641
11648	0.12915167118492782
12475	0.09544366426728605
12774	0.10549861943346063
12982	0.0825883523937479
