130
t_index	tf-idf
24	0.0637258491983465
129	0.040651100636038044
150	0.0713238975692387
186	0.06613455182614575
323	0.04631726201409103
660	0.03256941807990526
707	0.1378303898828789
949	0.03402997645394763
1256	0.09392183049658712
1353	0.06210938255424011
1407	0.07739334344710765
1428	0.039003289979610146
1435	0.10726246809714382
1452	0.12624243808621566
1646	0.07551752764599644
1671	0.06613455182614575
1710	0.10133491527795672
1786	0.09306658846304293
1808	0.06891519494143945
1813	0.05363123404857191
1958	0.062632273500464
2037	0.05363123404857191
2063	0.0755662808893634
2094	0.1547866868942153
2196	0.07220399770401469
2243	0.07622916697592033
2344	0.07312925048953146
2362	0.09721063325916236
2363	0.04229209274218539
2386	0.028147782858464202
2456	0.067471346595968
2717	0.0741045406845324
2794	0.02978877496461156
2966	0.04049492239157359
3244	0.05839612551292659
3256	0.1818777981358729
3265	0.11373912030864185
3533	0.11737781103722941
3568	0.062632273500464
3845	0.0713238975692387
3916	0.06968290546309133
4048	0.1502711825560757
4210	0.06110698720830537
4307	0.044097445662478155
4569	0.12624243808621566
4666	0.06160122290695857
4697	0.050942859546488535
4750	0.11373912030864185
4783	0.07312925048953146
4878	0.06317077541655221
5186	0.127451698396693
5187	0.3161392960080516
5315	0.07134236707626877
5446	0.04909790512938473
5600	0.023780789025422928
5681	0.09114118738129343
5725	0.07739334344710765
5808	0.067471346595968
5923	0.07048474745103309
6034	0.06110698720830537
6145	0.2114542423530993
6501	0.04428833077234739
6522	0.067471346595968
6577	0.12624243808621566
6591	0.02936432068587329
6646	0.05806360965410661
6671	0.03816413986140453
6794	0.07863786960371957
6849	0.020833810823983327
6971	0.08873248475349417
7015	0.04335348560449749
7047	0.10079239454163305
7198	0.06299887502467164
7343	0.08290588524795955
7439	0.0297030813376422
7562	0.03446996106042297
7677	0.020781601020379317
7886	0.05717958768551751
8011	0.06968290546309133
8290	0.059255262862598045
8305	0.046751945085024206
8399	0.014764364946114378
8721	0.044044807362707265
8794	0.012519798797041359
8798	0.03988339011438614
8848	0.051506607757183985
9045	0.05906581157454914
9068	0.05798142967345925
9069	0.12624243808621566
9076	0.0429927040870789
9117	0.04568426813466654
9441	0.01812051741189119
9457	0.047886814523684665
9683	0.05679164854992123
9787	0.058561230634660025
10158	0.35494175745488993
10204	0.06376243684085818
10258	0.06613455182614575
10301	0.10642514827416096
10307	0.15994932874708367
10419	0.06817882843210905
10674	0.07048474745103309
10700	0.05462442843814682
10768	0.053311960677476754
10782	0.09721063325916236
10799	0.07739334344710765
10894	0.034694044371293184
11036	0.08660785846210624
11080	0.04390855938629177
11296	0.06550155794672126
11318	0.09350389017004841
11386	0.050396197270816526
11441	0.0835678661898077
11474	0.04128969739625066
11519	0.0403400847494324
11629	0.10642514827416096
11659	0.04485621567051928
11721	0.04246471104082033
11839	0.07739334344710765
12391	0.02492445557450031
12417	0.04507273585747909
12532	0.06474019178209149
12577	0.10079239454163305
12626	0.0594061626752844
12703	0.08141851271901328
12741	0.09721063325916236
12749	0.1017649108253298
12838	0.10417708899868941
12839	0.04212111066057298
12989	0.09721063325916236
