349
t_index	tf-idf
24	0.023820624937760496
34	0.03166346493541634
44	0.03406843640850647
131	0.022661880897632974
208	0.011232018228429948
336	0.10538836305738204
376	0.012802084491407387
461	0.03633718599216057
512	0.02808556907167034
554	0.011704203893975905
556	0.016483557725056122
567	0.019042362962271863
684	0.04009454647654755
715	0.023216392179185388
759	0.03633718599216057
842	0.03633718599216057
886	0.03670544364741607
909	0.03166346493541634
979	0.01798815984088874
981	0.03316806705124896
989	0.02808556907167034
999	0.024034698606381934
1120	0.02081142070609526
1130	0.03747625391636375
1167	0.03166346493541634
1169	0.03166346493541634
1171	0.019927929340606745
1255	0.0257603944374785
1363	0.03510783655096696
1428	0.014579370124221313
1530	0.03406843640850647
1546	0.02137364239922664
1613	0.023820624937760496
1616	0.014889441613854722
1631	0.02548514176283949
1636	0.013182654377060852
1646	0.014114168150849187
1680	0.039621322189092784
1710	0.018939418150575045
1716	0.09950420115374689
1725	0.03633718599216057
1738	0.042457262687678236
1845	0.013679000766963807
1866	0.0257603944374785
1900	0.024034698606381934
1942	0.02214952660489585
2063	0.02824656018948258
2078	0.039622596269908335
2083	0.023820624937760496
2112	0.01574480672488941
2119	0.07568357621598638
2157	0.0277001639371965
2216	0.028929513378390108
2218	0.017727117401627423
2243	0.02849434599450473
2244	0.02634709076434551
2248	0.022316022821927874
2275	0.03161743913082985
2324	0.05978881438318588
2327	0.03406843640850647
2335	0.03510783655096696
2363	0.015808719565414926
2381	0.06502010912280383
2397	0.06279901892802513
2413	0.026989743878672107
2462	0.05978881438318588
2487	0.017727117401627423
2498	0.006607335600132463
2697	0.027335601954377203
2727	0.015938391911654044
2729	0.027335601954377203
2748	0.031020811821089737
2769	0.032373884993940734
2771	0.039781557607711196
2794	0.02226999701734139
2806	0.017558539766399806
2845	0.1372598879120103
2848	0.014852393420697822
2873	0.05097028352567898
2882	0.023026442880452268
2900	0.3920792446015717
2924	0.012174398651131185
3031	0.023026442880452268
3199	0.04532376179526595
3251	0.022841698332414527
3314	0.015373552181529542
3387	0.07568357621598638
3434	0.03406843640850647
3447	0.023411848014926108
3448	0.03043411549422273
3450	0.02548514176283949
3496	0.02397930820618689
3533	0.07020103390774655
3553	0.023820624937760496
3582	0.032373884993940734
3631	0.024484382151290625
3711	0.03784178810799319
3739	0.019253091180965548
3839	0.02383430134255685
3872	0.022661880897632974
3881	0.053979487757344215
3937	0.03747625391636375
3944	0.03784178810799319
3979	0.023820624937760496
3987	0.020947642595531286
4008	0.013965969785456177
4019	0.032373884993940734
4020	0.03787883630115009
4021	0.022661880897632974
4083	0.02306349107360917
4086	0.022316022821927874
4144	0.03784178810799319
4190	0.03784178810799319
4214	0.043974085475983554
4273	0.039781557607711196
4310	0.0284717379793864
4325	0.02849434599450473
4330	0.04304368152923929
4374	0.04944198859003601
4417	0.07267437198432114
4487	0.016999648650857044
4573	0.03784178810799319
4595	0.03015812392810404
4697	0.019042362962271863
4701	0.03316806705124896
4706	0.058411854734684306
4716	0.035626027042156505
4733	0.03043411549422273
4734	0.039781557607711196
4820	0.039781557607711196
4915	0.015618770266681807
4949	0.013314438784144511
4959	0.03633718599216057
5018	0.03633718599216057
5054	0.033991363033234245
5072	0.03670544364741607
5091	0.04009454647654755
5093	0.024034698606381934
5110	0.05137329882705079
5117	0.008443994575766143
5187	0.01969539753236912
5232	0.01382095873006866
5279	0.010699831124785312
5307	0.032373884993940734
5310	0.02817205453408024
5315	0.07111378044855418
5412	0.017900018008114554
5536	0.026660763794736007
5561	0.022841698332414527
5605	0.03510783655096696
5618	0.1212789616082294
5623	0.03282590464798007
5737	0.031020811821089737
5778	0.014908350208157416
5800	0.023411848014926108
5845	0.05209472691194174
5852	0.018352721823708035
5956	0.021673369707601278
5965	0.027335601954377203
5994	0.03784178810799319
5995	0.016004175401155642
6002	0.039781557607711196
6009	0.042342504452547565
6012	0.029394715351762236
6018	0.029394715351762236
6027	0.021828382377961385
6052	0.019253091180965548
6149	0.03510783655096696
6153	0.019360977549637705
6207	0.039781557607711196
6315	0.023820624937760496
6349	0.021987042737991777
6403	0.03510783655096696
6417	0.03670544364741607
6428	0.057859026756780216
6432	0.017460054071161128
6442	0.011634690348501397
6449	0.030043352951249783
6454	0.010095598366210202
6506	0.03784178810799319
6509	0.03633718599216057
6522	0.025220686134848708
6557	0.013139292464334018
6646	0.010852044229321083
6667	0.017727117401627423
6670	0.04021124427697439
6679	0.038084725924543726
6682	0.03784178810799319
6755	0.06633613410249792
6807	0.011531745536804585
6834	0.016999648650857044
6849	0.015575293225758654
6890	0.02548514176283949
6907	0.017233524842349256
6934	0.03316806705124896
6961	0.0277001639371965
6971	0.03316806705124896
6997	0.03406843640850647
7047	0.018838021439950593
7121	0.021521840764619646
7125	0.0277001639371965
7182	0.039781557607711196
7198	0.023548883103820428
7232	0.06086823098844546
7234	0.02248673457782248
7280	0.037676042879901186
7343	0.015495046535024424
7353	0.032373884993940734
7446	0.03633718599216057
7630	0.07021567310193393
7640	0.01739407419362076
7645	0.03316806705124896
7662	0.017558539766399806
7680	0.03784178810799319
7717	0.023200400964085644
7779	0.03510783655096696
7792	0.037676042879901186
7797	0.017813013521078253
7802	0.03784178810799319
7900	0.03166346493541634
7912	0.007426171265129296
7913	0.00533981437940501
7941	0.05978881438318588
7949	0.03784178810799319
7996	0.015458534848063404
8113	0.012364347949864305
8179	0.024966212380170272
8183	0.032373884993940734
8329	0.020168767591768656
8394	0.049932424760340544
8399	0.005518897029225224
8402	0.01634307859827501
8496	0.019582071264901645
8498	0.03633718599216057
8499	0.03166346493541634
8576	0.018738126958181875
8588	0.03633718599216057
8623	0.021101956817887648
8630	0.03829380776203253
8715	0.04497346915564496
8760	0.020168767591768656
8788	0.039781557607711196
8794	0.01871952654642917
8822	0.057859026756780216
8893	0.015938391911654044
8957	0.01301085516786318
9045	0.011039355001629976
9076	0.14463546312859524
9143	0.02248673457782248
9262	0.01739407419362076
9299	0.024034698606381934
9309	0.03939079506473824
9330	0.02989440719159294
9422	0.15621215975349514
9441	0.006773421686438955
9443	0.018542671122441155
9449	0.37270875520393537
9499	0.027171991572694624
9508	0.06813687281701294
9516	0.11588437200966421
9528	0.020753174229036078
9584	0.05467120390875441
9620	0.019927929340606745
9628	0.02214952660489585
9645	0.03784178810799319
9654	0.05617113814334068
9659	0.016773613378617762
9679	0.02548514176283949
9683	0.021228631343839118
9698	0.025220686134848708
9708	0.026989743878672107
9739	0.11757886140704894
9748	0.032373884993940734
9787	0.05472524604968787
9799	0.02989440719159294
9897	0.03316806705124896
9931	0.03510783655096696
10004	0.039781557607711196
10020	0.022841698332414527
10068	0.39770432127951866
10158	0.20638595587575542
10164	0.014579370124221313
10165	0.04718923022148165
10198	0.022661880897632974
10204	0.02383430134255685
10219	0.01436864190552763
10283	0.029394715351762236
10358	0.01669992134248241
10375	0.02849434599450473
10407	0.03784178810799319
10448	0.039781557607711196
10477	0.022841698332414527
10517	0.03406843640850647
10705	0.02081142070609526
10715	0.014741853991125388
10766	0.039781557607711196
10817	0.024720994295018006
10969	0.03166346493541634
11015	0.018838021439950593
11148	0.04764124987552099
11150	0.02248673457782248
11165	0.01655491028709489
11260	0.03510783655096696
11279	0.02248673457782248
11359	0.028929513378390108
11393	0.021828382377961385
11437	0.018352721823708035
11438	0.02511960757121005
11474	0.03086805143728813
11530	0.01798815984088874
11579	0.0277001639371965
11645	0.02849434599450473
11659	0.011178123195492435
11667	0.02604736345597087
11707	0.043974085475983554
11755	0.023820624937760496
11776	0.021228631343839118
11904	0.038406253474222156
11931	0.024966212380170272
11932	0.03406843640850647
11942	0.021987042737991777
12068	0.029394715351762236
12112	0.02989440719159294
12161	0.024034698606381934
12203	0.031020811821089737
12214	0.039781557607711196
12220	0.028929513378390108
12239	0.024484382151290625
12298	0.02248673457782248
12312	0.031020811821089737
12314	0.11571805351356043
12366	0.032373884993940734
12391	0.01863344672489515
12409	0.0442990532097917
12417	0.03369623941575083
12425	0.04160685019709077
12475	0.09735309122447386
12532	0.08469924625311469
12537	0.021521840764619646
12548	0.023216392179185388
12560	0.039781557607711196
12626	0.03330889908603025
12631	0.016205466593548816
12657	0.032373884993940734
12675	0.012287724918598662
12762	0.02029249132342604
12785	0.013725988791201028
12840	0.09608192153840721
12982	0.03369623941575083
