200
t_index	tf-idf
65	0.05041870173585695
73	0.04679735660521493
200	0.07764554884602555
342	0.058888857354168545
493	0.021973623184214874
496	0.31946655106794825
744	0.02638731550838699
866	0.06828145503489674
1036	0.0553978114099906
1213	0.05971071855141002
1417	0.04421539326863709
1428	0.025024173648272842
1460	0.025981192107891984
1573	0.11160115200145483
1616	0.038334575084136645
1636	0.022626837062643953
1646	0.024225696425731993
1832	0.05943350974541305
1942	0.038017664361721305
1996	0.03746546612150225
2019	0.03483023081976973
2056	0.0649520156705772
2109	0.12055297557316944
2209	0.059991287545936176
2214	0.08524503038733999
2224	0.026284440792607455
2287	0.023971327300153396
2363	0.10853696426968802
2386	0.018059374130549342
2397	0.04311554041653106
2487	0.030426997899220765
2498	0.01134089552575652
2509	0.24324623164996528
2654	0.07053402412841843
2681	0.05556685322170984
2727	0.027356811952310624
2752	0.08570450281704589
2798	0.0326844982589247
2816	0.027356811952310624
2818	0.23490847749881602
2845	0.023559421571623388
2848	0.02549279350789911
2948	0.030281419510279815
2955	0.040184325191056476
2976	0.029047589937593692
2986	0.027583747249175658
3041	0.024841912726811126
3048	0.04576079605021296
3219	0.048206345779809694
3319	0.04965490005210578
3433	0.020392989540360115
3533	0.09037030652702321
3536	0.09084425853083944
3569	0.03461787019520042
3613	0.05434748127653946
3663	0.040184325191056476
3672	0.03720038400048494
3820	0.043289032652962425
3848	0.02578335260106373
3850	0.05556685322170984
3927	0.03694029823891889
4008	0.1438279638009204
4083	0.03958640192572872
4118	0.04890797449307077
4135	0.02076837366827865
4380	0.09648691380690978
4445	0.03830344009903303
4525	0.04890797449307077
4692	0.06025943444614352
4936	0.04522240458923816
4972	0.023398678302607466
4984	0.030426997899220765
5105	0.05556685322170984
5110	0.022044408293691514
5524	0.025209350867928474
5675	0.022044408293691514
5747	0.03595473887871608
5765	0.018679522257493135
5796	0.05847539786339986
6066	0.03361085887459935
6161	0.06365364458371137
6260	0.3282817434277275
6417	0.03150079145545019
6432	0.014984303891808404
6449	0.02578335260106373
6460	0.03250780277605125
6497	0.031028345069314837
6606	0.0276989057049953
6796	0.025881849615341852
6807	0.01979320096286436
6843	0.042852251408522946
6849	0.026733585812231328
6854	0.042852251408522946
6883	0.03380537318981695
6953	0.0326844982589247
6955	0.05434748127653946
7015	0.05563044310323515
7028	0.04890797449307077
7202	0.2917409265631781
7379	0.08099605684808363
7616	0.020960732600433622
7625	0.04965490005210578
7674	0.040184325191056476
7677	0.026666591095005576
7717	0.07964279080483859
7911	0.024841912726811126
7913	0.01833061938084409
7996	0.02653318058941018
8012	0.031028345069314837
8015	0.10258384821747395
8018	0.07297403625933042
8047	0.036685929113340295
8110	0.04576079605021296
8170	0.05556685322170984
8178	0.04890797449307077
8279	0.0680064253932904
8288	0.03361085887459935
8402	0.056102840288163494
8707	0.03572092629374852
8721	0.014129383807434
8794	0.032130378673428196
8797	0.018573829017693992
8800	0.03118369410410525
8856	0.0553978114099906
8930	0.024662477670171483
8936	0.036685929113340295
8937	0.0522374138573903
8956	0.08099605684808363
8957	0.022331959217650077
8999	0.03250780277605125
9110	0.06025943444614352
9125	0.025024173648272842
9251	0.036437030717866546
9265	0.09781594898614154
9364	0.033419559819666725
9369	0.0276989057049953
9374	0.0227771421534359
9391	0.013916371733182768
9430	0.17140900563409178
9441	0.01162596731067478
9443	0.03182682229185568
9457	0.06144753238661519
9499	0.046638272414449254
9620	0.034204493062521046
9648	0.033419559819666725
9698	0.043289032652962425
9781	0.019910697701209647
9782	0.038596451428528744
9793	0.11405299308516391
9989	0.030281419510279815
10087	0.06025943444614352
10172	0.028292539892916985
10177	0.07287406143573309
10184	0.08833328603125282
10185	0.03150079145545019
10213	0.03591834303827754
10400	0.042852251408522946
10556	0.025024173648272842
10752	0.05131105324171564
10884	0.06025943444614352
10922	0.023161673515352033
10999	0.04374294688250173
11015	0.032333764469018055
11050	0.04231268564595702
11052	0.042852251408522946
11066	0.059159581594037496
11097	0.035046561030836976
11157	0.048206345779809694
11179	0.044707949702093505
11186	0.05885748796749348
11211	0.04691909487570794
11252	0.1365629100697935
11264	0.06025943444614352
11372	0.15393315972514693
11438	0.02155777020826553
11474	0.02649111287967157
11590	0.022552410251022316
11620	0.03182682229185568
11634	0.05587966494837285
11659	0.028779360170135874
11767	0.02649111287967157
11780	0.04421539326863709
11812	0.03199334788890661
11841	0.02818721683565922
11934	0.08099605684808363
11999	0.05847539786339986
12003	0.06025943444614352
12035	0.08099605684808363
12112	0.05131105324171564
12425	0.023804801703102473
12518	0.02793271828996286
12532	0.18691536301450787
12537	0.03694029823891889
12657	0.05556685322170984
12675	0.1265446282597803
12840	0.047118843143246776
12890	0.07297403625933042
12904	0.042852251408522946
13002	0.04950369490530118
13037	0.04632546068778625
