343
t_index	tf-idf
24	0.02350438362336076
44	0.03361614570926914
65	0.014492269278646382
131	0.022361023005761413
208	0.011082902568483939
336	0.10398923291101583
461	0.03585477549748322
512	0.027712706592113386
554	0.011548819522948508
556	0.016264722913854657
567	0.037579115185262094
684	0.03956225346949444
715	0.022908172625855077
759	0.03585477549748322
842	0.03585477549748322
886	0.03621814418424021
909	0.031243102505975916
979	0.01774935001425411
981	0.03272772960637537
989	0.027712706592113386
999	0.023715615261660987
1120	0.02053512942256186
1130	0.03697872121819754
1167	0.031243102505975916
1169	0.031243102505975916
1171	0.019663367240141085
1255	0.02541840084924774
1363	0.03464174683226234
1428	0.014385815203506564
1530	0.03361614570926914
1613	0.02350438362336076
1616	0.014691770200995212
1631	0.025146802414069164
1636	0.013007642178246931
1646	0.013926789226100326
1680	0.03909531168180875
1710	0.05606393841187897
1716	0.09818318881912612
1725	0.03585477549748322
1738	0.041893602389375895
1845	0.0134973991006128
1866	0.02541840084924774
1900	0.023715615261660987
1942	0.02185547070060425
2063	0.027871560400646936
2078	0.03909656884799704
2083	0.02350438362336076
2112	0.01553577953157863
2119	0.07467880519576535
2157	0.027332418075134715
2216	0.02854544674035559
2218	0.01749177316014523
2243	0.028116056614868067
2244	0.02599730822775396
2248	0.022019756522961308
2271	0.02066954283764099
2275	0.031197687737454887
2324	0.058995061352090206
2327	0.03361614570926914
2363	0.015598843868727444
2381	0.06415690570873996
2397	0.0619653025859601
2413	0.026631429514468615
2462	0.058995061352090206
2487	0.01749177316014523
2498	0.006519616973928254
2509	0.011653049922347353
2697	0.026972695997268717
2727	0.01572679469198708
2729	0.026972695997268717
2748	0.030608981219261262
2769	0.03194409106664202
2771	0.039253419823769654
2781	0.012632124717589639
2794	0.02197434175444028
2806	0.017325433552386752
2845	0.162525159772909
2848	0.01465521385762524
2873	0.05029360482813833
2882	0.022720745083627408
2900	0.3985974771968936
2924	0.01201277200021335
3031	0.022720745083627408
3199	0.044722046011522826
3251	0.022538453194109426
3314	0.015169453743239915
3387	0.07467880519576535
3434	0.03361614570926914
3447	0.02310103360060608
3448	0.03003007384075504
3450	0.025146802414069164
3496	0.023660960221390737
3533	0.07792767992191392
3582	0.03194409106664202
3631	0.02415932883241168
3711	0.037339402597882675
3739	0.01899748819501387
3839	0.023517878460954725
3872	0.022361023005761413
3881	0.05326285902893723
3937	0.03697872121819754
3944	0.037339402597882675
3987	0.02066954283764099
4004	0.026972695997268717
4008	0.013780558334104267
4019	0.03194409106664202
4020	0.037375958941252646
4021	0.022361023005761413
4072	0.01774935001425411
4078	0.019322100757340983
4083	0.022757301426997383
4086	0.022019756522961308
4144	0.037339402597882675
4190	0.037339402597882675
4214	0.0433902879212684
4273	0.039253419823769654
4310	0.028093748742522465
4325	0.028116056614868067
4330	0.04247223596645591
4374	0.04878559945250906
4417	0.07170955099496644
4487	0.016773962244739347
4573	0.037339402597882675
4595	0.02975774632357968
4706	0.05763638214460373
4716	0.05272958678223051
4733	0.03003007384075504
4734	0.039253419823769654
4820	0.039253419823769654
4915	0.015411416326499776
4949	0.013137677022746803
4959	0.03585477549748322
5018	0.03585477549748322
5054	0.033540095555913425
5072	0.03621814418424021
5091	0.03956225346949444
5093	0.023715615261660987
5110	0.050691269720401985
5117	0.008331892565411598
5187	0.019433922511477107
5232	0.013637472437560317
5279	0.010557780751732613
5307	0.03194409106664202
5310	0.027798043878252493
5315	0.07016967778711075
5412	0.017662378347633113
5446	0.018109072092120104
5536	0.0263068169521415
5561	0.022538453194109426
5605	0.03464174683226234
5618	0.11966886874424144
5623	0.032390109732466255
5737	0.030608981219261262
5778	0.014710427765833678
5800	0.02310103360060608
5845	0.051403120165478405
5852	0.018109072092120104
5938	0.02053512942256186
5956	0.02138563523624665
5965	0.026972695997268717
5994	0.037339402597882675
5995	0.015791704843478443
6002	0.039253419823769654
6009	0.027853578452200652
6012	0.02900447271776183
6018	0.02900447271776183
6027	0.021538589966869606
6052	0.01899748819501387
6149	0.03464174683226234
6153	0.019103942270153686
6207	0.039253419823769654
6315	0.02350438362336076
6349	0.0216951439606342
6403	0.03464174683226234
6417	0.03621814418424021
6428	0.05709089348071118
6432	0.017228255347853844
6442	0.011480228835503412
6449	0.029644499039939605
6454	0.009961569754226931
6506	0.037339402597882675
6509	0.03585477549748322
6522	0.0248858576845378
6557	0.012964855935902863
6646	0.01070797308341406
6667	0.01749177316014523
6670	0.026451601330868456
6679	0.037579115185262094
6682	0.037339402597882675
6755	0.06545545921275074
6807	0.011378650713498691
6834	0.016773962244739347
6849	0.015368516484395026
6890	0.025146802414069164
6907	0.017004733508699327
6934	0.03272772960637537
6971	0.03272772960637537
6997	0.03361614570926914
7047	0.018587928897188764
7052	0.03464174683226234
7121	0.021236117983227956
7125	0.027332418075134715
7182	0.039253419823769654
7198	0.023236249419151946
7232	0.06006014768151008
7234	0.02218820191891747
7280	0.05576378669156629
7343	0.015289335144339897
7446	0.03585477549748322
7640	0.017163151415560584
7645	0.03272772960637537
7662	0.017325433552386752
7680	0.037339402597882675
7717	0.022892393709252758
7779	0.03464174683226234
7792	0.03717585779437753
7797	0.017576528927410167
7802	0.037339402597882675
7900	0.031243102505975916
7912	0.007327581821402349
7913	0.005268923295631772
7941	0.058995061352090206
7949	0.037339402597882675
7996	0.015253308184538877
8082	0.0210898870912319
8113	0.01220019954244102
8179	0.024634762309514387
8183	0.03194409106664202
8329	0.019901008135847203
8394	0.049269524619028775
8399	0.005445628453983425
8402	0.016126108780280694
8496	0.019322100757340983
8498	0.03585477549748322
8499	0.031243102505975916
8576	0.01848936060909877
8588	0.03585477549748322
8623	0.02082180839281771
8630	0.03778542126370691
8715	0.04437640383783494
8760	0.019901008135847203
8788	0.039253419823769654
8794	0.01847100713539561
8822	0.05709089348071118
8893	0.01572679469198708
8957	0.012838123765958302
9045	0.010892797128150063
9076	0.14271529062732324
9143	0.02218820191891747
9262	0.017163151415560584
9299	0.023715615261660987
9309	0.019433922511477107
9330	0.029497530676045103
9422	0.15413829566072917
9441	0.006683498110432871
9443	0.01829649963434777
9449	0.36776069414584195
9499	0.02681125769806877
9508	0.06723229141853827
9516	0.1143458974222645
9528	0.010238828111273891
9584	0.053945391994537434
9628	0.02185547070060425
9645	0.037339402597882675
9654	0.05542541318422677
9659	0.01655092780441696
9679	0.025146802414069164
9683	0.020946801194687947
9698	0.0248858576845378
9708	0.026631429514468615
9739	0.11601789087104732
9748	0.03194409106664202
9787	0.03239923000497741
9799	0.029497530676045103
9897	0.03272772960637537
9931	0.03464174683226234
10004	0.039253419823769654
10020	0.022538453194109426
10068	0.42809936776659685
10158	0.16000756137824276
10164	0.014385815203506564
10198	0.022361023005761413
10204	0.023517878460954725
10219	0.014177884601123743
10283	0.02900447271776183
10358	0.016478214099724598
10407	0.037339402597882675
10448	0.039253419823769654
10705	0.02053512942256186
10715	0.014546141943476615
10817	0.02439279972625453
10969	0.031243102505975916
11015	0.018587928897188764
11148	0.04700876724672152
11150	0.02218820191891747
11165	0.016335128203180643
11260	0.03464174683226234
11279	0.02218820191891747
11359	0.02854544674035559
11393	0.021538589966869606
11437	0.018109072092120104
11438	0.02478612103438404
11474	0.030458248873963593
11530	0.01774935001425411
11579	0.027332418075134715
11645	0.028116056614868067
11659	0.011029723043057263
11667	0.025701560082739203
11707	0.0433902879212684
11755	0.02350438362336076
11776	0.020946801194687947
11904	0.03789637415276891
11931	0.024634762309514387
11932	0.03361614570926914
11942	0.0216951439606342
12068	0.02900447271776183
12112	0.029497530676045103
12161	0.023715615261660987
12203	0.030608981219261262
12214	0.039253419823769654
12220	0.02854544674035559
12298	0.02218820191891747
12312	0.030608981219261262
12314	0.11418178696142237
12366	0.03194409106664202
12391	0.01838607010486629
12409	0.0437109414012085
12417	0.033248889983441304
12425	0.0410544799285214
12475	0.0960606369076729
12532	0.09551403850327722
12537	0.04247223596645591
12548	0.022908172625855077
12560	0.039253419823769654
12626	0.03286669196276219
12631	0.015990323705005995
12657	0.03194409106664202
12675	0.012124593754349476
12762	0.020023089318007083
12774	0.021236117983227956
12785	0.013543763314409084
12840	0.10835010651527267
12982	0.033248889983441304
