216
t_index	tf-idf
65	0.022323271759626832
208	0.05121488729572689
412	0.021997899578407764
475	0.03794633422795929
567	0.028942630882624606
713	0.034443963452734275
749	0.060220746000508085
759	0.055229162660541356
909	0.04812553882658204
916	0.03084271039399997
979	0.027340339618774957
998	0.05388715849863644
1040	0.013545833483717547
1124	0.034177757242151656
1255	0.07830683503638093
1396	0.1150320374964087
1550	0.07172326641612296
1636	0.020036415671963848
1645	0.03271120786843223
1646	0.02145223047237767
1691	0.0640995873684623
1704	0.07172326641612296
1710	0.05757232857600947
1714	0.11045832532108271
1780	0.07172326641612296
1832	0.052629296034876774
1862	0.017789307647873304
1870	0.06461964258216367
1899	0.07172326641612296
1929	0.06461964258216367
1944	0.051780873081411584
2003	0.029593539312058836
2271	0.03183847974670019
2280	0.06046428902006841
2381	0.03294151785009999
2467	0.03366523230444145
2480	0.03084271039399997
2498	0.010042539141342127
2545	0.026193364201012388
2586	0.04467724924745226
2697	0.08309517457338718
2760	0.030110373000254043
2790	0.16568748798162408
2794	0.016924168095816088
2806	0.026687356831904718
2821	0.04926162145181898
2845	0.10431116870050931
2873	0.11620517671487923
2900	0.14446647194865897
3015	0.055229162660541356
3210	0.0383331108042469
3418	0.07172326641612296
3450	0.03873505890495974
3451	0.07172326641612296
3472	0.03248596005672544
3533	0.04001215505651951
3670	0.051780873081411584
3700	0.04102191499262273
3717	0.032265556661501
3830	0.03873505890495974
3923	0.023095480135103142
4067	0.035583844122634684
4087	0.029262918289302452
4135	0.018390717469535512
4310	0.05769921198378217
4342	0.07172326641612296
4353	0.051780873081411584
4374	0.03757362541349295
4530	0.050412394914245026
4534	0.055229162660541356
4558	0.04812553882658204
4688	0.0800902833681186
4696	0.051780873081411584
4706	0.177561235872353
4716	0.18951893385734636
4796	0.042101687790054534
4837	0.06046428902006841
4944	0.1150320374964087
5072	0.027894440122135898
5104	0.06461964258216367
5109	0.19385892774649102
5110	0.05856199785131773
5210	0.025053483531111972
5228	0.14344653283224593
5232	0.02100657926544644
5233	0.06046428902006841
5296	0.0400451416840593
5323	0.04467724924745226
5427	0.06461964258216367
5434	0.03958958389068475
5446	0.027894440122135898
5513	0.04920531162401384
5590	0.06046428902006841
5602	0.045436734638206216
5618	0.11059968429158244
5623	0.024946169850271833
5628	0.11045832532108271
5856	0.019647190555973363
5909	0.030470001579533633
5938	0.03163143507100043
5940	0.07172326641612296
5984	0.03142849056053943
5995	0.024324866726580116
6009	0.064356691417133
6056	0.06046428902006841
6184	0.009555589454032605
6373	0.02707413340819234
6407	0.045663118420083554
6412	0.03366523230444145
6445	0.07172326641612296
6464	0.03499806395609521
6476	0.04920531162401384
6526	0.021682540454045423
6547	0.06943453865228319
6609	0.04154758728669359
6669	0.029426895593586147
6670	0.020372457674945867
6890	0.03873505890495974
6907	0.026193364201012388
6936	0.14344653283224593
6986	0.03686656143052748
7009	0.07172326641612296
7017	0.0400451416840593
7020	0.028330606494630192
7047	0.02863205066386417
7162	0.0800902833681186
7178	0.06461964258216367
7212	0.03499806395609521
7231	0.14344653283224593
7280	0.08589615199159252
7353	0.14761593487204153
7362	0.014696042042104231
7589	0.012230136701257886
7619	0.023095480135103142
7677	0.011806840307696718
7797	0.10829653363276937
7863	0.07172326641612296
7912	0.011287093635576196
7939	0.07172326641612296
7957	0.04330877108028571
7990	0.04102191499262273
8002	0.03163143507100043
8014	0.0668365437027954
8015	0.018167918197531583
8402	0.22355971423477497
8496	0.029762937596568163
8553	0.022240955149378128
8576	0.02848022028867537
8630	0.11640609364946833
8656	0.05032386565508337
8721	0.012511788827164616
8809	0.040521895685357016
8893	0.024224881905442735
9076	0.07327750990711719
9095	0.027894440122135898
9244	0.14344653283224593
9299	0.07306103885509092
9406	0.02694357924931822
9422	0.10175487347599023
9429	0.07172326641612296
9449	0.1359558825756531
9486	0.018792665570248356
9528	0.01577145290591939
9541	0.039153417518190466
9577	0.03183847974670019
9787	0.016635462726081334
9813	0.14344653283224593
9891	0.14344653283224593
9894	0.09841062324802768
9904	0.031229486970287587
10001	0.03084271039399997
10068	0.027476081508905185
10107	0.025382336222766127
10158	0.02240625490838688
10178	0.029426895593586147
10207	0.017271603499501964
10219	0.02183900704866529
10254	0.07172326641612296
10421	0.021605193951982196
10481	0.020441008852799154
10764	0.07172326641612296
10865	0.039153417518190466
10902	0.1150320374964087
11003	0.07172326641612296
11210	0.014310719856350178
11350	0.050412394914245026
11353	0.019970509574233023
11400	0.06783658231732682
11474	0.11729145965043515
11530	0.027340339618774957
11823	0.055229162660541356
11839	0.043970185264486795
11904	0.019457984636522815
12060	0.051780873081411584
12085	0.07172326641612296
12144	0.05987036608800218
12258	0.055229162660541356
12303	0.053360665186109095
12393	0.24185715608027364
12410	0.06461964258216367
12425	0.04215904331582267
12437	0.029593539312058836
12466	0.07172326641612296
12475	0.0887806179361765
12532	0.036781434939071024
12535	0.028942630882624606
12626	0.033750964389717364
12628	0.030654661762437
12675	0.01867620564794653
12676	0.021909370319246113
12776	0.022323271759626832
12809	0.055229162660541356
12838	0.029593539312058836
12839	0.02393065032210544
12840	0.14603563618071305
12958	0.01794985969715266
