343
t_index	tf-idf
73	0.015706641664725598
112	0.022060306894491774
129	0.017507447030745395
147	0.036481394493802034
167	0.024295232746434924
208	0.012941088058072963
412	0.016675429971740246
413	0.009063217559380946
478	0.009753697226935316
557	0.013365293117976072
567	0.04387971794860486
631	0.02848255385173698
684	0.02309767692898545
710	0.03474700000325999
718	0.04898469150824942
771	0.0319150355211296
886	0.04229056335125309
887	0.04898469150824942
920	0.029680109669186452
924	0.024625867122441244
1007	0.026749010682792656
1046	0.026110124671585768
1120	0.02397809747935466
1130	0.02158933025904454
1133	0.08719962917099577
1171	0.022960173600777393
1428	0.016797774787368696
1441	0.022692259629707685
1447	0.0386517905099778
1480	0.03925230769724004
1554	0.33750306073309677
1613	0.0274451838172433
1616	0.02573254037810143
1636	0.045565602101911545
1646	0.048785362307621545
1660	0.022692259629707685
1662	0.04359981458549789
1664	0.045834740437441034
1690	0.019947725858177074
1710	0.04364250005130512
1720	0.01394101833223737
1738	0.07337637332468737
1829	0.046475315855033235
1832	0.019947725858177074
1848	0.027691831048417888
1900	0.027691831048417888
1966	0.032359084104547596
1972	0.037299912443881124
2009	0.04044986351468951
2063	0.09763371514778485
2078	0.05706448932308584
2083	0.0274451838172433
2094	0.033331443422993656
2158	0.025149800576665632
2189	0.033867430774488505
2209	0.020134933356140305
2218	0.0408489699081134
2220	0.026530158598378074
2275	0.018214182689232753
2277	0.03283006073999483
2291	0.02382425611098769
2313	0.028209938679172975
2315	0.01771280000623392
2316	0.025908327995189898
2324	0.0344431559887498
2347	0.01649545122207214
2354	0.03925230769724004
2381	0.02497120109646094
2431	0.036481394493802034
2480	0.023380207527569696
2487	0.061273454862170104
2498	0.007612711276956939
2545	0.019855787090100222
2607	0.036577050440990445
2661	0.045834740437441034
2667	0.045834740437441034
2702	0.07850461539448007
2760	0.022825061756421447
2763	0.030717479703680127
2781	0.01475005643338878
2821	0.018671298954844182
2835	0.025332602780928602
2845	0.03162908499942572
2873	0.029362974402106185
2882	0.026530158598378074
2900	0.06844518631363034
2917	0.038214937662746355
3031	0.026530158598378074
3041	0.016675429971740246
3076	0.036481394493802034
3085	0.01851591907073157
3101	0.029362974402106185
3199	0.026110124671585768
3209	0.05441225389680818
3272	0.012941088058072963
3328	0.0344431559887498
3363	0.025519810278891837
3437	0.030356078019212467
3450	0.029362974402106185
3466	0.04207625001601456
3488	0.02631730322227533
3505	0.036577050440990445
3533	0.05055178770479215
3536	0.060980291176642346
3569	0.023237657927516617
3588	0.035847457703162076
3739	0.022182651710120224
3830	0.11745189760842474
3839	0.013730470615510651
3848	0.017307382706956156
3851	0.026749010682792656
3897	0.022433277807057714
3923	0.017507447030745395
3927	0.02479661542943375
3980	0.04145049549766848
3987	0.024135046963479127
3988	0.033867430774488505
4008	0.032182078257762675
4013	0.017307382706956156
4020	0.02182125002565256
4048	0.032359084104547596
4074	0.01915700305485799
4086	0.025711640648298978
4099	0.016922077202914835
4150	0.033331443422993656
4152	0.033867430774488505
4214	0.15199561668557163
4247	0.01261045368206664
4308	0.025332602780928602
4310	0.02186934178489866
4466	0.047346804286493495
4537	0.045834740437441034
4595	0.03474700000325999
4688	0.030356078019212467
4695	0.045834740437441034
4697	0.3729776025631413
4699	0.04359981458549789
4701	0.038214937662746355
4716	0.06157035321731512
4770	0.032359084104547596
4829	0.030717479703680127
4915	0.035990661209636336
5029	0.04186627141655356
5064	0.023380207527569696
5110	0.014797571781707581
5187	0.022692259629707685
5208	0.038214937662746355
5210	0.01899170457988992
5232	0.015923963114669218
5246	0.01930946221710729
5304	0.021475916051632866
5315	0.03072543407418803
5430	0.03506498659193798
5443	0.02631730322227533
5456	0.045834740437441034
5600	0.010241811358062677
5605	0.04044986351468951
5618	0.02794656650024213
5726	0.021145281675626546
5738	0.032359084104547596
5778	0.017176812654739075
5814	0.045834740437441034
5911	0.025332602780928602
5920	0.045834740437441034
5938	0.02397809747935466
5976	0.03506498659193798
5995	0.018439379188236158
6009	0.032523574871747694
6027	0.025149800576665632
6131	0.045834740437441034
6145	0.030356078019212467
6184	0.007243580788768825
6222	0.04186627141655356
6309	0.024625867122441244
6376	0.045834740437441034
6417	0.021145281675626546
6430	0.02814028311577372
6433	0.026974207181796068
6454	0.011631749949031753
6522	0.058116558131996544
6670	0.015443269485794754
6807	0.013286422032092656
6890	0.029362974402106185
6893	0.0344431559887498
6961	0.0638300710422592
7030	0.0344431559887498
7047	0.021704424737952383
7052	0.04044986351468951
7120	0.03925230769724004
7198	0.013566046801119084
7281	0.04044986351468951
7381	0.026110124671585768
7542	0.24545490614356585
7562	0.014845379534009792
7575	0.02848255385173698
7580	0.07850461539448007
7589	0.055626071220040846
7622	0.04359981458549789
7664	0.04486655561411543
7677	0.008950133536011323
7717	0.04009587935392822
7748	0.032359084104547596
7814	0.04359981458549789
7846	0.045834740437441034
7996	0.008905356840110016
8049	0.04359981458549789
8076	0.02382425611098769
8082	0.09850346848976498
8159	0.028209938679172975
8271	0.022561689577490603
8317	0.0344431559887498
8402	0.15063880059948825
8433	0.01785278100476509
8496	0.022561689577490603
8553	0.016859677387658808
8576	0.06476799077713362
8585	0.031096517571050506
8630	0.11030153447245887
8655	0.024295232746434924
8656	0.019073914185477592
8707	0.04795619495870932
8790	0.036481394493802034
8794	0.04313579919761883
8797	0.024935808164027125
8798	0.051530437964217225
8803	0.026749010682792656
8821	0.033867430774488505
8884	0.029058279065998272
8922	0.030356078019212467
9021	0.0638300710422592
9045	0.01271910909286259
9076	0.16664327163658413
9095	0.021145281675626546
9111	0.058116558131996544
9117	0.019675110685613065
9126	0.036481394493802034
9198	0.01460922958203602
9265	0.09849018221998448
9293	0.028765084450321228
9299	0.027691831048417888
9310	0.037299912443881124
9317	0.024625867122441244
9334	0.03925230769724004
9338	0.027691831048417888
9364	0.022433277807057714
9397	0.023380207527569696
9412	0.032359084104547596
9422	0.025711640648298978
9435	0.02497120109646094
9449	0.15459131389265168
9577	0.024135046963479127
9603	0.04359981458549789
9654	0.032359084104547596
9683	0.02445879110822912
9739	0.06773486154897701
9787	0.03783136104619992
9944	0.04186627141655356
9969	0.06511327421385715
9984	0.0344431559887498
10068	0.06248443922563885
10094	0.015088933500069951
10103	0.009704056577318425
10158	0.08492491142665964
10161	0.021364133760041128
10167	0.02352542175986713
10174	0.02309767692898545
10207	0.013092677945412069
10356	0.0319150355211296
10358	0.01924099019968972
10385	0.04359981458549789
10451	0.04925173424488249
10481	0.015495234463709956
10517	0.03925230769724004
10548	0.036481394493802034
10635	0.02720612694840409
10659	0.033331443422993656
10745	0.031495001594337296
10791	0.07148190988392798
10792	0.045834740437441034
10852	0.038214937662746355
10865	0.029680109669186452
10878	0.016922077202914835
10881	0.04898469150824942
10913	0.01711234145292705
10974	0.04359981458549789
11097	0.02352542175986713
11099	0.026110124671585768
11148	0.0274451838172433
11150	0.025908327995189898
11168	0.026530158598378074
11210	0.03254457171592828
11246	0.07459982488776225
11318	0.020134933356140305
11353	0.015138574149686845
11400	0.025711640648298978
11404	0.045834740437441034
11410	0.01724182337078669
11437	0.04229056335125309
11438	0.014470910167348692
11459	0.03574095494196399
11463	0.07642987532549271
11464	0.03574095494196399
11503	0.03798340915977984
11564	0.016922077202914835
11590	0.015138574149686845
11641	0.036481394493802034
11659	0.0064394961642203555
11671	0.023237657927516617
11699	0.021356130967773345
11841	0.018921005222516524
11904	0.02950011286677756
11931	0.057530168900642456
11965	0.04359981458549789
12005	0.04359981458549789
12023	0.033867430774488505
12150	0.02193985897430243
12156	0.026110124671585768
12362	0.04359981458549789
12389	0.029680109669186452
12417	0.058235215520046665
12425	0.0319585136745792
12475	0.022433277807057714
12532	0.32064342164145954
12535	0.17551887179441944
12568	0.018671298954844182
12616	0.037299912443881124
12626	0.012792399591456078
12659	0.033331443422993656
12675	0.028314863272295564
12676	0.00830416033997454
12718	0.01744018483366992
12749	0.02921845916407204
12774	0.02479661542943375
12776	0.05076623160874451
12785	0.03162908499942572
12798	0.039711574180200444
12807	0.045834740437441034
12839	0.0181405448371156
12840	0.0790727124985643
12842	0.025519810278891837
12869	0.011663523961554663
12873	0.023673402143246747
12982	0.019411738506682222
