343
t_index	tf-idf
73	0.015493457836621255
112	0.021760885746845277
129	0.017269821148776593
147	0.035986238145373974
167	0.023965477294433817
208	0.012765440663108113
412	0.016449096929162133
413	0.008940203903406952
478	0.009621311796784542
557	0.013183888053071222
567	0.04328414529544941
631	0.02809596453532454
684	0.02278417571764139
710	0.03427538432411245
718	0.048319829835261
771	0.0314818576597055
886	0.041716560048678415
887	0.048319829835261
920	0.02927726611211696
924	0.024291624020980465
1007	0.026385950480803808
1046	0.0257557359710228
1120	0.023652646455486964
1130	0.021296301604728927
1133	0.0860160820351557
1171	0.022648538700928193
1428	0.01656978117745218
1441	0.02238426108492244
1447	0.03812717571071682
1480	0.038719542170690825
1554	0.3329221836735785
1613	0.02707267456452842
1616	0.03384436876132881
1636	0.04494714720281109
1646	0.04812320609917163
1660	0.02238426108492244
1662	0.04300804101757785
1664	0.045212632565166395
1690	0.01967697844754679
1710	0.043050147120132304
1720	0.013751799037675263
1738	0.07238044711132624
1829	0.04584451355128006
1832	0.01967697844754679
1848	0.027315974090824043
1900	0.027315974090824043
1966	0.03191987924009522
1972	0.03679364647738864
2009	0.03990084374748325
2063	0.09630854777008893
2078	0.06754795415861423
2083	0.02707267456452842
2094	0.032879040875279375
2158	0.024808446207129367
2189	0.03340775335300768
2209	0.019861645006974748
2218	0.04029453313130145
2220	0.026170068842022356
2275	0.017966964393026058
2277	0.03238446338221156
2291	0.023500893152317466
2313	0.02782704952650827
2315	0.017472386899958246
2316	0.025556678249833972
2324	0.03397566433761172
2347	0.016271561003342098
2354	0.038719542170690825
2381	0.024632270830160757
2431	0.035986238145373974
2480	0.02306287157192775
2487	0.060441799696952174
2498	0.007509385119340472
2545	0.0195862875502082
2607	0.036080595769124583
2661	0.045212632565166395
2667	0.045212632565166395
2702	0.07743908434138165
2760	0.022515260708825126
2763	0.030300556082913075
2781	0.014549856189291605
2821	0.018417876289971546
2835	0.024988767265229934
2845	0.031199788300389258
2873	0.028964435273170105
2882	0.026170068842022356
2900	0.06751619034204562
2917	0.03769625219989471
3031	0.026170068842022356
3041	0.016449096929162133
3076	0.035986238145373974
3085	0.01826460535309365
3101	0.028964435273170105
3199	0.0257557359710228
3209	0.05367372475549859
3272	0.012765440663108113
3328	0.03397566433761172
3363	0.025173433824657893
3437	0.029944059647843906
3450	0.028964435273170105
3466	0.041505155555329534
3488	0.025960102519154468
3505	0.036080595769124583
3533	0.049865656076499607
3536	0.06015261507697363
3569	0.02292225677564003
3588	0.035360905681151446
3739	0.02188156999513533
3830	0.11585774109268042
3839	0.013544109052678123
3848	0.0170724722672393
3851	0.026385950480803808
3897	0.022128794382661698
3923	0.017269821148776593
3927	0.024460054787501625
3980	0.0408878943066793
3987	0.023807465688437512
3988	0.03340775335300768
4008	0.03174527586640544
4013	0.0170724722672393
4020	0.021525073560066152
4048	0.09575963772028566
4074	0.0188969880030463
4086	0.02536266051000769
4099	0.01669239645545776
4150	0.032879040875279375
4152	0.03340775335300768
4214	0.17492137085660953
4247	0.012439293936561461
4308	0.024988767265229934
4310	0.021572512577271327
4466	0.046704173404490866
4537	0.045212632565166395
4595	0.03427538432411245
4688	0.029944059647843906
4695	0.045212632565166395
4697	0.36791523501132
4699	0.04300804101757785
4701	0.03769625219989471
4716	0.06073466829645249
4770	0.03191987924009522
4829	0.030300556082913075
4915	0.03550216550848921
5029	0.04129802696305712
5064	0.02306287157192775
5110	0.014596726619106213
5187	0.02238426108492244
5208	0.03769625219989471
5210	0.018733933098818923
5232	0.015707829615997662
5246	0.01904737786056887
5304	0.021184426750885863
5315	0.030308402489975243
5430	0.034589054929800106
5443	0.025960102519154468
5456	0.045212632565166395
5600	0.010102800829991748
5605	0.03990084374748325
5618	0.02756725205759623
5726	0.020858280024339208
5738	0.03191987924009522
5778	0.016943674422229944
5814	0.045212632565166395
5911	0.024988767265229934
5920	0.045212632565166395
5938	0.023652646455486964
5976	0.034589054929800106
5995	0.018189104334634318
6009	0.032082137399447756
6027	0.024808446207129367
6131	0.045212632565166395
6145	0.029944059647843906
6184	0.007145264782413318
6222	0.04129802696305712
6309	0.024291624020980465
6376	0.045212632565166395
6417	0.020858280024339208
6430	0.027758339387342356
6433	0.02660809042241207
6454	0.011473873998550493
6522	0.05732775103985715
6670	0.015233660367709215
6807	0.013106087472288405
6890	0.028964435273170105
6893	0.03397566433761172
6961	0.062963715319411
7030	0.03397566433761172
7047	0.02140983392400195
7052	0.03990084374748325
7113	0.02660809042241207
7120	0.038719542170690825
7198	0.013381916937393962
7281	0.03990084374748325
7381	0.0257557359710228
7542	0.24212338450860074
7562	0.01464388548415
7575	0.02809596453532454
7580	0.07743908434138165
7589	0.054871067123160894
7622	0.04300804101757785
7664	0.044257588765323395
7677	0.008828654752068793
7717	0.03955166415921366
7748	0.03191987924009522
7814	0.04300804101757785
7846	0.045212632565166395
8040	0.035986238145373974
8049	0.04300804101757785
8076	0.023500893152317466
8082	0.09716649608392186
8159	0.02782704952650827
8271	0.022255463239913086
8317	0.03397566433761172
8402	0.14859420336104945
8433	0.017610467957956885
8496	0.022255463239913086
8553	0.016630843583283088
8576	0.06388890481418678
8585	0.030674449327690836
8630	0.10880442873422638
8655	0.023965477294433817
8656	0.018815026886092264
8707	0.04730529291097393
8790	0.035986238145373974
8794	0.042550323639088644
8797	0.03689603742082123
8798	0.05083102326668983
8803	0.026385950480803808
8821	0.03340775335300768
8884	0.028663875519928574
8922	0.029944059647843906
9021	0.062963715319411
9045	0.012546474584202296
9076	0.1826460535309365
9095	0.020858280024339208
9111	0.05732775103985715
9117	0.01940806343873052
9126	0.035986238145373974
9198	0.014410940759101439
9265	0.0971533901466347
9293	0.028374660389610895
9299	0.027315974090824043
9310	0.03679364647738864
9317	0.024291624020980465
9334	0.038719542170690825
9338	0.027315974090824043
9364	0.022128794382661698
9397	0.02306287157192775
9412	0.03191987924009522
9422	0.02536266051000769
9435	0.024632270830160757
9449	0.1524930698000695
9577	0.023807465688437512
9603	0.04300804101757785
9654	0.03191987924009522
9683	0.02412681570377541
9739	0.06681550670601535
9787	0.03731788180968438
9944	0.04129802696305712
9969	0.06422950177200586
9984	0.03397566433761172
10068	0.06163634755617708
10094	0.014884133729742156
10103	0.009572344912059012
10158	0.0837722386844007
10161	0.021074161663120664
10167	0.02320611483381679
10174	0.02278417571764139
10207	0.012914973044254955
10356	0.0314818576597055
10358	0.018979835203297324
10385	0.04300804101757785
10451	0.04858324804196093
10481	0.015284920032983063
10517	0.038719542170690825
10548	0.035986238145373974
10635	0.026836862377749297
10659	0.032879040875279375
10745	0.03106752478870594
10791	0.0705116969310541
10792	0.045212632565166395
10852	0.03769625219989471
10865	0.02927726611211696
10878	0.01669239645545776
10881	0.048319829835261
10913	0.01688007827810995
10974	0.04300804101757785
11097	0.02320611483381679
11099	0.0257557359710228
11148	0.02707267456452842
11150	0.025556678249833972
11168	0.026170068842022356
11210	0.032102849256696306
11246	0.07358729295477728
11318	0.019861645006974748
11353	0.014933100614467685
11400	0.02536266051000769
11404	0.045212632565166395
11410	0.017007802757841903
11437	0.041716560048678415
11438	0.014274498732525055
11459	0.03525584846552705
11463	0.07539250439978942
11464	0.03525584846552705
11503	0.037467866197637846
11564	0.01669239645545776
11641	0.035986238145373974
11659	0.0063520938746249415
11671	0.02292225677564003
11699	0.021066267491519703
11841	0.018664193332933707
11904	0.02909971237858321
11931	0.05674932077922179
11965	0.04300804101757785
12005	0.04300804101757785
12023	0.03340775335300768
12150	0.021642072647724706
12156	0.0257557359710228
12362	0.04300804101757785
12389	0.02927726611211696
12417	0.05744479790945543
12425	0.03152474569087504
12475	0.022128794382661698
12532	0.316291377866531
12535	0.17313658118179764
12568	0.018417876289971546
12616	0.03679364647738864
12626	0.012618770322146922
12659	0.032879040875279375
12675	0.027930549994289386
12676	0.00819144925072598
12718	0.017203471891141985
12749	0.028821881518202877
12774	0.024460054787501625
12776	0.05007718936637327
12785	0.031199788300389258
12798	0.0391725751004164
12807	0.045212632565166395
12839	0.017894326016133645
12840	0.07799947075097315
12842	0.025173433824657893
12869	0.011505216747295413
12873	0.023352086702245433
12982	0.01914826596981848
