29
t_index	tf-idf
65	0.11456261183324455
208	0.08761128022991627
567	0.14853303865770018
684	0.1563714764171653
998	0.13827394318248917
1646	0.11009244428986813
1710	0.4431901650893786
2545	0.13442385363038506
2809	0.2587154648446312
2900	0.09267490293865194
3042	0.09156761138752471
3533	0.20534162902778125
4716	0.27788788935265524
5315	0.06933715317649912
5618	0.18919850155793594
5938	0.1623319313041449
5995	0.1248347596490125
6009	0.11009244428986813
7047	0.1469391468022381
7280	0.1469391468022381
7888	0.21322143842470925
8082	0.16671733749798406
8553	0.1141401645339017
8689	0.26573846912265614
9164	0.15828421106011129
9449	0.11628717308760875
10158	0.34496543938716534
12676	0.05621923870348833
12774	0.16787330504148382
