387
t_index	tf-idf
44	0.03440325864839584
73	0.013766315597470463
112	0.019335078329867333
129	0.01534465777445677
147	0.03197465128178143
157	0.017565021953373415
167	0.021293911750247172
208	0.011342405727774712
413	0.01588717892904878
416	0.0476530027167015
478	0.00854877045865997
479	0.04293334865222914
557	0.03514261935343638
567	0.03845901998038846
631	0.02496395051945112
684	0.020244296454978754
704	0.02836159210461459
710	0.030454515887024344
715	0.023444561277948132
771	0.05594479847019875
784	0.027972399235099376
869	0.03669430534625379
886	0.0370661822123093
920	0.026013565814719537
924	0.021583701080432113
1007	0.023444561277948132
1019	0.01349023636844989
1046	0.02288460029782115
1120	0.021015953911333728
1133	0.07642738917551356
1171	0.02012377965372863
1428	0.029445310333587427
1441	0.0198889625389408
1447	0.033876926584672555
1480	0.03440325864839584
1554	0.42728037340606323
1555	0.04293334865222914
1613	0.02405473239433969
1616	0.03007154803522072
1636	0.06656106296871202
1646	0.0285057624411183
1662	0.03821369458775678
1690	0.017483475810886235
1710	0.03825110688799707
1720	0.024437618455727828
1728	0.04293334865222914
1738	0.042874529732816545
1765	0.02760425436229351
1800	0.01400525314900341
1829	0.04073396969317615
1832	0.03496695162177247
1848	0.024270909964190106
1900	0.04854181992838021
1966	0.02836159210461459
1972	0.032692053299571734
1995	0.02288460029782115
2008	0.014562435503703742
2009	0.035452873943664254
2063	0.05704833086402581
2075	0.0476530027167015
2078	0.060018006613928115
2083	0.02405473239433969
2158	0.02204291021226862
2189	0.029683604583923478
2209	0.017647556558011354
2218	0.03580267657404963
2220	0.023252745170627014
2251	0.016029245167224853
2275	0.01596408656938325
2277	0.028774386458812057
2291	0.020881117396049705
2302	0.015227257943512172
2313	0.024725012967918167
2315	0.015524642390506395
2316	0.02270773265207705
2324	0.030188207360641935
2354	0.03440325864839584
2381	0.02188637408809106
2386	0.010625003709984407
2423	0.02760425436229351
2480	0.020491924526534495
2487	0.05370401486107445
2498	0.006672272038036749
2509	0.011925902927373446
2545	0.017402894734166886
2607	0.032058490334449706
2661	0.040172528008136615
2667	0.040172528008136615
2702	0.10320977594518753
2760	0.020005358903445805
2763	0.05384556787966192
2781	0.012927902493538992
2821	0.016364732799906016
2835	0.0222031298753586
2845	0.027721773721952434
2873	0.025735607975806086
2882	0.023252745170627014
2900	0.059989783687317756
2917	0.03349404052328442
2966	0.015285704838973447
3031	0.023252745170627014
3041	0.014615424265394972
3076	0.03197465128178143
3085	0.016228547830015445
3164	0.02546855329616957
3199	0.02288460029782115
3209	0.047690415016941795
3272	0.011342405727774712
3294	0.021015953911333728
3363	0.022367210622483716
3399	0.0476530027167015
3403	0.009261324472319855
3433	0.011997956737463553
3437	0.02660602815256342
3450	0.025735607975806086
3466	0.03687834415802518
3472	0.021583701080432113
3488	0.023066184965931606
3505	0.032058490334449706
3533	0.053168223615113856
3536	0.07126275635345738
3569	0.020366984846588075
3588	0.031419028118339916
3723	0.017402894734166886
3739	0.019442309231266077
3830	0.07720682392741826
3839	0.03610281481484661
3848	0.01516930847446844
3851	0.023444561277948132
3897	0.019661974136154833
3923	0.01534465777445677
3927	0.021733355929124027
3946	0.011147849020089149
3961	0.032692053299571734
3979	0.02405473239433969
3980	0.03632989246669758
3987	0.02115351458009018
3988	0.029683604583923478
4008	0.028206452743734463
4013	0.01516930847446844
4048	0.05672318420922918
4074	0.01679043525562523
4083	0.03493523620630097
4086	0.022535343152836708
4099	0.014831601835245387
4150	0.02921383063768891
4152	0.029683604583923478
4214	0.2442344286289446
4247	0.01105261639758977
4310	0.028751556253682694
4436	0.04293334865222914
4466	0.04149779846339442
4537	0.040172528008136615
4595	0.030454515887024344
4688	0.02660602815256342
4695	0.040172528008136615
4697	0.3653606898136904
4699	0.03821369458775678
4701	0.03349404052328442
4706	0.019661974136154833
4716	0.07195231435041877
4770	0.05672318420922918
4817	0.03349404052328442
4915	0.03154454092412426
5029	0.03669430534625379
5060	0.025735607975806086
5186	0.02405473239433969
5187	0.0198889625389408
5208	0.03349404052328442
5210	0.016645556991845806
5232	0.013956790157843393
5246	0.016924060316160186
5257	0.028774386458812057
5304	0.018822880436339593
5310	0.009482975846725146
5315	0.026929755664094387
5430	0.030733219879191895
5456	0.040172528008136615
5498	0.032692053299571734
5600	0.008976585221364797
5618	0.02449417657321655
5712	0.014831601835245387
5726	0.01853309110615465
5738	0.02836159210461459
5778	0.015054868444271828
5814	0.040172528008136615
5909	0.020244296454978754
5920	0.040172528008136615
5938	0.021015953911333728
5976	0.030733219879191895
5995	0.016161463331577343
6009	0.0285057624411183
6016	0.028774386458812057
6027	0.02204291021226862
6131	0.040172528008136615
6145	0.02660602815256342
6184	0.006348742227812693
6222	0.03669430534625379
6327	0.035452873943664254
6376	0.040172528008136615
6417	0.01853309110615465
6430	0.01233198116577387
6454	0.010194817209642475
6522	0.05093710659233914
6670	0.013535479202768846
6725	0.04293334865222914
6807	0.011645078735433656
6849	0.00786418306589189
6861	0.05384556787966192
6890	0.025735607975806086
6893	0.030188207360641935
6961	0.027972399235099376
6970	0.0476530027167015
7030	0.030188207360641935
7047	0.01902316021350562
7052	0.035452873943664254
7113	0.023641938040142228
7120	0.03440325864839584
7133	0.030733219879191895
7198	0.01189015995021254
7281	0.035452873943664254
7381	0.02288460029782115
7394	0.028206452743734463
7430	0.02288460029782115
7542	0.18439931927515135
7549	0.0476530027167015
7562	0.01301144981796961
7575	0.04992790103890224
7580	0.06880651729679169
7589	0.01625142764885739
7622	0.03821369458775678
7664	0.058985922408464495
7677	0.015688950639645052
7682	0.04001071780689161
7717	0.03514261935343638
7748	0.02836159210461459
7814	0.03821369458775678
7846	0.040172528008136615
8040	0.03197465128178143
8049	0.03821369458775678
8076	0.020881117396049705
8082	0.06475110324129633
8113	0.01248586390750043
8159	0.049450025935836334
8271	0.01977452250874419
8312	0.01400525314900341
8317	0.030188207360641935
8402	0.09902218347545816
8433	0.015647330782115713
8490	0.026013565814719537
8496	0.01977452250874419
8551	0.010139459006233947
8553	0.01477691060535838
8576	0.0567668519270096
8585	0.02725499721730907
8630	0.05800523498960201
8655	0.021293911750247172
8707	0.042031907822667455
8760	0.020366984846588075
8790	0.03197465128178143
8794	0.0378070015207104
8797	0.03278303015293006
8798	0.04516460533281549
8803	0.023444561277948132
8821	0.029683604583923478
8831	0.03669430534625379
8858	0.028774386458812057
8884	0.02546855329616957
9021	0.05594479847019875
9076	0.19474257396018535
9095	0.01853309110615465
9111	0.05093710659233914
9126	0.03197465128178143
9198	0.012804472741864319
9265	0.17264631875287234
9299	0.024270909964190106
9310	0.032692053299571734
9317	0.021583701080432113
9334	0.03440325864839584
9338	0.024270909964190106
9364	0.019661974136154833
9368	0.018255133267241208
9391	0.016375041596205227
9412	0.02836159210461459
9422	0.022535343152836708
9435	0.02188637408809106
9438	0.02725499721730907
9441	0.013679980813855535
9449	0.12043894755417463
9499	0.02743903602908045
9577	0.02115351458009018
9603	0.03821369458775678
9654	0.02836159210461459
9683	0.021437264866408273
9739	0.059367209167846956
9787	0.01105261639758977
9944	0.03669430534625379
9984	0.030188207360641935
10068	0.054765399801723624
10094	0.03967474875123214
10103	0.008505262185938355
10158	0.07443367956959415
10161	0.01872490721347577
10167	0.020619199662347924
10174	0.020244296454978754
10207	0.011475268899612508
10212	0.02270773265207705
10356	0.027972399235099376
10358	0.016864047015959754
10385	0.03821369458775678
10451	0.043167402160864225
10481	0.013581024666991338
10517	0.03440325864839584
10541	0.03349404052328442
10587	0.0476530027167015
10635	0.023845207508470898
10659	0.02921383063768891
10745	0.02760425436229351
10792	0.040172528008136615
10794	0.01816494623334879
10852	0.03349404052328442
10865	0.026013565814719537
10878	0.014831601835245387
10913	0.014998361717370061
10924	0.0476530027167015
10974	0.03821369458775678
11097	0.020619199662347924
11099	0.02288460029782115
11150	0.02270773265207705
11168	0.023252745170627014
11210	0.03803222057601721
11246	0.032692053299571734
11353	0.01326842452313233
11359	0.02921383063768891
11400	0.022535343152836708
11404	0.040172528008136615
11410	0.01511184803630893
11437	0.0370661822123093
11438	0.012683240669694524
11441	0.01577227046206213
11463	0.06698808104656884
11464	0.03132568221703578
11503	0.04993667097553741
11519	0.015227257943512172
11634	0.010958697370447705
11641	0.06394930256356286
11644	0.01650369724590969
11659	0.00564399050908803
11671	0.020366984846588075
11699	0.028076839573880005
11841	0.016583591506994497
11904	0.05171160997415597
11931	0.05042315718201371
11937	0.0198889625389408
11956	0.0476530027167015
11965	0.03821369458775678
12006	0.0476530027167015
12023	0.059367209167846956
12047	0.0476530027167015
12150	0.01922950999019423
12190	0.03821369458775678
12362	0.03821369458775678
12382	0.02921383063768891
12417	0.051041105593955
12425	0.042015759447010234
12475	0.019661974136154833
12532	0.2688138030130061
12535	0.13460656993135964
12568	0.016364732799906016
12616	0.032692053299571734
12626	0.011212085548525385
12659	0.02921383063768891
12675	0.037225463491127764
12676	0.007278302672991191
12718	0.015285704838973447
12749	0.025608945483728638
12774	0.021733355929124027
12776	0.04449480550573616
12785	0.027721773721952434
12798	0.05220868420250065
12807	0.040172528008136615
12839	0.015899545597875563
12840	0.0831653211658573
12862	0.013956790157843393
12869	0.010222666007210113
12873	0.02074889923169721
12982	0.017013701864651665
