160
t_index	tf-idf
129	0.033588327467851044
208	0.024827692051360428
258	0.08032113601301365
412	0.03199208894217529
413	0.03477586637986293
577	0.05633335333907216
627	0.07530620326815379
660	0.02691076656693017
837	0.08364696733130376
898	0.05694178260826202
988	0.10824247036590548
1021	0.07331599165347807
1045	0.08032113601301365
1129	0.10430891868695513
1554	0.0719450243430535
1574	0.09397794300912946
1613	0.05265404029782668
1636	0.05827890885446612
1680	0.04379025950512704
1764	0.06122952491869735
1765	0.06042368286440288
1839	0.03582119668527996
1885	0.09865641795907315
2063	0.04162486703233211
2188	0.05694178260826202
2282	0.05312723710117454
2298	0.04328497561214622
2315	0.06796460111370203
2386	0.023257351790025346
2438	0.10430891868695513
2439	0.10430891868695513
2487	0.039184713099191644
2538	0.20861783737391026
2545	0.0380936568160401
2611	0.05893199422293774
2781	0.028298227878908053
2785	0.08793470964173909
2816	0.03523084437085664
2899	0.04056757356304596
2900	0.15757587002580206
2986	0.03552309780082661
3046	0.08793470964173909
3055	0.07331599165347807
3244	0.048250309484684964
3290	0.10430891868695513
3488	0.050490182671875265
3533	0.0581906658303299
3789	0.050490182671875265
3839	0.0263421355787385
3866	0.040159206994049575
3885	0.06727275828608771
3976	0.09397794300912946
3979	0.05265404029782668
4195	0.04630348784935244
4214	0.0972020370902241
4332	0.023000372193321565
4380	0.0414194881343302
4396	0.06497522759032809
4595	0.06666269574229451
4697	0.12627594986291363
4716	0.03937458123853761
4755	0.08793470964173909
4777	0.16729393466260753
4861	0.09260697569870488
4984	0.039184713099191644
5187	0.04353547642266759
5232	0.09165116194420704
5315	0.09824542469111759
5408	0.20861783737391026
5769	0.10430891868695513
5856	0.028573394722991176
6075	0.07156050059652304
6161	0.04098744491638661
6315	0.05265404029782668
6531	0.03881208250609094
6557	0.02904360556071192
6585	0.02866625762388519
6625	0.05574879028375366
6670	0.08888450584809128
6807	0.05098044201490853
6849	0.017214118422634993
6890	0.11266670667814432
6916	0.20861783737391026
6921	0.08032113601301365
6969	0.0397617315087515
7015	0.03582119668527996
7053	0.10430891868695513
7280	0.041640298800814546
7362	0.021372817092520636
7575	0.10928850382500481
7591	0.05893199422293774
7677	0.034341959231476225
7733	0.050490182671875265
7890	0.07156050059652304
7912	0.016415099187126622
7913	0.011803334389871778
7994	0.06497522759032809
8040	0.06999016033518796
8082	0.09449026892793366
8399	0.03659755703332538
8553	0.03234557066513068
8620	0.03659362068212603
8676	0.03411597362665922
8794	0.020689186528634055
8820	0.06607976596157936
8835	0.10430891868695513
8837	0.10430891868695513
8844	0.07156050059652304
8855	0.05694178260826202
8856	0.03567140198342078
8864	0.052195405730496004
8915	0.05518629155130699
8957	0.028759702741126394
9076	0.07104619560165322
9151	0.048250309484684964
9265	0.1889550479269571
9391	0.017921880941150378
9441	0.014972236008240524
9443	0.04098744491638661
9449	0.23067799954024368
9468	0.03582119668527996
9475	0.0513184205942123
9481	0.044313276234676714
9719	0.10430891868695513
9781	0.025641536493701055
9784	0.05312723710117454
9787	0.02419336451782991
10068	0.27971401005699287
10158	0.1955158211360603
10161	0.04098744491638661
10201	0.05312723710117454
10204	0.0263421355787385
10276	0.0497055569163633
10358	0.03691415878614115
10439	0.07331599165347807
10480	0.03862920355673374
10548	0.06999016033518796
10568	0.05574879028375366
10795	0.05893199422293774
10806	0.052195405730496004
10837	0.09397794300912946
11148	0.05265404029782668
11240	0.1026368411884246
11359	0.06394692696779761
11648	0.05823863909788637
11748	0.03995914429385612
11784	0.04757271792258155
11802	0.04757271792258155
12084	0.07156050059652304
12103	0.10430891868695513
12391	0.04118809885565817
12532	0.10698429945980925
12535	0.08418396657527574
12626	0.04908486152468306
12749	0.056056098458297086
12774	0.04757271792258155
12840	0.030340462050336275
12869	0.08950665658147551
12958	0.02610492451263571
12982	0.07448348448951171
