76
t_index	tf-idf
65	0.06677583765778186
73	0.06197963414160579
105	0.08610835606824037
212	0.08138270732587653
288	0.17204827195618186
345	0.21454656136699413
576	0.1259392216006555
1036	0.2934811991542506
1040	0.04051979420346354
1500	0.22913681311267717
1531	0.10735750077364653
1546	0.0971755940734624
1646	0.0641702826917858
1845	0.06219178748443703
1917	0.05274048999970935
1948	0.1259392216006555
2037	0.18229047254507888
2063	0.0428078068566061
2397	0.057103341186079355
2607	0.07216794820636326
2845	0.062405419259700355
2891	0.08218949166890872
2899	0.08344093218984318
2906	0.07728916418789432
3496	0.05451114688086989
3533	0.07979252023514935
4072	0.08178344552494295
4099	0.06677583765778186
4276	0.0673581950609325
4391	0.10146014116696608
4397	0.21454656136699413
5712	0.13355167531556372
5777	0.13364352568335175
6013	0.06855718726164921
6432	0.0396912022580964
6849	0.035406655164592724
7183	0.041696959393155195
7202	0.19319462897295214
7362	0.04396042516448287
7886	0.0971755940734624
7891	0.12954998254536954
8015	0.05434588483272176
8279	0.2702084265600277
8399	0.10036700108066428
8617	0.10066972271222524
8794	0.0425543077531096
8930	0.19598175460009792
9045	0.05019059739251823
9160	0.1359153823225817
9441	0.061590931858539484
9471	0.07871528344747934
9485	0.09461944449396881
9499	0.06176893890886968
9611	0.10644232726988895
9649	0.1276914719752951
10185	0.08344093218984318
10480	0.07945401884871951
10556	0.06628533062241923
10782	0.16520757528318455
10795	0.12121357285829165
10878	0.06677583765778186
10909	0.11586858919937496
11018	0.0971755940734624
11050	0.056040019482488164
11080	0.07462174030949711
11412	0.08344093218984318
11519	0.06855718726164921
11590	0.05973799538130315
11659	0.02541075456066465
11841	0.03733188183431682
11937	0.08954542796085266
12016	0.193297416661588
12148	0.03285050558509911
12459	0.17204827195618186
12840	0.062405419259700355
13002	0.19669193656205336
