49
t_index	tf-idf
114	0.09084244890509621
287	0.13959179852549838
554	0.08438679646626682
583	0.14038230312699804
586	0.1330022596060223
858	0.1687983968180527
1279	0.07084396338545194
2146	0.289079920648438
2160	0.12918246894419488
2369	0.19459486898877693
2498	0.04763859973079216
2849	0.19135546317212088
2924	0.08777688003205215
3452	0.1608975452640444
3502	0.18184004028642198
3594	0.24563193149841658
3858	0.07758132442362188
4276	0.0534089944783624
4858	0.23976025554373706
5852	0.13232231898629052
6022	0.22365869196041646
6184	0.04532866586682789
6297	0.20858052195987958
6432	0.06294311183144366
7039	0.09027050158078155
7135	0.10550399108030019
7362	0.06971333191907605
7733	0.1646876426267168
7913	0.03849982735130085
7961	0.2728376316677478
8398	0.10550399108030019
8551	0.07239357543144799
9012	0.20858052195987958
9322	0.10668497940226554
9337	0.09567773158606044
9856	0.07259079664241275
9950	0.12201739333886537
10094	0.18884616458532194
11089	0.1551715274815172
11493	0.08193097325700455
11817	0.13369184509471313
11870	0.1358213079232567
11904	0.09230246739604263
12148	0.0520949966019378
12291	0.07440274407779009
12485	0.19009271914252004
12676	0.05196552925024372
12785	0.09896377685435813
12964	0.10435101304408526
