184
t_index	tf-idf
6	0.07758435309105535
27	0.03079098398738472
31	0.2523603873346202
66	0.04101790177765775
76	0.13549250239959387
81	0.02651308103825294
114	0.023332711114010137
129	0.08441897508289516
202	0.06442290523983708
220	0.05357351240039386
229	0.042993591286367164
287	0.07170777864615319
303	0.06729151157449453
348	0.02632388558604228
413	0.10197094512234813
434	0.04491841856198507
478	0.01567708342856922
493	0.04741542820168034
554	0.021674589000139965
557	0.04296397773742018
659	0.11523498670076263
701	0.04577990915683745
714	0.06309009683365505
742	0.3183910096628313
744	0.056939442960039735
778	0.09098068974181575
797	0.06501492410927294
949	0.023556358781509752
989	0.0520106426697517
1019	0.024738944862540913
1040	0.033008634089141925
1140	0.06324747313929213
1279	0.09098068974181575
1283	0.07380761340013796
1522	0.06501492410927294
1531	0.04372831266081751
1616	0.01378660737395328
1641	0.05443500299524624
1681	0.030265152147333538
1720	0.022407349991360112
2160	0.1659013635805007
2287	0.025863070895743464
2302	0.02792436576969493
2420	0.1849360783979216
2467	0.04101790177765775
2498	0.012235884201622154
2560	0.08143400764229117
2611	0.04937209765955437
2668	0.05995201877358106
2886	0.05995201877358106
2972	0.039297011066846306
2980	0.05443500299524624
3080	0.034518164734152264
3083	0.033477006853105985
3272	0.02080016556005159
3294	0.03853991218879786
3359	0.04879121799650939
3433	0.04400468339983106
3581	0.028031548066929157
3780	0.026608764732199603
3826	0.04101790177765775
3839	0.02206893738288747
3858	0.07970646553175949
3860	0.0873880171217824
3923	0.05627931672193011
3998	0.02892383192266281
4008	0.025863070895743464
4086	0.04132623005926815
4183	0.03398673725835469
4242	0.13002984821854588
4334	0.05863641773608573
4708	0.02869896350983596
5106	0.045341735743746746
5170	0.04229970939544934
5232	0.025594530202632446
5239	0.04670527027948747
5246	0.015518015532737208
5487	0.03039454875563777
5561	0.08459941879089868
5600	0.01646162756381419
5623	0.03039454875563777
5675	0.11892042676977894
5704	0.04491841856198507
5748	0.045341735743746746
5761	0.04879121799650939
5802	0.11951089369298831
5810	0.05190776675144565
5841	0.06977089189242631
5911	0.040717003821145584
5923	0.19516487198603755
6023	0.07007782944496482
6150	0.0416423649437956
6184	0.011642582059397279
6297	0.16072053720118157
6313	0.06324747313929213
6454	0.0186956709982398
6501	0.03065743553832432
6563	0.09663435785975563
6849	0.014421659186864385
7180	0.16786684814304342
7195	0.07007782944496482
7198	0.021804659561269042
7227	0.042993591286367164
7275	0.024738944862540913
7362	0.0179057373955454
7562	0.04772185317394186
7577	0.05995201877358106
7604	0.019484564522556258
7616	0.022614889300196034
7639	0.0356540984854537
7677	0.014385518319494917
7717	0.02148198886871009
7792	0.03488544594621316
7808	0.04042318647778548
7897	0.028469721480019868
7913	0.16810633273345368
7996	0.014313548892828487
8009	0.023938243620125563
8023	0.0832847298875912
8047	0.03958107006984413
8058	0.03206190998273679
8113	0.022897085739079292
8149	0.07367001794768174
8288	0.036263324723576275
8299	0.06501492410927294
8398	0.05419700095983755
8399	0.010220244446024894
8417	0.04042318647778548
8551	0.07437661148113403
8580	0.14158501808161997
8895	0.03958107006984413
8938	0.09041124812135665
9045	0.04088675909176908
9215	0.02988481835038907
9313	0.07873292328337363
9322	0.02740183509581211
9337	0.024574644321550355
9369	0.02988481835038907
9426	0.03985551322629319
9441	0.02508690595415246
9487	0.0873880171217824
9500	0.045341735743746746
9526	0.04719500602720665
9528	0.03843204765889048
9856	0.01864480876514829
9950	0.031339936604247304
10121	0.04372831266081751
10164	0.05399800929408981
10174	0.07424963063685733
10276	0.0416423649437956
10329	0.021674589000139965
10426	0.04101790177765775
10467	0.04411254792973844
10506	0.1759092532082572
10751	0.0373498062876303
11119	0.0416423649437956
11165	0.03065743553832432
11167	0.053410374607369616
11173	0.14734003589536349
11186	0.021167446772112488
11210	0.01743625875285898
11244	0.28056913369734066
11380	0.04229970939544934
11386	0.03488544594621316
11493	0.06313144636685812
11594	0.058790165205339785
11620	0.03433849744795837
11634	0.060289516641863626
11659	0.020700359311061785
11699	0.017162817293972465
11810	0.037812328088596775
11841	0.015205832748562137
11860	0.1127196605417283
11870	0.06977089189242631
11887	0.043355548831342905
12148	0.013380501305818106
12243	0.05863641773608573
12392	0.1261801936673101
12485	0.02441247761419751
12620	0.09944517464037245
12626	0.020561179107859723
12646	0.03690380670006898
12963	0.07581254818703474
12964	0.10720944101168343
