127
t_index	tf-idf
27	0.028770649160735493
67	0.041218125428944125
105	0.03277190732490564
126	0.03750261269005038
131	0.07842617494167613
171	0.060749002777114924
212	0.030973376616549392
343	0.2191560754821515
348	0.024596657159565223
376	0.0221521444419493
401	0.036733057663324235
450	0.057392513904487824
478	0.014648439535798516
499	0.03648742006379939
706	0.05478901887053787
715	0.04017258855926503
761	0.04085910156267749
1044	0.041588548763652075
1258	0.020558669187780543
1471	0.12149800555422985
1477	0.08165409661780336
1917	0.12043475426502177
1995	0.039213087470838064
2008	0.024952939958035502
2063	0.01629218746175308
2178	0.04670182463276603
2214	0.028645863425552386
2218	0.06134839454993679
2398	0.04051079644316523
2709	0.04577236475755509
2911	0.02852239819911627
2912	0.06287621310830972
2921	0.07356690238003152
2940	0.0369839781948033
2986	0.027807847080626703
2996	0.03427946646903067
3107	0.031125893233066214
3205	0.03259645507092318
3239	0.03750261269005038
3289	0.04017258855926503
3294	0.07202227072208849
3403	0.015869410953333045
3409	0.06883619701488677
3553	0.041218125428944125
3780	0.02486284410476516
3789	0.03952423537734777
3848	0.02599282540836383
3858	0.01861914153665933
3874	0.043200397809053596
4080	0.057392513904487824
4287	0.020373957862586382
4405	0.03313093119117228
4422	0.01893881509573805
4708	0.013407947773876445
4847	0.08165409661780336
5213	0.026395187867921475
5417	0.061946753233098784
5515	0.056018297411970175
5595	0.036733057663324235
5715	0.029024297302985964
5716	0.10345584370406127
5802	0.0159527495578189
5810	0.07275279737089588
5856	0.02236754788353046
5860	0.06287621310830972
6204	0.056018297411970175
6292	0.20939470593660264
6299	0.24496228985341006
6430	0.021131024787365837
6497	0.0312804299958995
6531	0.030382498206137
6557	0.022735633773570362
6660	0.060749002777114924
6807	0.019954007721989055
7039	0.0649934475083302
7183	0.07934705476666523
7226	0.021664482502776732
7405	0.030674197274968396
7589	0.013923525987502511
7593	0.5142628072865392
7600	0.054052018667019794
7767	0.03750261269005038
7790	0.041588548763652075
7808	0.03777083956095209
7843	0.03648742006379939
7867	0.07968781787285298
7912	0.012849908827442266
7913	0.009239771812564697
7996	0.01337437262834224
8009	0.02236754788353046
8721	0.02848835154348725
8794	0.016195708449656388
8824	0.026092122646197466
8936	0.0369839781948033
9002	0.031919897149191086
9043	0.08165409661780336
9241	0.04972568820953032
9266	0.02486284410476516
9267	0.03648742006379939
9441	0.046881682640022126
9486	0.042789410099542804
9661	0.06547970814225967
9806	0.05008747390680087
9807	0.20529598728742599
10096	0.10172655566197364
10329	0.020252421815478636
10367	0.036733057663324235
10445	0.036733057663324235
10467	0.041218125428944125
10654	0.05655863902134243
10744	0.05159346158415519
10794	0.031125893233066214
10855	0.13038582028369272
11122	0.2998320557663295
11160	0.02852239819911627
11221	0.042776083593214984
11244	0.023832702911419243
11634	0.018777883509493637
11699	0.04811006317729172
11715	0.036733057663324235
11782	0.07297484012759878
11952	0.06287621310830972
12384	0.40827048308901676
12405	0.034688889355443134
12504	0.030674197274968396
12682	0.05086327783098682
12727	0.043200397809053596
