218
t_index	tf-idf
70	0.04418264625198103
99	0.06195192757100873
112	0.0358258541385893
208	0.021016277578573675
278	0.03972098334082712
413	0.05887452279999905
495	0.05182989578868352
548	0.1416118647197606
660	0.0227795696375175
691	0.0985963095198361
693	0.05331589324923479
715	0.04344029118255719
989	0.052551028992136484
1019	0.049991960951574224
1040	0.016675795548457537
1058	0.052551028992136484
1321	0.0708059323598803
1467	0.0985963095198361
1500	0.023575136073652088
1503	0.04671438728074652
1554	0.0609004090619048
1560	0.12609835677136097
1616	0.013929849096696045
1646	0.026409080684903243
1669	0.02434466702077769
1683	0.08829597147052577
1690	0.032395030604495216
1896	0.052551028992136484
1912	0.04768535827883923
1926	0.13491428356585425
1928	0.059245645319359753
1996	0.020421054163159435
1998	0.03416583465910303
2023	0.043084876233360776
2063	0.22902646071309127
2094	0.05413013681142275
2211	0.059245645319359753
2217	0.06333111196333473
2298	0.03664009770077725
2306	0.07955095191520305
2320	0.07955095191520305
2418	0.03349280062311547
2483	0.08168636015659468
2487	0.03316928555524996
2498	0.04945205614987186
2587	0.037969367725423774
2609	0.11849129063871951
2668	0.06057491534400627
2691	0.0679906648746825
2754	0.037969367725423774
2821	0.03032211818872128
2899	0.034339856678038023
3085	0.030069781850386865
3175	0.04418264625198103
3210	0.04719053421676618
3272	0.021016277578573675
3294	0.03894033872351648
3330	0.04418264625198103
3410	0.04671438728074652
3447	0.08761201887362748
3465	0.06509225395488663
3466	0.1366633386364121
3496	0.022433893319715438
3533	0.08209591015295523
3607	0.13138084770388656
3829	0.05050062576403701
3836	0.10365979157736704
3845	0.04988506971514071
3866	0.033994180360235965
3887	0.07955095191520305
3910	0.040269608748162995
3956	0.05331589324923479
3979	0.04457087369391204
4087	0.03602454165188095
4214	0.04114005015981797
4235	0.040269608748162995
4255	0.03316928555524996
4311	0.06057491534400627
4327	0.05413013681142275
4487	0.03180811564927254
4547	0.03180811564927254
4595	0.056428995291138845
4650	0.20459104918347235
4674	0.05413013681142275
4697	0.07126049435249132
4706	0.03643155747605557
4708	0.014498571696430611
4817	0.12412182560911508
4968	0.04207502570882918
5187	0.03685214296687304
5246	0.01567924644460446
5279	0.040041000003573454
5304	0.06975361128366686
5315	0.016632662527488094
5534	0.06569042385194328
5642	0.06057491534400627
5693	0.08829597147052577
5742	0.06569042385194328
5766	0.052551028992136484
5860	0.0679906648746825
5924	0.0358258541385893
5925	0.043084876233360776
5966	0.08829597147052577
5978	0.06374559777840047
6016	0.10663178649846958
6187	0.05050062576403701
6244	0.11608634863048158
6245	0.06206091280455754
6407	0.02810712341155029
6432	0.11434353773453786
6433	0.04380600943681374
6439	0.03685214296687304
6442	0.0435394382259718
6501	0.030975963785504365
6537	0.07955095191520305
6646	0.04061061319168655
6759	0.04114005015981797
6814	0.0708059323598803
6849	0.029142998091980312
6877	0.07955095191520305
6908	0.04418264625198103
7019	0.033994180360235965
7039	0.07028011850804575
7222	0.048200384741297786
7226	0.023426706169348582
7236	0.13138084770388656
7275	0.024995980475787112
7384	0.0679906648746825
7391	0.0679906648746825
7589	0.03011217573359564
7797	0.03333000615350643
7800	0.03685214296687304
7815	0.03469527162723444
7934	0.07443544340726603
7996	0.014462265494843652
8024	0.14887088681453206
8082	0.03999231414977043
8192	0.05413013681142275
8201	0.04625555866775497
8240	0.05331589324923479
8399	0.03097929584912434
8402	0.06115920920434723
8542	0.05804317431524079
8676	0.02887867185229896
8760	0.07547573543879503
8774	0.07955095191520305
8783	0.027080834583266548
8794	0.1225916529989281
8798	0.027895078145454506
8824	0.028214497645569422
8841	0.037067813113426155
8854	0.04497142785528475
8855	0.048200384741297786
8916	0.06374559777840047
8997	0.043084876233360776
9002	0.0345163126501676
9045	0.02065578458690784
9330	0.055935553772088926
9358	0.05182989578868352
9370	0.041444074421482055
9391	0.015170609648701802
9394	0.04207502570882918
9477	0.048200384741297786
9604	0.06374559777840047
9683	0.03972098334082712
9781	0.021705184975629652
9806	0.027080834583266548
9807	0.024666121259441474
9847	0.037737867719397515
9854	0.04929815475991805
10050	0.061420691261304575
10094	0.024504370372805437
10103	0.01575935081748269
10158	0.05516709271644459
10201	0.04497142785528475
10213	0.01957777400278066
10406	0.11608634863048158
10584	0.043084876233360776
10637	0.04380600943681374
10715	0.16550127814933377
10770	0.1591019038304061
10794	0.033657723185222595
10796	0.02250227503912494
10894	0.024265567098068767
11054	0.04418264625198103
11080	0.030710345630652287
11150	0.04207502570882918
11174	0.06569042385194328
11180	0.08914174738782409
11210	0.03523484010970635
11232	0.04380600943681374
11353	0.09833994639273473
11634	0.04061061319168655
11659	0.010457717175410972
11777	0.1373594267121521
11862	0.09763838093232995
11928	0.07955095191520305
12074	0.037737867719397515
12135	0.11389080859324106
12148	0.08111714171841719
12209	0.07955095191520305
12283	0.055935553772088926
12391	0.034865122247108485
12417	0.03152458919284024
12433	0.2641650740357826
12435	0.040269608748162995
12485	0.07399836377832443
12504	0.03316928555524996
12532	0.02264016052464087
12582	0.034339856678038023
12675	0.04598322980722658
12676	0.013485924674858873
12749	0.02372533304211968
12776	0.02748138874463926
12869	0.11364911019246049
12873	0.038445514661443435
12987	0.0679906648746825
13024	0.06374559777840047
