76
t_index	tf-idf
81	0.05365815579248247
129	0.1139001664952773
413	0.029481796722947425
579	0.07060245811384123
659	0.058304208969649135
691	0.0987454748387926
1237	0.11626197444552772
1290	0.07700735695187927
1416	0.07215808560358296
1467	0.0987454748387926
1573	0.08122897523205748
1645	0.08066106443080917
1995	0.08493378680750599
2063	0.07057629305693049
2173	0.08774456617487388
2275	0.23699611225277317
2287	0.1570279235438796
2406	0.05525055443038731
2418	0.0670869430573398
2508	0.07256242970359957
2839	0.09762213580860035
3134	0.06775200689041952
3433	0.044529154383458114
3465	0.06519073134080568
3482	0.17855321799847876
3866	0.0680912195958354
3946	0.04137406901201872
4008	0.05234264118129319
4307	0.06177823385327939
4327	0.10842405945138123
4809	0.11898171469028831
5072	0.06878361817156552
5179	0.09452385655861438
5246	0.03140593482305608
5279	0.040101577611051445
5420	0.18015785862066938
6417	0.06878361817156552
6452	0.11016757603799193
6723	0.1140631127988727
7237	0.05973502317807595
7362	0.07247658960218414
7405	0.13287786807305266
7562	0.048290627343891675
7913	0.100064654416971
7996	0.02896829060819388
8192	0.10842405945138123
8289	0.09007892931033469
8653	0.5023207657475298
8794	0.08769794330034685
8836	0.15486169327756696
9002	0.2765482561303631
9164	0.07605362236446372
9374	0.09947015148092979
9401	0.1120403561653495
9438	0.10115405525848303
9441	0.02538590490665905
9806	0.10848721957153826
9807	0.09881375349874595
10093	0.13099409968844847
10103	0.031566385946937815
10172	0.06177823385327939
10207	0.04258925345404824
10481	0.050404544483284956
10688	0.12409130798038645
10772	0.07098247981822055
11248	0.08630011777830064
11739	0.07176010939250425
11817	0.06949552347703021
11841	0.030774127737156546
11843	0.1964911495326727
12074	0.15117984376913202
12275	0.06258913659513012
12504	0.06643893403652633
12568	0.060735984404383624
12675	0.0921055947032663
12843	0.08180994259113503
