350
t_index	tf-idf
72	0.04793118919224921
84	0.03638299498904898
86	0.030530866321401118
129	0.02300221160807069
155	0.046070237436987314
208	0.034005374447538414
213	0.031709903588440815
230	0.038025297148828706
315	0.05500612583167045
401	0.03213525580063575
406	0.06435868334486937
412	0.04381812701668388
413	0.023815470957559315
493	0.019379405730370947
551	0.04193166480794773
617	0.06515821458949764
660	0.03685846803181268
681	0.0714336199842906
691	0.039883423834600036
692	0.04379261656320963
710	0.022826224903522957
742	0.01301312419011287
750	0.04379261656320963
924	0.032354769121269604
979	0.02722992869898055
980	0.057283746705448134
995	0.1182891172820725
1019	0.02022236508307927
1040	0.02698226028447699
1082	0.03779309217890815
1131	0.06435868334486937
1258	0.017985382521793273
1279	0.04462222783612432
1441	0.029814293137723834
1467	0.07976684766920007
1476	0.06435868334486937
1532	0.057283746705448134
1669	0.019695436424150257
1681	0.024739654800114138
1690	0.026208379239062416
1694	0.0714336199842906
1786	0.02633061993369911
1808	0.03899530079756608
1828	0.042515079366455745
1832	0.026208379239062416
1912	0.0771572633581006
1926	0.07276598997809797
1942	0.033529279009213424
1966	0.08503015873291149
1988	0.036058936787184415
1996	0.04956341037337228
2063	0.28505855212705733
2204	0.02198911863248407
2212	0.03430486533840179
2226	0.08996632682648778
2232	0.02722992869898055
2251	0.02402843352218088
2262	0.05500612583167045
2315	0.023272015228680755
2342	0.04193166480794773
2348	0.03742188850752323
2373	0.032354769121269604
2386	0.0318545499372989
2414	0.05500612583167045
2461	0.026964797532562538
2467	0.033529279009213424
2497	0.0714336199842906
2498	0.050009917321524544
2545	0.026087585213835595
2546	0.05314517407640855
2554	0.031709903588440815
2607	0.04805686704436176
2652	0.049006601447368965
2774	0.04449682514694447
2788	0.024634966949019572
2798	0.028825749287824443
2816	0.024127052415012628
2818	0.018834096336108164
2823	0.03192036415814484
2836	0.05500612583167045
2839	0.03942970576069084
2899	0.027781791529105253
2946	0.04193166480794773
3048	0.04035825251790489
3080	0.028216196492230027
3126	0.03457706749644607
3164	0.038178306801023354
3169	0.0370637122482505
3210	0.038178306801023354
3231	0.06435868334486937
3256	0.03430486533840179
3272	0.017002687223769207
3288	0.06022011071582979
3314	0.023272015228680755
3335	0.06384072831628967
3341	0.03942970576069084
3359	0.039883423834600036
3380	0.05157176178636571
3403	0.013883069170687101
3432	0.01842923401590634
3433	0.017985382521793273
3459	0.03742188850752323
3465	0.13165309966849556
3466	0.02764100342108097
3496	0.018149573343825914
3505	0.02402843352218088
3542	0.04695836047402127
3578	0.03638299498904898
3608	0.041379801977823025
3628	0.06470953824253921
3815	0.02792454876533171
3836	0.04193166480794773
3846	0.032354769121269604
3937	0.028365206087613268
3967	0.05500612583167045
4006	0.06022011071582979
4060	0.031709903588440815
4061	0.04313387342660566
4135	0.01831644860309846
4191	0.03574485120556045
4220	0.04793118919224921
4234	0.06561697439035759
4255	0.026834770602134198
4276	0.02242701853692164
4287	0.035647582272427515
4310	0.0718327501694066
4332	0.015751288264101722
4389	0.02318128595568947
4391	0.03378131591340674
4422	0.033136564521288873
4445	0.03378131591340674
4487	0.025733550555757555
4618	0.04695836047402127
4708	0.023459404628070484
4722	0.06022011071582979
4725	0.049006601447368965
4761	0.0714336199842906
4775	0.036058936787184415
4783	0.041379801977823025
4813	0.06022011071582979
4829	0.04035825251790489
4905	0.0714336199842906
4968	0.20423840503190263
4980	0.024531341937099636
4984	0.053669541204268395
4997	0.04379261656320963
4998	0.057283746705448134
5054	0.017151696819152448
5064	0.030718155539486917
5082	0.033283315878483655
5187	0.029814293137723834
5191	0.06435868334486937
5304	0.028216196492230027
5315	0.026912468927580622
5407	0.0714336199842906
5412	0.027096502276096376
5429	0.022567806644945922
5494	0.039883423834600036
5573	0.029814293137723834
5600	0.013456234463790311
5623	0.0248454275187236
5675	0.0388836678255495
5726	0.027781791529105253
5760	0.0385786316790503
5777	0.04449682514694447
5798	0.05157176178636571
5800	0.0354401427270345
5802	0.013955976452127355
5849	0.0354401427270345
5867	0.057283746705448134
6009	0.042731196052576
6012	0.08899365029388893
6145	0.039883423834600036
6166	0.05157176178636571
6246	0.0714336199842906
6421	0.03899530079756608
6427	0.0714336199842906
6432	0.013215249131747006
6437	0.057283746705448134
6439	0.029814293137723834
6442	0.01761224001936362
6449	0.0227393564983026
6454	0.03056481887164132
6518	0.041379801977823025
6531	0.026579582910447333
6548	0.04793118919224921
6557	0.0198898608931413
6585	0.058894327903692784
6591	0.016615646503428484
6646	0.016427494152620153
6686	0.034856728168526495
6727	0.05314517407640855
6730	0.0714336199842906
6741	0.10041762013205378
6796	0.022826224903522957
6849	0.011788702339609873
6979	0.06022011071582979
6993	0.05500612583167045
7015	0.024531341937099636
7020	0.028216196492230027
7140	0.041379801977823025
7146	0.05157176178636571
7176	0.021517943779898133
7183	0.041649207512061304
7198	0.017823791136213758
7212	0.034856728168526495
7222	0.07799060159513216
7237	0.024127052415012628
7362	0.014636693711328861
7394	0.021141259852808784
7410	0.0714336199842906
7424	0.04695836047402127
7440	0.03457706749644607
7589	0.036542239964569914
7591	0.04035825251790489
7617	0.028669914566139213
7629	0.06022011071582979
7639	0.029144743249444074
7717	0.03512006061919667
7724	0.05500612583167045
7748	0.08503015873291149
7767	0.032808487195178794
7797	0.053929595065125076
7815	0.028069330994324314
7836	0.0714336199842906
7911	0.02190906350834194
7912	0.01124151196367722
7913	0.008083248431364038
7967	0.06435868334486937
7996	0.023400659401894414
8014	0.033283315878483655
8023	0.06807946834396755
8043	0.02300221160807069
8113	0.056150320443376214
8163	0.06435868334486937
8176	0.06435868334486937
8196	0.046070237436987314
8306	0.05157176178636571
8312	0.02099439435490308
8399	0.016708676588610253
8433	0.023455929681979883
8454	0.03430486533840179
8459	0.09586237838449842
8474	0.05157176178636571
8520	0.03742188850752323
8551	0.015199425433977018
8553	0.022151137526430147
8561	0.04695836047402127
8623	0.04791524963998133
8707	0.03150369503962906
8715	0.034039734171983776
8719	0.05157176178636571
8721	0.012461261359988167
8748	0.04793118919224921
8791	0.034856728168526495
8794	0.056674098701221635
8836	0.020849612125910476
8880	0.035144267633745556
8893	0.048254104830025256
8916	0.05157176178636571
8920	0.03574485120556045
8922	0.039883423834600036
8923	0.036717679923788396
8968	0.04413961322004566
9030	0.038178306801023354
9051	0.02722992869898055
9167	0.06435868334486937
9187	0.05500612583167045
9252	0.05500612583167045
9317	0.032354769121269604
9370	0.06705855801842685
9371	0.046070237436987314
9391	0.024546795205421704
9397	0.030718155539486917
9399	0.03779309217890815
9464	0.05314517407640855
9468	0.024531341937099636
9474	0.04379261656320963
9499	0.02056606678165973
9541	0.03899530079756608
9575	0.041379801977823025
9577	0.06341980717688163
9631	0.04525324344044459
9675	0.05157176178636571
9683	0.03213525580063575
9781	0.017560030309598334
9854	0.11965027150380012
9949	0.01787737118578164
9954	0.028516423312723794
9989	0.026706379273985496
10094	0.019824640377274844
10107	0.02527983248184837
10137	0.05020881006602689
10159	0.05314517407640855
10204	0.018039819856186412
10213	0.015838902329986786
10232	0.0714336199842906
10271	0.03779309217890815
10352	0.030908945692611076
10449	0.041379801977823025
10478	0.05341275854797099
10486	0.06435868334486937
10514	0.04193166480794773
10635	0.03574485120556045
10636	0.034856728168526495
10637	0.0354401427270345
10701	0.0714336199842906
10717	0.034856728168526495
10759	0.057283746705448134
10760	0.029308058349627752
10768	0.030166292709362216
10865	0.03899530079756608
10953	0.042731196052576
11050	0.03731722783267264
11165	0.025060319161214508
11180	0.036058936787184415
11186	0.017302914044262978
11210	0.014252927606352864
11386	0.028516423312723794
11590	0.0198898608931413
11594	0.02402843352218088
11597	0.04313387342660566
11634	0.04928248245786045
11644	0.049479309600228276
11659	0.025381653845697745
11777	0.055563583058210506
11794	0.05157176178636571
11860	0.09214047487397463
11862	0.07899185980109734
11870	0.028516423312723794
12000	0.046070237436987314
12084	0.049006601447368965
12143	0.0714336199842906
12148	0.01093762825796933
12150	0.028825749287824443
12198	0.06435868334486937
12433	0.3663703958568134
12435	0.19547464376849288
12440	0.03942970576069084
12441	0.04793118919224921
12452	0.0354401427270345
12485	0.09977750418214419
12610	0.04709828944513968
12616	0.049006601447368965
12626	0.01680733243750055
12749	0.019194379950814064
12776	0.022233121710206513
12804	0.04313387342660566
12869	0.015324155817140904
12881	0.038178306801023354
