41
t_index	tf-idf
208	0.07827732591957562
242	0.1459867152411481
1130	0.1305883271552542
1810	0.14319434400541795
1896	0.19573180875857618
2063	0.2624717010593276
2637	0.23115236655522003
2754	0.1414208848970163
3432	0.08484489178243156
3505	0.11062260320375697
4287	0.08205754123038884
4422	0.07627740329369433
4431	0.12474744209735099
4547	0.11847265655189548
4775	0.16600888495189806
4968	0.15671283785489798
5304	0.1299023136734175
5600	0.061950092765326856
5906	0.20833782560873987
7226	0.08725521954039046
7394	0.09733057287175653
7696	0.263724107356881
7713	0.296295848158542
7794	0.1299023136734175
7892	0.13128450416885493
7912	0.0517539071458905
7913	0.07442765530218518
8553	0.10197986875990603
8794	0.09784402393681461
8856	0.11246562722334971
9369	0.11246562722334971
9648	0.13569314963837167
10833	0.18361613815521746
10922	0.09404314261327441
10953	0.09836338563191163
11474	0.10756163646275449
11590	0.18313871250315208
12433	0.28111727778022555
12435	0.29997674677150704
12485	0.09187155079097085
12686	0.1459867152411481
