313
t_index	tf-idf
24	0.0344977398362166
53	0.03580168160618812
65	0.021270523116983242
84	0.03480776771101765
86	0.029209011057262615
112	0.0277291175391994
202	0.025190617281923948
208	0.016266543958961634
213	0.060674002158284876
229	0.03362267192509725
230	0.018189482623643793
412	0.06288148572654657
413	0.06835309033261751
503	0.05084421650196807
531	0.048034984430251025
608	0.049338926200222545
643	0.04073698460946933
660	0.017631327407508203
710	0.021837947491690036
801	0.028523462411998785
898	0.03730697190793365
900	0.0898505306647758
916	0.02938819145733333
995	0.03772256900359637
1040	0.03872106661022473
1054	0.03480776771101765
1279	0.028460184796687264
1319	0.03281961214067832
1441	0.028523462411998785
1500	0.07298837500538764
1502	0.06157222902428544
1503	0.036156813754350536
1566	0.09867785240044509
1636	0.01909151343589237
1659	0.06157222902428544
1669	0.03768541738937573
1676	0.03512796222684278
1680	0.028690390542179107
1765	0.039588234437695526
1810	0.05951345588458072
1856	0.09867785240044509
1896	0.04067435919578629
1912	0.036908342771052066
1917	0.01679975648510802
1919	0.030953946706579166
1921	0.026994556481279006
1978	0.036908342771052066
1996	0.01580584258993755
1998	0.026444266797442658
2063	0.32726009069228584
2132	0.052624597046177356
2195	0.038156643035370696
2204	0.02103708432359384
2226	0.11476156216871643
2260	0.03512796222684278
2313	0.035459012839196315
2397	0.036378965247287585
2401	0.048034984430251025
2449	0.041896584523859984
2467	0.03207760536541544
2498	0.028706821731945473
2516	0.05084421650196807
2535	0.039588234437695526
2545	0.024958104920661004
2607	0.04597621129054631
2652	0.0468848262766679
2754	0.02938819145733333
2781	0.03708072154276206
2789	0.05084421650196807
2806	0.025428801232033164
2835	0.06368458276177594
2911	0.023871980162570236
2948	0.02555010785810852
2965	0.05761283879898528
2998	0.023668534099304642
3074	0.06157222902428544
3080	0.026994556481279006
3095	0.054803606727268236
3136	0.0468848262766679
3318	0.08253272426646763
3380	0.049338926200222545
3403	0.026563983913623294
3480	0.041266362133233814
3533	0.012708404010760524
3578	0.03480776771101765
3581	0.0219217682451619
3586	0.03908735245214294
3590	0.049338926200222545
3628	0.06190789341315833
3774	0.0449252653323879
3815	0.026715535847205908
3848	0.021754840114981577
3912	0.054803606727268236
4207	0.06157222902428544
4263	0.05084421650196807
4276	0.032184037566952116
4307	0.023871980162570236
4310	0.013744540177040687
4328	0.08658066574613449
4406	0.06157222902428544
4422	0.03170189372659782
4424	0.0401162039796507
4431	0.0259233402113078
4487	0.17233578908935396
4637	0.0449252653323879
4648	0.05084421650196807
4708	0.011221856628054278
4815	0.02819793034052202
4831	0.02555010785810852
4842	0.04257030390320533
4949	0.019282367546643905
4968	0.1953957600840444
4972	0.01974275856407103
4973	0.03334758168263349
5038	0.048034984430251025
5187	0.028523462411998785
5246	0.024271391599297747
5253	0.06157222902428544
5272	0.08607117162653732
5279	0.061983258860546
5304	0.026994556481279006
5315	0.01287363735782562
5377	0.054803606727268236
5412	0.0259233402113078
5425	0.045855974749160144
5729	0.0261803302487347
5765	0.015760945693277975
5778	0.021590717632808364
5856	0.056161931647548805
5904	0.036908342771052066
5906	0.043293972536324776
5971	0.039588234437695526
6012	0.04257030390320533
6013	0.021837947491690036
6066	0.02835933992982557
6303	0.1131677070107891
6370	0.06157222902428544
6407	0.021754840114981577
6414	0.045855974749160144
6430	0.035371457969085265
6432	0.012643085654700284
6439	0.028523462411998785
6442	0.016849705738882115
6449	0.021754840114981577
6454	0.014620746804017148
6462	0.06157222902428544
6531	0.025428801232033164
6548	0.09171194949832029
6557	0.01902871541997299
6581	0.06157222902428544
6591	0.03179252087596426
6646	0.07858127137562644
6669	0.02803914541400045
6671	0.02066000821603612
6727	0.3050652990118084
6741	0.048034984430251025
6834	0.02461939844133628
6883	0.028523462411998785
6901	0.032565960014007404
6908	0.034197252810070536
6938	0.06157222902428544
6979	0.05761283879898528
7039	0.03626441878612158
7064	0.057380781084358214
7140	0.039588234437695526
7183	0.05312796782724659
7198	0.034104195203597816
7222	0.03730697190793365
7275	0.038693647215743775
7394	0.04045186836852359
7424	0.0449252653323879
7439	0.048238941585413156
7589	0.04661349075155813
7616	0.017685728984542633
7662	0.025428801232033164
7682	0.028690390542179107
7748	0.04067435919578629
7797	0.0257973377169902
7825	0.03281961214067832
7913	0.007733278522948825
7964	0.05761283879898528
7990	0.03908735245214294
7996	0.011193755722844532
7998	0.0468848262766679
8014	0.03184229138088797
8043	0.022006314728471088
8113	0.017906417649971966
8195	0.049338926200222545
8196	0.04407559420495086
8201	0.03580168160618812
8206	0.0696155354220353
8216	0.11192091572380097
8398	0.04238417699185356
8399	0.05594841952139229
8502	0.03390573689876908
8551	0.014541355652717658
8563	0.039588234437695526
8565	0.02073426756874256
8674	0.036908342771052066
8719	0.049338926200222545
8783	0.02096049524218219
8794	0.054220353860840155
8797	0.015671766463228202
8798	0.021590717632808364
8810	0.028690390542179107
8893	0.023082454763992996
8930	0.041618191928364565
8997	0.06669516336526699
9162	0.054803606727268236
9198	0.018363345812681106
9266	0.020809095964182282
9277	0.06157222902428544
9369	0.09348439270807062
9391	0.023484024495988153
9430	0.036156813754350536
9463	0.03861091367790517
9473	0.03480776771101765
9495	0.02886022191537816
9539	0.052624597046177356
9575	0.039588234437695526
9577	0.030337001079142438
9680	0.054803606727268236
9784	0.0696155354220353
9834	0.045855974749160144
9849	0.03184229138088797
9854	0.038156643035370696
9949	0.01710335786555303
10013	0.052624597046177356
10063	0.019878386547410035
10093	0.025308983068398235
10158	0.021349592843098075
10207	0.03291417543623242
10208	0.03730697190793365
10258	0.03580168160618812
10352	0.029570721217005238
10415	0.03730697190793365
10421	0.06175892794984626
10477	0.0330800291154352
10478	0.02555010785810852
10507	0.043293972536324776
10744	0.021590717632808364
10796	0.01741670211254475
10833	0.07631328607074139
10860	0.0468848262766679
10909	0.07381668554210413
10986	0.04257030390320533
11005	0.0401162039796507
11008	0.08228589153915998
11015	0.027281784771075103
11050	0.07140310457727629
11097	0.029570721217005238
11111	0.03908735245214294
11160	0.023871980162570236
11169	0.052624597046177356
11183	0.038156643035370696
11272	0.03861091367790517
11419	0.03184229138088797
11438	0.018189482623643793
11450	0.048034984430251025
11519	0.021837947491690036
11564	0.021270523116983242
11590	0.07611486167989195
11634	0.015716254275125286
11659	0.008094245782023769
11674	0.035459012839196315
11699	0.026843990367866825
11735	0.03207760536541544
11760	0.031168572001542615
11777	0.07973687815684885
11786	0.030139720474034862
11794	0.09867785240044509
11841	0.023783113275997494
11862	0.07557185184577184
11870	0.027281784771075103
11927	0.041266362133233814
11942	0.03184229138088797
12000	0.04407559420495086
12030	0.0468848262766679
12134	0.06157222902428544
12148	0.041856303894437646
12150	0.02757771826119949
12174	0.049338926200222545
12175	0.036156813754350536
12229	0.06157222902428544
12283	0.043293972536324776
12301	0.05761283879898528
12353	0.03772256900359637
12391	0.08095654069282399
12425	0.020085427331062836
12433	0.2920901105726262
12435	0.18701143200925568
12484	0.045855974749160144
12485	0.07636605374356947
12489	0.054803606727268236
12570	0.052624597046177356
12577	0.027281784771075103
12582	0.02657895938561628
12604	0.04257030390320533
12613	0.10524919409235471
12626	0.01607964719513772
12646	0.02886022191537816
12666	0.03074393736907418
12686	0.060674002158284876
12749	0.018363345812681106
12776	0.021270523116983242
12811	0.03281961214067832
12816	0.039588234437695526
12862	0.02001592484675681
12869	0.014660685746487608
12880	0.02835933992982557
12887	0.023371098177017654
12927	0.052624597046177356
12958	0.01710335786555303
