112
t_index	tf-idf
14	0.10308505823628625
114	0.08373919254938725
178	0.14205322440645493
318	0.30925517470885877
472	0.07102661220322747
586	0.06130119762781672
587	0.07202263407451191
742	0.11426793026267981
778	0.03265222570724475
995	0.08655782428411463
1040	0.02961632225544515
1140	0.11349500505093943
1156	0.10758144690676177
1252	0.10021826570354829
1279	0.09795667712173425
1319	0.07530754918825373
1720	0.040209073567994975
2000	0.10522065462551579
2160	0.059540643010540364
2357	0.09205023482587461
2498	0.06587038202494229
2736	0.12075186670640296
2976	0.05623823508903867
3126	0.07590509933759423
3134	0.06007312028918349
3169	0.08136389126442328
3350	0.06470268499894359
3436	0.1102205881420074
3452	0.07415823046374145
3581	0.05030146710264894
3727	0.06037388725670706
3737	0.06961097502307066
3826	0.07360494796656325
3858	0.035757498517753505
3889	0.09333097212446424
3941	0.1612085317731245
3980	0.05977633710736655
4235	0.07151908922849586
4247	0.03637142192514672
4276	0.02461638873895356
4307	0.05477640359087496
4422	0.03637142192514672
4586	0.12075186670640296
4840	0.09205023482587461
4894	0.28256602460756347
5315	0.02953971772733315
5485	0.15973910159540322
5486	0.08655782428411463
5487	0.0545417752412795
5600	0.02953971772733315
5712	0.04880712663592729
5778	0.049541841724787906
5802	0.15318386659897254
5810	0.046573182747267655
6184	0.02089213756772797
6313	0.11349500505093943
6430	0.040581494373688284
6439	0.13089929517774668
6518	0.0908387612691409
6563	0.057802134952401475
6671	0.047406245335558365
7183	0.030476724048967098
7199	0.09613547796744941
7226	0.12481795137370134
7362	0.03213111378651616
7516	0.06583267918353611
7553	0.11666662356482818
7562	0.0428174573479675
7592	0.09205023482587461
7682	0.13166535836707222
7885	0.101135411483941
7897	0.0510877513803211
7913	0.0354894049483059
8058	0.05753378680314189
8113	0.08217576869467585
8391	0.07253775567234742
8490	0.08560419940305385
8502	0.07779976004357707
8551	0.03336644721415325
8560	0.08136389126442328
8678	0.12388287109032214
8791	0.07651902274498744
8824	0.15032739855532243
8940	0.08060426588656225
9045	0.036684808888863156
9068	0.07202263407451191
9322	0.04917147291805643
9337	0.04409819464655712
9368	0.06007312028918349
9441	0.022508713602742696
9856	0.03345734714672252
9862	0.12575180022289456
9950	0.11247647017807734
9959	0.12575180022289456
10329	0.07778832784766818
10659	0.09613547796744941
10688	0.055013514826244815
10725	0.08136389126442328
10940	0.1102205881420074
11167	0.04792136693339387
11380	0.07590509933759423
11419	0.07306499888402906
11699	0.06159594806824424
12156	0.07530754918825373
12283	0.09934191032968125
12291	0.034292479934363164
12391	0.0619206857595088
12409	0.1472098959331265
12626	0.036896195387291754
12771	0.10758144690676177
12963	0.1020318889317022
12964	0.24047869909229358
