210
t_index	tf-idf
4	0.033773219679656845
59	0.05595201391083176
108	0.040956837280608394
213	0.03097271161075836
293	0.06977293087363584
294	0.20931879262090752
313	0.05882011331782314
423	0.030573871059089035
478	0.012517002838471911
565	0.040956837280608394
572	0.0628624723922338
710	0.022295560726865334
744	0.022730987316588926
778	0.02905656672513795
1049	0.06977293087363584
1130	0.16623462991258592
1312	0.05037282124219711
1416	0.02846718613057169
1616	0.011007596178138117
1619	0.05372734317711578
2021	0.03620205490336657
2209	0.025839331702368244
2220	0.06809275759841268
2224	0.022642367318134023
2226	0.05858319284392906
2248	0.03299596773290965
2252	0.03274979018377029
2275	0.023374415989864332
2397	0.01857064243697964
2403	0.08191367456121679
2454	0.05372734317711578
2556	0.0628624723922338
2583	0.023374415989864332
2622	0.05595201391083176
2654	0.03038027887568666
2695	0.03620205490336657
2803	0.043462362760795056
2844	0.1257249447844676
2862	0.20931879262090752
2944	0.05882011331782314
3039	0.06977293087363584
3047	0.02559908672358031
3151	0.06977293087363584
3239	0.032045755340989246
3287	0.06977293087363584
3318	0.04213109694802767
3339	0.03808873787361701
3396	0.06977293087363584
3496	0.017727631983136788
3640	0.04420119583849074
3641	0.06977293087363584
3777	0.04681688469571373
3800	0.05372734317711578
3802	0.05372734317711578
3865	0.05037282124219711
3946	0.01632254117736422
3987	0.03097271161075836
4074	0.049168690812358896
4094	0.029464986604165824
4150	0.04277452562130307
4276	0.010952817555812707
4287	0.05222827068514758
4301	0.05037282124219711
4307	0.02437221646345846
4310	0.014032556415691589
4389	0.022642367318134023
4414	0.03655190427939301
4520	0.06977293087363584
4708	0.022914020286399876
4735	0.06977293087363584
4815	0.02878881673830662
4984	0.026210915737496465
5171	0.09173334460758667
5315	0.01314340386596609
5426	0.0628624723922338
5536	0.039420003686384396
5540	0.06977293087363584
5550	0.06977293087363584
5612	0.03250954520498236
5726	0.0814077609534129
5729	0.02672893792478302
6135	0.13954586174727168
6184	0.00929574900513992
6185	0.07884000737276879
6241	0.06977293087363584
6292	0.02982108460727327
6356	0.379179872532249
6390	0.040956837280608394
6407	0.022210711838710484
6412	0.16374895091885144
6460	0.028003396266578582
6464	0.10213913639761904
6562	0.06977293087363584
6575	0.03655190427939301
6580	0.06977293087363584
6584	0.05882011331782314
6600	0.03895621382239129
6606	0.023860838517791635
6643	0.06977293087363584
6840	0.04786729576201043
6845	0.044999196355019054
6849	0.023029277071842554
7027	0.05541154330419531
7195	0.05595201391083176
7227	0.03432723354567704
7272	0.06977293087363584
7286	0.035220638466625626
7316	0.0519096548364211
7498	0.03038027887568666
7589	0.023795137206415882
7590	0.04277452562130307
7592	0.040956837280608394
7669	0.06977293087363584
7678	0.05037282124219711
7793	0.05882011331782314
7821	0.0519096548364211
7875	0.0628624723922338
7887	0.06977293087363584
7889	0.043462362760795056
7910	0.04213109694802767
8069	0.03895621382239129
8092	0.049041555429429715
8113	0.01828164584915698
8162	0.06977293087363584
8279	0.05858319284392906
8312	0.02050631658287295
8400	0.05882011331782314
8404	0.11764022663564629
8628	0.13003818081992943
8656	0.02447771675145683
8792	0.04420119583849074
8794	0.006919567375760129
8798	0.04408630035419389
8841	0.02929159642196453
8879	0.030573871059089035
8886	0.06977293087363584
8892	0.039906426214311695
8895	0.031602585306852
8898	0.044999196355019054
8903	0.040417804159978525
8915	0.22148686923718636
8938	0.024062253129356313
8957	0.09618778415895317
8959	0.03691447820619773
8961	0.034616230133499695
8980	0.031178279392214965
8992	0.06977293087363584
8999	0.028003396266578582
9002	0.02727535873317693
9005	0.049041555429429715
9095	0.0271359203178043
9198	0.018748148921543854
9241	0.021245149660568643
9242	0.020294937268648238
9309	0.02912117032011253
9343	0.044999196355019054
9435	0.032045755340989246
9448	0.028155608141970687
9477	0.07617747574723402
9787	0.016183102761991596
9806	0.06419916451146462
9807	0.33135677951302556
9856	0.014886514146555539
10012	0.04277452562130307
10207	0.01680194527192783
10213	0.03094135891832089
10362	0.06977293087363584
10451	0.031602585306852
10467	0.035220638466625626
10478	0.052171018503015205
10648	0.06977293087363584
10725	0.03620205490336657
10726	0.05372734317711578
10744	0.022043150177096946
10745	0.040417804159978525
10752	0.04420119583849074
10760	0.08588011344177032
10765	0.04786729576201043
10913	0.021960413733950825
11122	0.02846718613057169
11236	0.037290737357088696
11264	0.1038193096728422
11353	0.07770984527949581
11386	0.027853473378495676
11437	0.0271359203178043
11441	0.02309356124339364
11474	0.022820402123844143
11505	0.0519096548364211
11530	0.02659688719717444
11554	0.02846718613057169
11594	0.023469820394284618
11634	0.01604558769652006
11659	0.016527720697190697
11706	0.06977293087363584
11718	0.05037282124219711
11724	0.039420003686384396
11752	0.033773219679656845
11980	0.06977293087363584
12033	0.03691447820619773
12123	0.04152668861490175
12149	0.07702608757650807
12179	0.20931879262090752
12468	0.03553716296199215
12504	0.026210915737496465
12669	0.040956837280608394
12768	0.027853473378495676
12772	0.05882011331782314
12839	0.023279915906201293
12869	0.029935799551005074
12962	0.05595201391083176
