117
t_index	tf-idf
114	0.04858397655386521
178	0.08241673120855356
193	0.07594542166241203
230	0.048430583486689056
413	0.15166182002083617
498	0.07423988907257215
557	0.044730354669377706
586	0.07113170924157658
742	0.06629620224086295
995	0.10043859219427788
1040	0.03436571722904182
1140	0.1316955298111721
1190	0.179958959699281
1202	0.17081707895126558
1220	0.09267775972486794
1258	0.045813846837411396
1279	0.15155388246732282
1283	0.07684206394635201
1669	0.050169836901641014
1681	0.12603777033371083
1800	0.05347864946738103
1996	0.04208399958195681
2078	0.03819616710112345
2160	0.06908882486107322
2212	0.08738417681621036
2252	0.08540853947563279
2287	0.053852757352970855
2302	0.05814483902909155
2366	0.09353029674043382
2498	0.02547787559973997
2670	0.05904927976824047
2782	0.07873381075722372
2823	0.08131017912816861
3011	0.18196159692664865
3199	0.08738417681621036
3436	0.12789601396947564
3581	0.11673603357944014
3826	0.08540853947563279
3855	0.08417020784567185
3858	0.12447515315508867
4135	0.046657165611621455
4247	0.04220409240272755
4276	0.028563973855582698
4352	0.13136783678373753
4422	0.0844081848054551
4842	0.11334597579801318
4858	0.06411378586928526
4915	0.0602259533884519
4972	0.05256627341626095
5064	0.07824781437417624
5158	0.07873381075722372
5310	0.036210465874423836
5315	0.03427682808443922
5487	0.06328831814244426
5675	0.04952383970921755
5686	0.06411378586928526
5688	0.050169836901641014
5802	0.03554981201370257
5810	0.054041849455322664
5841	0.07263938080921357
6073	0.08540853947563279
6150	0.08670881288467423
6172	0.12789601396947564
6184	0.12121243241651602
6313	0.1316955298111721
6606	0.062226944265384374
6796	0.05814483902909155
7183	0.035364096585009934
7199	0.11155215772615816
7362	0.037283791050003366
7616	0.04708930934602167
7825	0.08738417681621036
7897	0.059280392840840156
7913	0.04118063156394117
8058	0.06676014095670615
8113	0.047676906093921924
8215	0.12789601396947564
8399	0.08512343278313626
8430	0.0730303663646409
8435	0.07550843575470949
8595	0.07684206394635201
8617	0.04269008878577502
8743	0.10407240961029218
8812	0.09267775972486794
9111	0.09725092575453258
9322	0.05705681210052109
9420	0.12483364921548327
9584	0.1054060378019347
9609	0.16393973594092434
9637	0.13136783678373753
9659	0.06467902659734581
9782	0.08670881288467423
9856	0.038822704634325744
9950	0.3262841462658225
9986	0.06467902659734581
10103	0.03247709486081903
10329	0.04513139166091882
10714	0.1923413576078558
10794	0.06936231583048601
10796	0.04637300923710487
11050	0.04752875726305058
11167	0.05560623399008917
11244	0.05310984825585224
11352	0.11155215772615816
11380	0.08807755255966992
11588	0.15339762307106597
11659	0.021551412660771655
11746	0.11334597579801318
11766	0.10280386292815484
11883	0.07383043101230262
12222	0.13537576208534163
12291	0.039791762742932835
12365	0.08241673120855356
12718	0.05836801678972007
12795	0.08417020784567185
12862	0.05329359495327739
12963	0.039464713783260795
