88
t_index	tf-idf
6	0.26200095019187697
112	0.05986958899051675
174	0.13293982542728866
212	0.11194151573834354
406	0.13293982542728866
412	0.04525554170316237
413	0.22137044671510456
478	0.052941225786878474
551	0.17322878311768758
710	0.047150037821279946
778	0.03072401355656368
900	0.09699757545250866
913	0.10122843884619817
1004	0.14755387271464301
1845	0.042772249696780666
1955	0.09191300784395175
2037	0.062684913269243
2063	0.08832289332255505
2122	0.23665155627986853
2226	0.061945061443425424
2418	0.05597075786917177
2498	0.02066017927287697
2561	0.08439301116341369
2607	0.049633329827661665
3042	0.03670687205629433
3054	0.11362110573812244
3101	0.07968833876160186
3670	0.10652705513130613
4083	0.03605809429670944
4287	0.07363393901033266
4330	0.0672956718696776
4708	0.024228969532923462
4968	0.14062550951100472
5117	0.05280629054502144
5210	0.05154169218340418
5412	0.05597075786917177
5419	0.06123029422919126
5425	0.09900705845076806
5429	0.046616246941836886
5517	0.15459792111319476
6009	0.08826590987091035
6013	0.047150037821279946
6407	0.04697060172928814
6430	0.03818503505585442
6432	0.02729752725267069
6608	0.06550023754796924
6849	0.04870168094161115
7183	0.028676981815434342
7275	0.08354296713827256
7331	0.04845076118863371
7439	0.0347173640605227
7589	0.05032130086296309
7677	0.024289816944705882
7794	0.05828360744732615
7913	0.03339364882879026
8043	0.047513557405027995
8399	0.017256789863989257
8425	0.0833643381970837
8565	0.08953419275641751
8794	0.10243317368403267
8795	0.14755387271464301
8880	0.07259428815478555
9262	0.054388745006190294
9266	0.04492865742584984
9369	0.10092048837378623
9391	0.025352030991077686
9394	0.07031275475550236
9781	0.036272142973260486
10640	0.14755387271464301
10733	0.14755387271464301
10887	0.07448363627787112
11052	0.07806572191197575
11119	0.07031275475550236
11150	0.07031275475550236
11237	0.05046024418689311
11303	0.07515301356381263
11438	0.039272683203431726
11659	0.017476184284369346
11910	0.13293982542728866
12000	0.09516306120571183
12275	0.10443645961367963
12298	0.07031275475550236
12391	0.029132041499467513
12409	0.2077750631240823
12433	0.3783888508559285
12435	0.336478359348388
12485	0.08244049317458411
12631	0.050672141584063815
