121
t_index	tf-idf
86	0.061588479836315865
213	0.06396689622918574
412	0.0441961227667567
413	0.024020914398912078
531	0.10128386970104816
551	0.08458677409743834
643	0.042947858629893323
1166	0.08347352718109641
1441	0.0601429704750824
1616	0.045467233951525646
1803	0.1298277431681939
1856	0.10403328806547625
1896	0.08576366883061193
2063	0.1437588005612886
2226	0.06049494575283383
2304	0.13053550624190216
2386	0.06425868450162656
2467	0.06763703664503098
2498	0.02017653054550592
2754	0.061966289562060566
2839	0.07953968985452395
2972	0.032399675048910406
3042	0.035847574964951785
3050	0.06396689622918574
3310	0.0747668824864067
3328	0.09128723835805687
3380	0.10403328806547625
3403	0.028005662095663773
3466	0.05575889540551558
3586	0.08241739556448321
3628	0.13053550624190216
3635	0.06355092142791828
3645	0.10403328806547625
3797	0.09293532189924325
3872	0.06920159044752354
3923	0.046401278984386146
4083	0.03521398490212526
4214	0.06714086679652562
4310	0.028980965288197463
4389	0.046762517238532565
4423	0.05387352209733748
4708	0.023661776473979663
4775	0.07273999623390243
4831	0.05387352209733748
4968	0.34333376911339547
5070	0.08834078449625117
5117	0.025785055398217755
5187	0.0601429704750824
5209	0.0740688477626783
5210	0.1006702326219172
5272	0.06049494575283383
5315	0.02714462852843985
5573	0.0601429704750824
5774	0.12147919536638899
5984	0.12628636859046827
6303	0.07953968985452395
6432	0.053317000317935265
6591	0.03351796175290433
6727	0.10720725863281612
6748	0.18945378141290733
6908	0.0721064061710759
7039	0.038232558110340854
7072	0.06975069105101216
7198	0.07191019012977874
7275	0.040793625410125246
7589	0.02457164699640538
7614	0.11629765497583816
7619	0.046401278984386146
7677	0.023721199465727597
7790	0.07339370359422515
7994	0.08976135133190337
8010	0.1298277431681939
8113	0.03775646632520064
8161	0.19337866459611214
8399	0.03370562696571134
8623	0.03221905939646243
8676	0.047130206515634376
8721	0.025137516109941575
8794	0.0571629961029776
9201	0.08576366883061193
9243	0.10720725863281612
9257	0.16694705436219281
9369	0.09855796938869081
9383	0.07623822629563343
9391	0.02475854739332386
9397	0.061966289562060566
9399	0.07623822629563343
9441	0.02068370033320057
9834	0.09668933229805607
10012	0.08834078449625117
10159	0.10720725863281612
10208	0.07866338516567038
10352	0.062351161559302856
10478	0.05387352209733748
10705	0.06355092142791828
10760	0.11824353372130458
10860	0.09885871083101119
11017	0.05361774176025565
11097	0.062351161559302856
11135	0.10720725863281612
11303	0.07339370359422515
11438	0.0767066424538025
11659	0.017067071944306858
11684	0.12147919536638899
11701	0.09293532189924325
11714	0.13527407329006197
11794	0.10403328806547625
11862	0.10623104092710221
12150	0.05814882748791908
12275	0.050995816387378226
12391	0.028450068966178067
12433	0.1847654395089476
12435	0.19716089988262017
12485	0.08051058544817469
12528	0.07548941459833051
12537	0.06572029996087339
12604	0.17952270266380674
12686	0.12793379245837147
12737	0.11096126903162894
12776	0.044849830127079424
12887	0.049278984694345405
