41
t_index	tf-idf
70	0.21558011329025323
167	0.0962571599739732
348	0.12977647413236745
401	0.09690517448614598
691	0.12027009119748062
778	0.04485338264455992
1926	0.10971440525059134
2063	0.08596056899006894
2498	0.06032277812438257
2609	0.14453845585730468
2760	0.09043237592469969
3403	0.041864961297804634
3666	0.08740243454262174
4366	0.10687119580075827
4389	0.06990411323580913
4466	0.09379348125673269
4509	0.18159619990879505
6034	0.10426855724285425
6343	0.09320718634099158
6614	0.21541099444485448
6646	0.04953777860384435
7237	0.0727561105664805
8259	0.1602614399250896
8425	0.12170195645762191
8542	0.14160485118118607
8553	0.06679765863332143
8794	0.06408864602119829
8798	0.06805414135383431
8930	0.06559046263659381
9095	0.08377712542161919
9441	0.09275863334210245
9562	0.6462329833345635
10207	0.05187289245723201
10480	0.07977414834240218
11017	0.08015181630061666
11597	0.13007195451003267
11634	0.04953777860384435
12433	0.27620121773202516
12435	0.19648725353778246
12485	0.12035325329349401
12509	0.18086475184939937
