153
t_index	tf-idf
15	0.05989942939694313
73	0.03659116453626846
114	0.03381910423497436
120	0.1015728265343744
178	0.05736994419050267
287	0.15590298285375262
378	0.10677944812290101
413	0.042228465132441086
478	0.022722816734863788
586	0.14854346185016326
710	0.04047438088297469
742	0.0692227664242619
908	0.05029583997645365
921	0.12666271165354298
995	0.06991488675008696
1140	0.09167271116694685
1190	0.08351245613307522
1202	0.05945252949562342
1220	0.06451260351083517
1279	0.026374006987133294
1299	0.10677944812290101
1387	0.04260608026550578
1433	0.061310418414894714
1435	0.10761955546642238
1560	0.04522278745482774
1669	0.03492301503453768
1681	0.08773436830008545
1806	0.0464714567621535
1917	0.031136614051216593
1966	0.07538572509562225
2078	0.026588193231511507
2160	0.04809244395336833
2212	0.060827762440531154
2293	0.05029583997645365
2430	0.08498931451611172
2498	0.017735043356074696
2505	0.11979885879388626
2782	0.054806278565179674
2948	0.04735448683735882
3000	0.07765099354505403
3042	0.03150979276539521
3134	0.04852253896720708
3199	0.060827762440531154
3350	0.05226195241783466
3433	0.03189082844797112
3436	0.0890278839747901
3505	0.04260608026550578
3581	0.08125946798989366
3631	0.06571961911411543
3663	0.06284078253603795
3756	0.055151022825090074
3780	0.03856751080682742
3826	0.05945252949562342
3858	0.17329327394801053
3930	0.0764829414152058
4135	0.03247785914309548
4247	0.029378093382864116
4276	0.019883263530641994
4287	0.03160430225649635
4352	0.0914446054119641
4422	0.029378093382864116
4842	0.07889966285237979
4858	0.04462933998019319
5158	0.054806278565179674
5238	0.07071939814934407
5294	0.1368885390905264
5310	0.07561786457185515
5600	0.023859957625056178
5630	0.0475821442594479
5675	0.034473339072714174
5688	0.03492301503453768
5765	0.05842257101390661
5802	0.02474607644955119
5841	0.050563971197935015
5856	0.03469678050850807
5914	0.08689618459225901
6150	0.06035764441361668
6184	0.03375018824919807
6313	0.09167271116694685
6458	0.061310418414894714
6501	0.08887154201511083
6532	0.057767730014412044
6591	0.029462077414861423
6908	0.06338107717828637
7017	0.07071939814934407
7020	0.05003162321944498
7039	0.03360617793883147
7199	0.07765099354505403
7516	0.053174676554531126
7617	0.05083613461870207
7619	0.04078643217224001
7794	0.05003162321944498
7892	0.10112794239587003
7897	0.04126483517362689
7912	0.01993291658351118
7913	0.028665666544995954
7927	0.05859053199270838
7933	0.1141177690939587
7996	0.020746470464304837
8043	0.04078643217224001
8058	0.0464714567621535
8113	0.03318769625627017
8469	0.1141177690939587
8595	0.053489441469473466
8617	0.05943278689202214
8721	0.022095718442194705
8747	0.09423450556331671
8798	0.04001616586630114
9054	0.07889966285237979
9111	0.06769596538467437
9113	0.0890278839747901
9337	0.035619198034338266
9374	0.035619198034338266
9391	0.021762607325560818
9399	0.06701292106161702
9406	0.0951642885188958
9461	0.04094449890988916
9468	0.04349781364764438
9500	0.06571961911411543
9637	0.2743338162358923
9687	0.320338344368703
9782	0.06035764441361668
9802	0.05380977773321119
9856	0.027024323405397125
9950	0.27255004638533864
10352	0.10961255713035935
10547	0.06701292106161702
10688	0.044435771007555414
10714	0.04462933998019319
10751	0.0541358861310814
10848	0.05859053199270838
10887	0.0639379988556215
10894	0.03480954427777453
10904	0.04260608026550578
11050	0.09925371141177348
11203	0.09423450556331671
11352	0.07765099354505403
11380	0.061310418414894714
11588	0.10677944812290101
11597	0.0764829414152058
11624	0.06914462044414811
11735	0.05945252949562342
11780	0.13828924088829622
12144	0.052865292500760865
12291	0.027698880728805903
12365	0.22947977676201067
12423	0.08521216053101156
12624	0.0890278839747901
12776	0.07884543678333315
12795	0.05859053199270838
12862	0.07419490007299546
12869	0.054344134597332144
12963	0.02747122330671684
