96
t_index	tf-idf
86	0.07141979258843019
99	0.05862273208537194
213	0.0741778734165192
412	0.051251109454293314
413	0.05571070202460642
551	0.09808928354489517
643	0.049803586054019515
1130	0.06635373900560997
1162	0.07568638490509677
1441	0.06974353788887754
1895	0.16710218011542644
2063	0.20004826382081853
2197	0.16710218011542644
2386	0.0745162395842318
2467	0.07843387499289715
2498	0.02339729167766317
2754	0.07185791173542475
2839	0.09223653785668721
2972	0.03757160556772295
3042	0.04156989059641334
3050	0.0741778734165192
3209	0.08361668589194064
3403	0.03247618034232706
3430	0.16710218011542644
3628	0.15137276981019354
3635	0.07369549693787428
3797	0.10777050240277514
3872	0.08024817708907538
4072	0.06369802413748492
4310	0.03360717029217994
4328	0.07056695823119541
4423	0.06247330319608378
4682	0.06433477716849924
4775	0.0843514153574742
4831	0.06247330319608378
4968	0.2388838949477421
5070	0.10244254319297516
5117	0.02990110022712413
5186	0.0843514153574742
5210	0.1167401298553699
5212	0.14087080830595605
5272	0.07015169865855511
5315	0.03147770077364402
5573	0.06974353788887754
5774	0.14087080830595605
5984	0.07322267309932044
6184	0.022262787374919157
6303	0.09223653785668721
6407	0.053193384937287085
6432	0.0309139721768134
6591	0.038868403356301436
6748	0.10984805770141107
7089	0.16710218011542644
7198	0.08338914806328811
7275	0.047305474554079206
7589	0.0569879931020675
8010	0.150552027163836
8113	0.04378349654001109
8161	0.22424752410171025
8399	0.03908602539552633
8676	0.05465355831061927
8721	0.02915019483403023
8794	0.08285984116384623
9190	0.10984805770141107
9201	0.09945404490879087
9243	0.12432065535436558
9255	0.16710218011542644
9369	0.05714534398628382
9397	0.07185791173542475
9426	0.07621117138350474
9834	0.11212376205085513
10012	0.10244254319297516
10159	0.12432065535436558
10207	0.04023969826069193
10352	0.07230422049786202
10433	0.16710218011542644
10478	0.06247330319608378
10760	0.06855932047472815
10860	0.1146394364964856
10953	0.09995959914806865
11150	0.0796279649825807
11303	0.0851094734263186
11685	0.16710218011542644
11721	0.056208877937279786
11862	0.06159430245421465
12275	0.05913623195350633
12433	0.21425937776529058
12435	0.15242234276700947
12485	0.14004362494001318
12531	0.16710218011542644
12537	0.07621117138350474
12604	0.10408987381438237
12664	0.07902345614767424
12686	0.0741778734165192
12776	0.0520091675231377
12841	0.16710218011542644
