304
t_index	tf-idf
111	0.018668784752948298
195	0.030718458346169843
376	0.026309958024793308
413	0.06466493864175638
478	0.008698928230752998
499	0.04333587174041957
554	0.012026834902191606
619	0.02846372990885543
643	0.014452096811220169
707	0.026470489895886868
708	0.03696802115895325
710	0.015494722269398641
744	0.03159466045232654
757	0.03888491195994955
949	0.013070994700761326
1019	0.01372719019097799
1082	0.02565441589614691
1171	0.020477250592445186
1236	0.02243009036921949
1428	0.014981256226423309
1441	0.0202383089529697
1448	0.02152507264643948
1458	0.07784596280239957
1460	0.015554195775136875
1530	0.035007546328871604
1537	0.07083429507526959
1571	0.040878151972918116
1616	0.015299874959271683
1619	0.0746776697837394
1660	0.0202383089529697
1681	0.016793582021940055
1796	0.06816471586854495
1828	0.028859758888251416
1875	0.0373388348918697
1912	0.05237529954487135
2063	0.019350125193255022
2071	0.03408235793427247
2139	0.026187649772435675
2158	0.02243009036921949
2169	0.04368746598562664
2187	0.030718458346169843
2220	0.023661175883178346
2226	0.020356749800813954
2369	0.027733726840515532
2392	0.0373388348918697
2420	0.02565441589614691
2454	0.0373388348918697
2480	0.020851861870469824
2498	0.006789469418510953
2501	0.029726966853484093
2602	0.04368746598562664
2607	0.016310796269138603
2670	0.015735742079518514
2781	0.013154979012396654
2806	0.018042547857761302
2820	0.022270804713308417
2869	0.02492441282780701
2891	0.018575781734050077
2931	0.0270733587389855
2960	0.07215119589448206
2963	0.023106590307784242
3042	0.04825131127542249
3047	0.01779057023913183
3050	0.02152507264643948
3083	0.09287890867025038
3089	0.024264044726276975
3127	0.03127304392156395
3190	0.035007546328871604
3239	0.044541609426616835
3314	0.01579733022616327
3335	0.021667935870209785
3341	0.026765369328842412
3380	0.035007546328871604
3389	0.027395678290485996
3433	0.012208698909344076
3505	0.016310796269138603
3537	0.022593124264808917
3640	0.030718458346169843
3642	0.040878151972918116
3703	0.03127304392156395
3739	0.01978381025210039
3797	0.03127304392156395
3839	0.01224565164161028
3842	0.0777698239198991
3897	0.020007333535557698
3923	0.015614184209408395
3946	0.06806195512346917
3962	0.03408235793427247
3980	0.03696802115895325
4013	0.015435754927292619
4072	0.018484010579476625
4078	0.020121858802129928
4247	0.011246753819115659
4287	0.01209900868893906
4307	0.016937933511396767
4328	0.020477250592445186
4358	0.035007546328871604
4395	0.04849002001130371
4414	0.025402438277517436
4423	0.018128618789161367
4431	0.018393439082230463
4439	0.04849002001130371
4487	0.017468250687631335
4582	0.04849002001130371
4634	0.040878151972918116
4644	0.028859758888251416
4708	0.039811331139265146
4757	0.0812200762169565
4770	0.05771951777650283
4814	0.04849002001130371
4841	0.05855960781719077
4901	0.26212479591375987
4949	0.013681456553799543
4968	0.06931977092335273
4984	0.018215772402160085
5047	0.03253628086619261
5082	0.022593124264808917
5117	0.02603026987508577
5141	0.029726966853484093
5185	0.04368746598562664
5186	0.04895449976583661
5232	0.014201938922312637
5246	0.00861066435080592
5272	0.020356749800813954
5279	0.01099477620048619
5289	0.03607559794724103
5429	0.015319304776452847
5430	0.09381913176469184
5565	0.02846372990885543
5600	0.009134257490653289
5675	0.013197356030594742
5726	0.018858621857501263
5729	0.018575781734050077
5771	0.030718458346169843
5848	0.029279803908595387
6013	0.015494722269398641
6035	0.028089118630830787
6074	0.04849002001130371
6171	0.04849002001130371
6186	0.040878151972918116
6345	0.03607559794724103
6356	0.029279803908595387
6360	0.11665473587984866
6442	0.011955405188350223
6523	0.5333902201243409
6531	0.018042547857761302
6557	0.013501482256430079
6585	0.026652129526968573
6591	0.011278905249785472
6606	0.016582541721081513
6608	0.02152507264643948
6620	0.03127304392156395
6646	0.02230237023886804
6670	0.04131968312511898
6671	0.014658936674922815
6807	0.011849622662214293
6834	0.017468250687631335
6849	0.008002316171022792
6869	0.2385765055399073
6920	0.035007546328871604
6955	0.16268140433096304
6962	0.022593124264808917
7023	0.03253628086619261
7097	0.024477249882918304
7105	0.04368746598562664
7106	0.029726966853484093
7183	0.037695992562212385
7198	0.01209900868893906
7222	0.052940979791773736
7275	0.09609033133684593
7277	0.02072472764522856
7331	0.031844347239102955
7343	0.015922173619551477
7394	0.028701894529559457
7416	0.019674695857241225
7429	0.031875912764662576
7431	0.07041401633587614
7442	0.03326628393453251
7574	0.04849002001130371
7616	0.012548590422777603
7694	0.04368746598562664
7696	0.11665473587984866
7753	0.023106590307784242
7800	0.0202383089529697
7911	0.014872141831564142
7912	0.03815438306191783
7924	0.030204992303194515
7996	0.015884655473502544
8009	0.026565791292820596
8043	0.015614184209408395
8113	0.012705176090003562
8204	0.02492441282780701
8206	0.04939444915372136
8271	0.020121858802129928
8312	0.014251253158083415
8325	0.0373388348918697
8343	0.06816471586854495
8399	0.017013082824074082
8417	0.02243009036921949
8423	0.029726966853484093
8435	0.020121858802129928
8486	0.060022000606673086
8491	0.026187649772435675
8572	0.02565441589614691
8646	0.03326628393453251
8647	0.026470489895886868
8669	0.0373388348918697
8676	0.015859470740239776
8742	0.026765369328842412
8794	0.00480888442435998
8879	0.042495781699731616
8893	0.016377739986788018
8938	0.0167225186207624
8940	0.02492441282780701
8952	0.29094012006782227
9051	0.03696802115895325
9232	0.040878151972918116
9266	0.014764719201058747
9345	0.03888491195994955
9368	0.018575781734050077
9391	0.008331333278266122
9397	0.020851861870469824
9438	0.027733726840515532
9477	0.026470489895886868
9479	0.03253628086619261
9528	0.02132524368252844
9631	0.030718458346169843
9648	0.040014667071115395
9668	0.018955527225630465
9787	0.011246753819115659
9949	0.024270758971439377
10029	0.04849002001130371
10039	0.06143691669233969
10060	0.04849002001130371
10063	0.1269391598957584
10107	0.01716026127748825
10161	0.019053807183760495
10208	0.052940979791773736
10213	0.010751641749459792
10276	0.023106590307784242
10417	0.031875912764662576
10421	0.01460664494839867
10431	0.028089118630830787
10477	0.04694267755725076
10478	0.054385856367484095
10504	0.031875912764662576
10521	0.040878151972918116
10584	0.023661175883178346
10654	0.06717432808776022
10678	0.04277019149351719
10681	0.015674696566768103
10720	0.028089118630830787
10739	0.03326628393453251
10744	0.030638609552905694
10745	0.05617823726166157
10780	0.05692745981771086
10794	0.018484010579476625
10878	0.01509211652550652
10888	0.035007546328871604
10913	0.015261805518021445
11017	0.018042547857761302
11047	0.030204992303194515
11181	0.03607559794724103
11290	0.04849002001130371
11353	0.013501482256430079
11382	0.055467453681031065
11407	0.03326628393453251
11410	0.015377285205819298
11437	0.05657586557250379
11438	0.012906019743140314
11441	0.01604930784479274
11554	0.01978381025210039
11590	0.027002964512860158
11640	0.040878151972918116
11659	0.017229378871860764
11667	0.053530738657684825
11674	0.02515930382649104
11699	0.0095233349084383
11755	0.024477249882918304
11760	0.02211509881509849
11784	0.02211509881509849
11832	0.04368746598562664
11836	0.04849002001130371
11841	0.008437439806407139
12000	0.03127304392156395
12030	0.19959770360719503
12142	0.04849002001130371
12148	0.022273789843848164
12334	0.027395678290485996
12391	0.009573542525794542
12409	0.06828026119125245
12433	0.1036236382261428
12435	0.15480569170568945
12452	0.04811440972514867
12485	0.013546039457426662
12514	0.023856361209437578
12582	0.018858621857501263
12646	0.020477250592445186
12707	0.04368746598562664
12725	0.04368746598562664
12878	0.029726966853484093
12932	0.04849002001130371
12961	0.035007546328871604
12989	0.11201650467560909
