71
t_index	tf-idf
129	0.07675307712066624
208	0.11346809480586133
242	0.21161727551089393
412	0.14621098786060482
413	0.039733368039036425
660	0.12298821033377201
745	0.0946481532941944
860	0.23835752131499008
1040	0.04501679098930033
1058	0.14186301826124803
1810	0.10378477554255965
1917	0.05859377278839334
1996	0.05512722462762272
2037	0.10126078208463808
2063	0.19023493399771046
2226	0.20013126096546544
2382	0.15993532809980582
2498	0.033374312925895766
2966	0.0764581979992059
3350	0.09834804004094268
3432	0.061494105166886005
3433	0.06001307505820592
3682	0.18354276058333263
3757	0.13011832863971315
4083	0.05824800001371239
4191	0.1192723277219357
4276	0.03741689522469651
4308	0.1110587518269952
4310	0.04793786534515279
4391	0.1127204631327522
4968	0.11358274528491676
5078	0.08785920835964639
5310	0.047433288327140784
6166	0.17208307953521854
6356	0.14392779138088285
6557	0.06636788031786313
6669	0.09779423392386748
7039	0.0632410688970617
7237	0.08050641156844582
7755	0.23835752131499008
7913	0.08091580941986112
8361	0.07765334960111127
8399	0.027876500847855607
8474	0.17208307953521854
8606	0.17733319360676678
8623	0.10658809432576773
8794	0.047277100377088085
8841	0.10006563048273272
9391	0.040953498245487975
9399	0.12610683564090058
9427	0.17208307953521854
9485	0.1051205673681484
9744	0.09671292641382923
9854	0.13308179046310542
10164	0.14728371320459738
10208	0.13011832863971315
10432	0.1380748593464547
10635	0.1192723277219357
10794	0.09085999437940108
11160	0.08326009861479726
11165	0.08362050754173271
11186	0.0577358350875099
11353	0.13273576063572626
11590	0.06636788031786313
11779	0.10870897013393963
12425	0.07005345383650745
12433	0.10187446221497477
12435	0.21741794026787925
12840	0.0693313421412554
12842	0.11187947408898495
12910	0.10580863775544697
