298
t_index	tf-idf
42	0.04814576881840119
46	0.029934748332421688
65	0.02014163574724558
72	0.043422267292289755
76	0.020067363875387798
129	0.020838376797898635
277	0.051945829616066315
283	0.04031097637571957
348	0.01949373512606886
376	0.017556370909444802
401	0.029112268867031433
412	0.03969612387321337
413	0.010787566123835383
478	0.01160941498955051
493	0.035112741818889605
542	0.05189502290400128
554	0.032101544853938
555	0.04672036856919849
579	0.05166772517738443
659	0.021333859515707498
660	0.016695582540652832
692	0.03967301320668967
723	0.06715420364943901
745	0.025696870478156192
779	0.034237868453722106
908	0.025696870478156192
979	0.024668389460871645
1086	0.06471380729095912
1408	0.03060348290533192
1444	0.05455516101188011
1467	0.036131561087112164
1585	0.049831659485768676
1665	0.037487173847829486
1743	0.04548563071052236
1807	0.09629153763680239
1845	0.018758945958885435
1847	0.03798712253932219
1862	0.016050772426969
1917	0.03181629092096005
2063	0.012912144318772483
2078	0.02716858324816529
2120	0.0583044150974802
2121	0.04548563071052236
2173	0.03210626267163511
2183	0.05455516101188011
2198	0.03851565486511403
2204	0.01992058621687593
2209	0.02396576310292372
2293	0.025696870478156192
2315	0.1686623983622625
2317	0.060304660193281144
2347	0.03926768162293983
2363	0.02167957448492905
2378	0.034949511680578235
2397	0.03444822973288934
2498	0.009061089590290004
2509	0.04858690154748038
2591	0.02036809927022305
2631	0.04439651473280111
2640	0.0583044150974802
2654	0.02817745346210843
2788	0.022317537653958944
2794	0.01527018229145013
2806	0.024079222174643103
2816	0.02185740301033832
2845	0.05647015151609471
2851	0.049831659485768676
2856	0.042540953280591084
2898	0.04814576881840119
2900	0.0162934844800736
3036	0.05455516101188011
3047	0.02374293790316165
3053	0.0583044150974802
3083	0.02479086540149924
3136	0.04439651473280111
3328	0.04099623784906627
3356	0.028357008586035022
3363	0.03037515529640264
3397	0.04173637662492227
3469	0.043422267292289755
3494	0.024668389460871645
3533	0.08423752917314883
3536	0.024194090711852998
3588	0.042667719031414995
3614	0.05189502290400128
3626	0.04173637662492227
3712	0.04548563071052236
3851	0.03183822076400805
3937	0.051393740956312384
4010	0.042540953280591084
4055	0.049831659485768676
4075	0.06471380729095912
4087	0.052806152022080964
4148	0.03532698443144336
4191	0.03238230700151208
4287	0.016147094113904678
4310	0.013015078201734379
4332	0.014269553097429345
4371	0.03132437755700444
4389	0.02100060549112606
4414	0.03390158418224065
4438	0.06471380729095912
4454	0.584122614695939
4487	0.023312776700154324
4708	0.03187884200595152
4725	0.04439651473280111
4796	0.07597424507864438
4815	0.08010415709402881
4840	0.03798712253932219
4861	0.028726929847437865
4939	0.049831659485768676
4949	0.01825899726739273
5117	0.011579825209636085
5158	0.02800131864461353
5167	0.06471380729095912
5199	0.043422267292289755
5429	0.02044483662625292
5465	0.04672036856919849
5524	0.04028327149449116
5527	0.033577101824719506
5531	0.0583044150974802
5585	0.034586845655587346
5623	0.02250820004448552
5669	0.037487173847829486
5698	0.03326362101321076
5704	0.03326362101321076
5744	0.043895232785112204
5802	0.012643127576045408
5806	0.0583044150974802
5810	0.01921973586936901
5924	0.15754472478051365
5925	0.06315546069168654
6009	0.01935572064853167
6066	0.05370845763946367
6343	0.02800131864461353
6349	0.030152330096640572
6390	0.11396136761796657
6397	0.03572052460308907
6432	0.023944162029082797
6433	0.03210626267163511
6435	0.03967301320668967
6442	0.015955443764796826
6449	0.02060024865987739
6465	0.037487173847829486
6497	0.02479086540149924
6544	0.06476461400302416
6585	0.01778469851837408
6596	0.05455516101188011
6646	0.014882147805190439
6670	0.01838147320802032
6843	0.034237868453722106
6848	0.034237868453722106
6849	0.01067973051881963
6854	0.034237868453722106
6903	0.04439651473280111
6918	0.11901903962006902
7027	0.051393740956312384
7039	0.01716988128967148
7145	0.05189502290400128
7183	0.012577078735705665
7198	0.016147094113904678
7226	0.01716988128967148
7237	0.02185740301033832
7341	0.015403232044931065
7343	0.021249413281921727
7358	0.24300124237122112
7362	0.026519618533122995
7394	0.019152486130531148
7439	0.015226254425782872
7589	0.011034894939606013
7616	0.016747096870727226
7619	0.020838376797898635
7664	0.026701385698009603
7677	0.010652966973847365
7733	0.03132437755700444
7876	0.049831659485768676
7880	0.04031097637571957
7911	0.019848061936606685
7912	0.010184014740347806
7913	0.01464570272057548
8015	0.06556952664658196
8043	0.020838376797898635
8192	0.03967301320668967
8233	0.07065396886288672
8241	0.0636764415280161
8361	0.02108279979528281
8399	0.015136879204498882
8401	0.043422267292289755
8437	0.034237868453722106
8440	0.0796530838221735
8444	0.08562035846129797
8551	0.027539208811873276
8623	0.02893855145688039
8656	0.022702876673552513
8721	0.06773412853190638
8794	0.07059624678129217
8824	0.020678945290908263
8836	0.018888273917857423
8856	0.0221307272936204
8869	0.03238230700151208
8879	0.028357008586035022
8893	0.02185740301033832
8920	0.03238230700151208
8921	0.053402771396019205
9095	0.025168338152364352
9143	0.030837591569987263
9205	0.027167709631240586
9242	0.01882338383869824
9245	0.06471380729095912
9293	0.06847573690744421
9328	0.02100060549112606
9378	0.043422267292289755
9391	0.03335649043581243
9406	0.024310404174190097
9431	0.03390158418224065
9435	0.029722168893633247
9441	0.027866564277016365
9471	0.1899435032252932
9528	0.05692048424736399
9574	0.03851565486511403
9600	0.06471380729095912
9604	0.04672036856919849
9649	0.03851565486511403
9781	0.015908145460480024
9782	0.030837591569987263
9787	0.030019383746570694
9861	0.21270476640295538
9949	0.01619563384916013
9954	0.025833862588692216
9969	0.025833862588692216
9989	0.048388181423705996
10086	0.05455516101188011
10093	0.02396576310292372
10103	0.01155032981514486
10107	0.06870522064839371
10161	0.02542882857052913
10164	0.019993683817561562
10198	0.031077781654350566
10358	0.022901740216131235
10422	0.03210626267163511
10427	0.04439651473280111
10461	0.028540119487099322
10681	0.020919135375271562
10688	0.022702876673552513
10705	0.028540119487099322
10758	0.029722168893633247
10829	0.03572052460308907
10917	0.05189502290400128
11080	0.02250820004448552
11111	0.03701287509881084
11151	0.0583044150974802
11157	0.03851565486511403
11180	0.03266684632356452
11185	0.06471380729095912
11186	0.04702564892883963
11215	0.029112268867031433
11237	0.0221307272936204
11245	0.034949511680578235
11288	0.03701287509881084
11340	0.043422267292289755
11382	0.03701287509881084
11437	0.025168338152364352
11438	0.03444822973288934
11474	0.06349719383377633
11493	0.04675098930887663
11564	0.04028327149449116
11590	0.018018807183029426
11594	0.021768061268629516
11659	0.007664661056691685
11698	0.034949511680578235
11700	0.03967301320668967
11781	0.07226312217422433
11808	0.04099623784906627
11827	0.03210626267163511
11841	0.011260437787685262
11876	0.026257454130085605
11902	0.043422267292289755
11904	0.035112741818889605
11911	0.049831659485768676
11998	0.03532698443144336
12057	0.04439651473280111
12112	0.04099623784906627
12148	0.009908717596308797
12156	0.031077781654350566
12213	0.04814576881840119
12324	0.03132437755700444
12344	0.05455516101188011
12348	0.03532698443144336
12417	0.0462099494682635
12425	0.01901943637705021
12428	0.03326362101321076
12478	0.034949511680578235
12485	0.018078272329012976
12505	0.030152330096640572
12532	0.016593406933826722
12676	0.029652276859784037
12768	0.025833862588692216
12906	0.042540953280591084
