102
t_index	tf-idf
6	0.1373170045552802
208	0.0736286716371288
401	0.06957947782549484
412	0.047437655639445006
413	0.18047897775777197
478	0.027746962509925657
481	0.1016745664510664
551	0.09079073027428528
570	0.09339376067934814
745	0.06141654014621639
778	0.0644109039515071
1319	0.07427713138268197
1808	0.08443289463683286
1810	0.06734523191237637
1912	0.2505921593501654
1996	0.10731503848684883
2063	0.092581611905046
2122	0.24806232807856715
2226	0.12986380817587864
2255	0.07877671205640571
2373	0.07005476958356269
2418	0.05866953389027696
2498	0.0433127273660477
2545	0.056485019698236556
2998	0.05356647145596657
3003	0.09482007586882073
3042	0.03847678959692972
3235	0.07206526543597884
3272	0.0368143358185644
3466	0.05984849153039827
3600	0.13915895565098968
3672	0.07103716309113098
3866	0.05954780369547763
3972	0.1016745664510664
4072	0.05895842970271425
4083	0.03779672932613269
4210	0.07486650537544534
4247	0.03587375919186685
4304	0.11909964359130372
4389	0.10038456093997801
4458	0.07486650537544534
4487	0.05571846141116327
4815	0.06381737138284717
4968	0.07370306754982879
5054	0.03713697242373339
5173	0.154668567399219
5209	0.07950137418885302
5232	0.04529991010301185
5246	0.05493085460406971
5419	0.0641826725088853
5486	0.08537347126353038
5800	0.0767352418261841
6009	0.09252188084770945
6407	0.049235411756341656
6454	0.03308957846972484
6585	0.042506135191465164
6685	0.0686585022776401
6962	0.07206526543597884
7027	0.06141654014621639
7198	0.038592195681352
7222	0.2532986839104986
7275	0.04378560455863366
7439	0.0363913522859729
7450	0.154668567399219
7511	0.11166353483842956
7643	0.07427713138268197
7677	0.05092202759723442
7913	0.017501905336534875
8209	0.1016745664510664
8312	0.04545720767057885
8399	0.0361777419605159
8520	0.16205226295698824
8794	0.07669446873096665
8893	0.05224006054035243
9030	0.08266393359234407
9241	0.047095009784428814
9266	0.09419001956885763
9328	0.050192280469989005
9370	0.07259782650556157
9391	0.0797233357941162
9481	0.06570742979852641
9631	0.0979826352723118
9781	0.03802109891770467
9854	0.0863558647710987
10329	0.038361983027337766
10637	0.0767352418261841
10681	0.04999756366019896
10901	0.12403116403928358
11336	0.154668567399219
11699	0.030376571649336423
11721	0.05202653023240866
11777	0.060153326914349846
11817	0.06077590935054656
11841	0.05382578629870312
11862	0.11402248030476889
11870	0.061743956726519535
11887	0.0767352418261841
12163	0.1016745664510664
12433	0.13221128528630227
12435	0.3527025407316886
12485	0.17283115299396182
12607	0.1393498657192513
