217
t_index	tf-idf
44	0.06107027392387795
193	0.035305504130536694
273	0.04965465920116398
277	0.03395035335773983
412	0.05188857093588036
413	0.01410090798360915
468	0.05185836195469317
478	0.015175183227797623
493	0.0229487140916061
541	0.058032661107582525
554	0.020980679280237113
557	0.020794245222048712
575	0.037550249034885824
619	0.04965465920116398
694	0.043480360048274616
779	0.04475384225493877
886	0.06579731077665373
979	0.03224515019407476
985	0.08459029881287006
1303	0.052692272017459386
1334	0.04475384225493877
1416	0.03451263621859041
1431	0.0713114799602263
1554	0.029172247128467266
1646	0.025300724249405642
1800	0.024861152105507708
1845	0.024520653481908315
1862	0.020980679280237113
1912	0.04568406280180381
1996	0.01956400779068493
2051	0.07621229690645151
2055	0.08459029881287006
2063	0.01687803873644843
2146	0.03593626820462228
2253	0.06513718080733694
2265	0.05107829118719585
2276	0.06107027392387795
2291	0.03706670848381595
2378	0.04568406280180381
2496	0.08323431183668964
2509	0.06351010228488058
2591	0.026624049420734257
2760	0.0355121228679276
2784	0.05358800779969705
2806	0.031475023402295
2858	0.08189097716846433
2898	0.06293347805380774
2900	0.042595878022612915
2925	0.04838117699449983
2932	0.0713114799602263
2933	0.08459029881287006
3137	0.0713114799602263
3363	0.03970471790444321
3479	0.05107829118719585
3496	0.021492370578699044
3533	0.015730089279262702
3536	0.03162517318166271
3563	0.08459029881287006
3564	0.08459029881287006
3565	0.08459029881287006
3566	0.08459029881287006
3575	0.06107027392387795
3600	0.038053942824143566
3801	0.04475384225493877
3927	0.038579543102049405
3979	0.042700289280777286
3983	0.06107027392387795
3998	0.027997838442101654
4076	0.3200254007046502
4083	0.020671534505096074
4108	0.08459029881287006
4152	0.15807681605237814
4214	0.19706726582407813
4238	0.05107829118719585
4243	0.0713114799602263
4276	0.013278818852643768
4293	0.058032661107582525
4310	0.01701258819787275
4318	0.05560717411680216
4422	0.0196198365356831
4454	0.0347060307732585
4538	0.08459029881287006
4585	0.06293347805380774
4595	0.027030370094409523
4605	0.04669188812122196
4606	0.03451263621859041
4607	0.08459029881287006
4650	0.09800230801382374
4706	0.034902570092300494
4771	0.16918059762574011
4899	0.042328355264158395
4949	0.02386714828765621
5017	0.0713114799602263
5054	0.02031070467097884
5077	0.030892409330926594
5089	0.08459029881287006
5215	0.07621229690645151
5274	0.08459029881287006
5429	0.026724356235437507
5465	0.06107027392387795
5483	0.03970471790444321
5712	0.026328028866839943
5715	0.03006798291070494
5775	0.08459029881287006
6013	0.027030370094409523
6027	0.039129042353244076
6045	0.04521000589327849
6057	0.046177474240970635
6252	0.038053942824143566
6271	0.08459029881287006
6390	0.04965465920116398
6393	0.07621229690645151
6407	0.053855004448236286
6417	0.03289865538832686
6430	0.043781751927329735
6522	0.04521000589327849
6544	0.042328355264158395
6547	0.040945488584232165
6552	0.06107027392387795
6739	0.08459029881287006
6742	0.07621229690645151
6869	0.0594562930936144
6909	0.07621229690645151
7183	0.016440059594437877
7222	0.046177474240970635
7341	0.020134250415934432
7430	0.04062315210049332
7439	0.15922332072187612
7493	0.08459029881287006
7529	0.08459029881287006
7595	0.08459029881287006
7639	0.03451263621859041
7663	0.05185836195469317
7677	0.12532470697618045
7788	0.08459029881287006
7825	0.04062315210049332
7913	0.0287160751620085
8160	0.09136812560360762
8191	0.056759178900918375
8201	0.08862854022208166
8410	0.08459029881287006
8440	0.0347060307732585
8442	0.08459029881287006
8486	0.034902570092300494
8490	0.046177474240970635
8551	0.053996588981216585
8595	0.10716700546280433
8721	0.014756382530501527
8794	0.025167135648841144
8797	0.019398052298431927
8798	0.026724356235437507
8855	0.046177474240970635
8856	0.028928058988966703
8884	0.04521000589327849
8894	0.04431427011104083
8922	0.047229172210383606
8984	0.08459029881287006
9151	0.039129042353244076
9198	0.022729610174091586
9259	0.07621229690645151
9265	0.15323487356158752
9293	0.04475384225493877
9364	0.06980514018460099
9391	0.014533917935151446
9449	0.053448712470875015
9471	0.03103545125839707
9474	0.05185836195469317
9500	0.04389012477434616
9547	0.08459029881287006
9577	0.037550249034885824
9689	0.03779947233455208
9782	0.040309188947053286
9969	0.03376859201070986
9989	0.06325034636332542
10198	0.04062315210049332
10207	0.04074019977070807
10213	0.056268357165271475
10215	0.08459029881287006
10325	0.04838117699449983
10422	0.04196752543004116
10571	0.06783429500003296
10719	0.03376859201070986
10866	0.06293347805380774
10894	0.023247171275244165
11017	0.31475023402295
11106	0.0713114799602263
11125	0.04568406280180381
11151	0.07621229690645151
11186	0.08195909263226436
11207	0.06293347805380774
11215	0.1141618284724307
11353	0.023553185134216177
11357	0.16918059762574011
11359	0.05185836195469317
11386	0.03376859201070986
11474	0.027666669731588402
11493	0.020370099885354036
11597	0.05107829118719585
11659	0.020037639453659436
11687	0.047791455071234175
11777	0.03289865538832686
11781	0.047229172210383606
11826	0.06107027392387795
11904	0.0458974281832122
11911	0.06513718080733694
12148	0.012952125943626923
12334	0.047791455071234175
12417	0.030201541195630847
12433	0.07230811222253807
12434	0.08459029881287006
12485	0.023630914674143928
12532	0.06506994301285914
12604	0.052692272017459386
12626	0.019902915090234514
12839	0.02822376841830719
12862	0.024775123971499804
12982	0.060403082391261693
