233
t_index	tf-idf
158	0.049305522745068595
208	0.05247061855338253
242	0.03261912335103559
277	0.029491968560807928
423	0.03219908169256556
478	0.013182367262657015
493	0.05980521740398818
546	0.02917852315977027
554	0.03645096280425517
579	0.02933407624446901
619	0.04313397367702243
638	0.022214171884498642
700	0.041515446852183654
723	0.03812644205306516
778	0.015300561120965157
949	0.0396156050637434
960	0.033990588396433125
1040	0.013877962038805118
1346	0.13240808663333803
1351	0.04373411651238886
1408	0.03474992939245002
1435	0.03121709164307907
1584	0.2994096524116876
1616	0.011592725301079432
1669	0.020260164726770964
1849	0.03585617700071314
1850	0.1061009633440139
1858	0.04655079211140817
1862	0.03645096280425517
1917	0.018063529998417007
1986	0.05164844996405043
2082	0.03812644205306516
2209	0.027212869144305346
2225	0.05658331942137789
2251	0.024717402082480307
2275	0.024616926280583245
2315	0.1196964748338489
2317	0.034237650175874365
2363	0.07385077884174975
2397	0.019557799264479158
2418	0.027873441735969156
2461	0.027737960615275593
2498	0.02057754174289637
2505	0.03474992939245002
2583	0.04923385256116649
2599	0.11316663884275578
2670	0.023845964208478506
2816	0.024818848680103957
2818	0.03874825477657704
2900	0.03700215671471115
2925	0.04202772606875931
3041	0.02253726325881327
3126	0.03556849760321568
3272	0.017490206184460844
3356	0.03219908169256556
3363	0.034490665820614635
3432	0.018957656429112735
3465	0.027085599208180985
3466	0.028433555391423695
3533	0.04099320795819852
3544	0.041515446852183654
3581	0.02357084870044658
3582	0.05041177035333171
3652	0.07348183999297829
3663	0.03645631983607956
3768	0.026835595940788447
3927	0.033513249781731314
3937	0.02917852315977027
3971	0.04102700338063122
4013	0.04678272656821891
4247	0.01704334550458056
4276	0.01153503481982329
4287	0.018334853653329534
4300	0.047391211820536426
4310	0.029556965783700873
4454	0.39192932837697164
4547	0.02647141002801264
4708	0.06033014348109159
5024	0.04102700338063122
5054	0.017643488339946983
5068	0.07348183999297829
5110	0.019999290657014862
5506	0.05305048167200695
5553	0.04577268499569765
5595	0.03305667170997415
5619	0.11781898630529664
5631	0.03305667170997415
5633	0.15915144501602083
5675	0.039998581314029724
5744	0.02492128501625627
5760	0.039684798849777485
5802	0.028712273823628745
5810	0.06547141707381442
5831	0.06194680517315501
5924	0.029815059935122564
6034	0.07113699520643137
6153	0.030148409875151664
6278	0.06620404331666901
6391	0.06620404331666901
6397	0.040560275824107414
6412	0.034490665820614635
6430	0.03803230080618694
6544	0.07353953047423444
6686	0.03585617700071314
6700	0.04437065328774114
6807	0.017956933740984643
6857	0.0450482846015546
6918	0.0900965692031092
7015	0.02523473041729393
7135	0.02278627827817708
7226	0.07798487045915684
7331	0.12064241404515408
7341	0.03498041236892169
7343	0.024128482809030814
7345	0.07348183999297829
7354	0.28291659710688943
7362	0.015056372413418577
7439	0.017289249979950797
7562	0.02006390403737585
7677	0.0362889921359377
7815	0.028874164424097244
7886	0.03328247914779813
7911	0.02253726325881327
7912	0.011563840437818239
7913	0.008315019846223794
7924	0.04577268499569765
7996	0.012035813880623292
8015	0.09306687527664186
8036	0.05466900849684572
8047	0.03328247914779813
8087	0.05041177035333171
8191	0.049305522745068595
8233	0.040113415144227144
8239	0.06620404331666901
8312	0.021596367747787955
8361	0.023939294966769782
8399	0.017187765366625554
8417	0.033990588396433125
8433	0.024128482809030814
8440	0.12059363950060666
8444	0.06481400434693639
8551	0.015635239372865664
8591	0.04655079211140817
8620	0.025778875033664862
8623	0.032859417438110335
8644	0.14696367998595658
8721	0.025637127547692682
8766	0.08746823302477771
8794	0.12388562610334884
8797	0.016850686132721525
8808	0.034237650175874365
8848	0.059960824064720725
8871	0.040113415144227144
8957	0.020260164726770964
9045	0.017190196026681204
9068	0.03374920670432193
9190	0.04830480005694051
9200	0.05041177035333171
9205	0.030848645376755867
9211	0.024616926280583245
9215	0.025129205497158906
9317	0.03328247914779813
9369	0.025129205497158906
9391	0.012625313389002801
9431	0.03849488831938836
9441	0.01054739579840192
9471	0.2156788279965206
9481	0.03121709164307907
9486	0.03850688105761227
9528	0.032316302276747505
9542	0.07348183999297829
9574	0.04373411651238886
9744	0.029815059935122564
9784	0.0748524131029219
9787	0.01704334550458056
9880	0.26481617326667606
9969	0.02933407624446901
10103	0.013115276675448748
10164	0.02270261535605107
10167	0.03179519954659425
10178	0.030148409875151664
10358	0.026004682471488846
10451	0.03328247914779813
10481	0.02094219932904213
10700	0.09538559863978277
10796	0.018726885795179556
10859	0.03261912335103559
10904	0.024717402082480307
10953	0.021978214961908025
11036	0.05041177035333171
11091	0.028578380324403848
11149	0.028874164424097244
11157	0.04373411651238886
11170	0.05658331942137789
11210	0.029323205124753563
11229	0.06399039751757919
11353	0.020460163938966304
11382	0.04202772606875931
11390	0.06620404331666901
11474	0.024033462783392398
11537	0.06194680517315501
11554	0.029980412032360362
11659	0.034812564486337336
11698	0.039684798849777485
11699	0.01443167422447498
11707	0.06847530035174873
11714	0.034490665820614635
11744	0.04577268499569765
11776	0.03305667170997415
11781	0.04102700338063122
11802	0.13405299912692525
11841	0.012786107361066557
11896	0.041515446852183654
11904	0.01993507246799606
12084	0.05041177035333171
12107	0.05041177035333171
12148	0.01125124345835379
12182	0.07348183999297829
12275	0.026004682471488846
12324	0.03556849760321568
12391	0.08704655348243821
12417	0.15741271863253212
12426	0.03474992939245002
12485	0.020527685979860547
12504	0.027604205415712492
12505	0.034237650175874365
12509	0.061697290753511734
12626	0.017289249979950797
12675	0.019134125140595457
12676	0.033669845043138864
12727	0.038876735533508434
12873	0.031995198758789596
12907	0.033990588396433125
