66
t_index	tf-idf
65	0.057524696285521086
277	0.07417888272486213
282	0.18482322670348383
423	0.08098787640426142
493	0.1504234686470109
656	0.08875842922235021
713	0.17751685844470041
1409	0.12401439333740669
1584	0.282405785923695
1917	0.04543380922798926
2009	0.2750095139706006
2293	0.07339049758887911
2308	0.10319206959852374
2315	0.06021266943217067
2397	0.049192229911845894
2591	0.05817147818260756
2806	0.06877047920883744
2818	0.14619076245817988
3672	0.08488678675400178
4247	0.08573563509786634
4310	0.03717118262301319
4387	0.18482322670348383
4454	0.22748993739012913
5031	0.14821266101443994
5170	0.08946270938029906
5310	0.03677993189983521
5633	0.13343380081025852
5810	0.054891741785400065
5924	0.07499152963635211
6432	0.03419237309766796
6442	0.045568893618591254
6467	0.12149735244304569
6544	0.1849683311387682
6918	0.2266129786165341
6926	0.18482322670348383
6927	0.18482322670348383
7226	0.04903733831954897
7430	0.08875842922235021
7439	0.04348632218358982
7677	0.06084994261640935
7912	0.029085639431538798
8015	0.09363358451276288
8440	0.15165995826008608
8444	0.16302168563170305
8721	0.03224154864131135
8794	0.09164705809021594
8824	0.059059257266484845
9190	0.12149735244304569
9205	0.07759122768983943
9356	0.12990737816991796
9471	0.203430144742659
9574	0.11000106327792303
9697	0.07713978181155419
9781	0.04543380922798926
9861	0.24299470488609137
9969	0.0737817483120571
10103	0.032987847806982086
10953	0.11056023112188773
11438	0.049192229911845894
11519	0.059059257266484845
11700	0.11330648930826705
11862	0.06812632676769796
12033	0.09778366608249905
12417	0.06598801959008349
12509	0.07759122768983943
12739	0.15581003982982225
