55
t_index	tf-idf
413	0.07793752529904555
750	0.14331390579631587
1040	0.04415051453936002
1353	0.11501167676686497
1669	0.06445447068077914
2063	0.1865741656564634
2104	0.10377251903011189
2209	0.08657338674467219
2244	0.13052084334847255
2418	0.17734978539138108
2545	0.1707463048887518
2948	0.08739819229363087
3433	0.05885821900407756
3980	0.08911153848899138
4287	0.05832940171870224
4391	0.11055133733563624
4455	0.1800107724616523
4487	0.08421455326446181
4708	0.03838613867764903
4754	0.13913309040241018
5246	0.04151207036013037
5561	0.11315548105571656
5639	0.11501167676686497
5700	0.1739206987123448
5778	0.0738544706702998
5800	0.11597994536040482
6345	0.1739206987123448
6521	0.10661703913097942
7275	0.06617887561735407
7457	0.1290360243446011
7996	0.03829001507884524
8399	0.05468012396895462
8520	0.12246532464088854
8707	0.10309768946161268
8794	0.023183663936346834
9241	0.07118080990632883
9541	0.1276144086283341
10478	0.08739819229363087
10637	0.11597994536040482
10654	0.08096197111993422
10681	0.0755678168656603
10760	0.09591233963672613
11004	0.23377071041968658
11080	0.08130811854432336
11353	0.0650907361570213
11597	0.14115813025166518
11773	0.14809389290636846
11839	0.28662781159263173
11841	0.04067695367433008
11937	0.0975690226674672
12391	0.046154112474409335
12433	0.49957025216221806
12435	0.10661703913097942
12452	0.11597994536040482
12485	0.1306110934413944
