337
t_index	tf-idf
37	0.05078007747765621
53	0.030547917924955176
65	0.018149152923759775
76	0.01808222829175887
86	0.024922697270514296
102	0.03377880820513133
208	0.013879489104644387
277	0.023403580952517322
283	0.03632327006256439
333	0.022678595904338336
334	0.032186922237785145
396	0.09352276235017665
401	0.026232378852229978
453	0.031492180677941496
493	0.03163926350572943
495	0.034229300179556776
554	0.028925944940828785
579	0.046556568554536576
638	0.017628228814908106
660	0.015043995655764928
691	0.03255729751908771
694	0.02997306435994453
695	0.03833264965669692
710	0.018633309880905783
713	0.028003456067522116
723	0.06051106905126355
779	0.030850935750595616
781	0.06170187150119123
908	0.02315484391747492
1040	0.011012964677534575
1120	0.025716828540332283
1354	0.031165390876437323
1408	0.02757607665129647
1416	0.02379118906703285
1500	0.015569400577786337
1616	0.027598491889550117
1636	0.016289904812795585
1812	0.04915836888373638
1862	0.014462972470414392
1885	0.02757607665129647
1917	0.01433445467482203
1984	0.03377880820513133
2008	0.017819779133434053
2078	0.01224048479181441
2089	0.03294490563360323
2205	0.044902133064124126
2249	0.03294490563360323
2287	0.01725785353360555
2293	0.02315484391747492
2315	0.15197770919789388
2317	0.08150866048798205
2319	0.052536733312697544
2363	0.07813981298968241
2373	0.026411570100175932
2397	0.046560731006704534
2398	0.02893019605508414
2399	0.0409860290374791
2423	0.03377880820513133
2455	0.046761381175088323
2461	0.022011674309866947
2483	0.026973495700004433
2498	0.03265893648236593
2499	0.042098622200173616
2501	0.035748416497553746
2509	0.014593503681339487
2554	0.02588515895004047
2559	0.03521067689986988
2583	0.019534953247420602
2591	0.036706427726174176
2620	0.03294490563360323
2780	0.052536733312697544
2788	0.020109806812431248
2794	0.013759601109811384
2845	0.016961307220436712
2900	0.029363349154023083
3083	0.04467692822274224
3091	0.03833264965669692
3126	0.028225657819346064
3178	0.044902133064124126
3189	0.03521067689986988
3305	0.03377880820513133
3363	0.027370336028083156
3403	0.022665818027188284
3432	0.015043995655764928
3433	0.014681674577011541
3499	0.04915836888373638
3522	0.03183231247090872
3533	0.04337397186514085
3556	0.044902133064124126
3588	0.01922343764247313
3654	0.030850935750595616
3661	0.040004652317165997
3663	0.02893019605508414
3712	0.0409860290374791
3717	0.026232378852229978
3826	0.027370336028083156
3871	0.037607664608517936
3880	0.046761381175088323
3923	0.018776969851602522
3990	0.03632327006256439
4033	0.044902133064124126
4041	0.04915836888373638
4078	0.02419771222233531
4083	0.01424986438594694
4148	0.03183231247090872
4238	0.03521067689986988
4247	0.013524879337767954
4276	0.009153716566570384
4287	0.01454976567072878
4308	0.027169553495994016
4332	0.012857957743296565
4371	0.028225657819346064
4380	0.02315484391747492
4449	0.02757607665129647
4453	0.022678595904338336
4454	0.5502636164114869
4466	0.025390038738828107
4666	0.028453948041947556
4682	0.022450305681736844
4708	0.019150181771359277
4809	0.03922937320243779
4840	0.034229300179556776
4904	0.03833264965669692
4962	0.046761381175088323
5110	0.015870592596059257
5158	0.02523132780898962
5170	0.028225657819346064
5246	0.010354827556083848
5250	0.031492180677941496
5297	0.030255534525631775
5310	0.011604139642256484
5315	0.010984478933931431
5396	0.052536733312697544
5419	0.02419771222233531
5433	0.03833264965669692
5465	0.042098622200173616
5505	0.026781945381478486
5508	0.039126780926514906
5524	0.018149152923759775
5563	0.034705548192693364
5587	0.035748416497553746
5622	0.03632327006256439
5669	0.03377880820513133
5675	0.015870592596059257
5686	0.020546140632407832
5697	0.034229300179556776
5715	0.020727279763913406
5721	0.031165390876437323
5738	0.034705548192693364
5744	0.019776479488513753
5765	0.01344808550486391
5781	0.042098622200173616
5802	0.011392424065837448
5826	0.07264654012512878
5829	0.034705548192693364
5856	0.015973458987652005
5924	0.04731994524930289
5925	0.05690789608389511
5995	0.019776479488513753
6066	0.02419771222233531
6184	0.007768836761265276
6396	0.051103663252245954
6397	0.032186922237785145
6412	0.10948134411233262
6430	0.03018082800722008
6432	0.021575519672305362
6433	0.02893019605508414
6442	0.028754148122587066
6454	0.024950413127715676
6455	0.03335142878890569
6464	0.028453948041947556
6465	0.03377880820513133
6497	0.1116923205568556
6544	0.029178933090126542
6557	0.03247264434451545
6561	0.03521067689986988
6563	0.021493987843134235
6766	0.03632327006256439
6848	0.030850935750595616
6849	0.00962325328503214
6871	0.03335142878890569
6892	0.030850935750595616
6918	0.14299366599021499
6939	0.03833264965669692
6957	0.029178933090126542
7019	0.022450305681736844
7039	0.03094275014398114
7169	0.052536733312697544
7198	0.01454976567072878
7313	0.030255534525631775
7331	0.019147345132905075
7341	0.09715642373251071
7358	0.27370336028083153
7362	0.01194810139249101
7381	0.028003456067522116
7394	0.01725785353360555
7419	0.03833264965669692
7439	0.013720018746113914
7440	0.028225657819346064
7573	0.03694074301404655
7589	0.0099432835679158
7664	0.024059988890214136
7677	0.009599137285885946
7877	0.026594699930983363
7897	0.018997213649736736
7912	0.02752972646608489
7913	0.013196897297082675
7952	0.044902133064124126
8015	0.11816630795838888
8216	0.03183231247090872
8233	0.03183231247090872
8241	0.11475467925596393
8323	0.034705548192693364
8328	0.0409860290374791
8345	0.042098622200173616
8399	0.006819742421081623
8402	0.020195264709146798
8433	0.03829469026581015
8440	0.23924505061368995
8444	0.07715048562099684
8517	0.04915836888373638
8551	0.01240746576887112
8576	0.02315484391747492
8623	0.03911376928670037
8656	0.06137108014386228
8678	0.02303320567121477
8717	0.03377880820513133
8721	0.02034454189503587
8742	0.032186922237785145
8794	0.08096150737244141
8798	0.01842236008472609
8872	0.03694074301404655
8895	0.052823140200351865
8938	0.020109806812431248
8997	0.028453948041947556
9045	0.013641413711348874
9095	0.022678595904338336
9101	0.052536733312697544
9117	0.021101817959061388
9140	0.039126780926514906
9151	0.026973495700004433
9175	0.046761381175088323
9205	0.024480182388022555
9221	0.07264654012512878
9242	0.016961307220436712
9251	0.026232378852229978
9309	0.024337750340382835
9364	0.04811997778042827
9374	0.032796230119105194
9381	0.023659972624651446
9406	0.021905531831302286
9441	0.008369967942193482
9448	0.02353079062786392
9456	0.024772565787345956
9461	0.018849739500951732
9467	0.04915836888373638
9468	0.02002521652355616
9471	0.23533621494223275
9528	0.038467279398142054
9551	0.03833264965669692
9559	0.046761381175088323
9574	0.034705548192693364
9779	0.028453948041947556
9781	0.04300336402446609
9787	0.02704975867553591
9956	0.044902133064124126
9969	0.046556568554536576
9985	0.037607664608517936
10068	0.02233846411137112
10103	0.010407729777537723
10110	0.017565344954998188
10178	0.04784901012273799
10207	0.014042071275498629
10213	0.012929478112804118
10250	0.0409860290374791
10270	0.044902133064124126
10327	0.039126780926514906
10411	0.040004652317165997
10424	0.042098622200173616
10508	0.0409860290374791
10580	0.031492180677941496
10637	0.02893019605508414
10749	0.019071941252775684
10758	0.05356389076295697
10794	0.022228103929912896
10798	0.030547917924955176
10827	0.03377880820513133
10829	0.032186922237785145
10849	0.03294490563360323
10904	0.019614686601218893
10911	0.043383016746127157
10913	0.018353213863087088
10922	0.016674953544127624
10953	0.034881966728825965
11018	0.026411570100175932
11091	0.022678595904338336
11111	0.03335142878890569
11125	0.06298436135588299
11149	0.022913317676381762
11186	0.02824913542139581
11210	0.023269657415694756
11438	0.015520243668901512
11474	0.019071941252775684
11564	0.018149152923759775
11621	0.034705548192693364
11644	0.020195264709146798
11659	0.006906445304260198
11699	0.011452367287604525
11700	0.07149683299510749
11744	0.03632327006256439
11777	0.022678595904338336
11781	0.03255729751908771
11802	0.026594699930983363
11841	0.01014651490880679
11852	0.03694074301404655
11862	0.04298797568626847
11902	0.11738034277954473
11904	0.015819631752864716
11918	0.09352276235017665
11955	0.046761381175088323
12159	0.03632327006256439
12220	0.035748416497553746
12315	0.044902133064124126
12324	0.028225657819346064
12417	0.12491608676024486
12428	0.05994612871988906
12483	0.028225657819346064
12485	0.016289904812795585
12505	0.027169553495994016
12532	0.014951927626304182
12665	0.03632327006256439
12676	0.017812644878804646
12818	0.03521067689986988
12839	0.0194559756713804
12840	0.05088392166131014
12907	0.026973495700004433
12913	0.027370336028083156
