163
t_index	tf-idf
46	0.0740452997426469
64	0.07210964068030591
65	0.024910739847388563
73	0.023121515148195756
99	0.028078427278655994
277	0.06424547956089213
335	0.08003663844330888
412	0.02454765410228804
413	0.013341828671194895
469	0.24010991532992665
554	0.03970249698637719
723	0.12458230188666493
796	0.04985574449319988
960	0.11106794961397035
1174	0.061630719629282994
1408	0.03784972634027406
1616	0.012626830841249423
1690	0.029364752532536693
1751	0.049066725431622785
1763	0.03625137517383659
1845	0.023200658995976554
1873	0.04468673397810628
1917	0.019674850543090875
1954	0.050703261075477075
1998	0.12387965204674438
2315	0.052149502408381884
2317	0.037291750295539675
2347	0.024282710043867825
2348	0.0419287467301969
2360	0.053703721866280016
2363	0.02681282924451676
2498	0.06723935881378329
2554	0.03552884606909683
2615	0.06747264424564868
2709	0.022432837791000252
2798	0.06459468452290239
2845	0.023280354373277454
2972	0.017995606092519465
3080	0.06322875747835872
3115	0.050703261075477075
3129	0.053703721866280016
3239	0.036759736215103304
3245	0.04040164962829399
3272	0.07620153816607661
3465	0.029501715131966033
3479	0.09665729478259394
3544	0.045218748058542646
3554	0.05778274225620286
3737	0.03552884606909683
3747	0.03970833188135667
3768	0.029229410830333764
3777	0.053703721866280016
3847	0.056255645154299955
3885	0.10323729743928543
4013	0.050955884774939154
4072	0.030509331020836826
4074	0.02820074117573431
4122	0.06747264424564868
4308	0.037291750295539675
4310	0.016096767474367626
4453	0.06225531351795906
4454	0.4597283265454815
4708	0.013142354305473256
4949	0.06774699977350154
4972	0.023121515148195756
5054	0.019217339920693483
5158	0.034631425813327406
5315	0.015076819189950408
5633	0.11556548451240573
5669	0.046363326546842776
5747	0.03552884606909683
5802	0.015636746978074097
5825	0.047635329644359646
5856	0.021924476749733544
5924	0.25979721492232816
6116	0.16007327688661777
6175	0.04985574449319988
6390	0.046981652284985485
6454	0.017122927255070947
6459	0.05161864871964272
6544	0.08009947508689809
6575	0.0419287467301969
6646	0.05521775644207766
6671	0.024195742017443095
6771	0.050703261075477075
7015	0.08245723003736652
7331	0.026280815164080394
7360	0.16007327688661777
7381	0.038436328783839804
7409	0.036502731233962575
7416	0.03247465186529102
7677	0.0131753593510708
7682	0.03360043619921866
7892	0.031950763000373576
8023	0.038139266877816866
8038	0.1449859421738909
8107	0.045218748058542646
8311	0.05490865004798846
8312	0.023522827916171014
8399	0.009360482552073335
8428	0.053703721866280016
8440	0.26270190088313233
8444	0.14119121220901654
8472	0.13494528849129736
8496	0.03321272990561683
8565	0.024282710043867825
8618	0.04985574449319988
8620	0.028078427278655994
8623	0.017895287551339942
8655	0.03576465319363677
8693	0.06747264424564868
8757	0.05778274225620286
8794	0.03968723295004174
8854	0.04076473537339451
8864	0.040049737543449045
9045	0.018723612586301053
9215	0.027370805289251156
9369	0.027370805289251156
9370	0.037567335687529214
9404	0.04832864739129697
9441	0.011488254841139483
9448	0.032297342261451194
9471	0.14682376266268346
9486	0.020970904628151085
9781	0.019674850543090875
9969	0.031950763000373576
10107	0.05664875482166724
10127	0.16007327688661777
10217	0.040049737543449045
10342	0.03702264987132345
10372	0.030509331020836826
10480	0.1482016896226312
10676	0.04832864739129697
10700	0.17315712906663705
10740	0.09396330456997097
10744	0.025285732142613853
10772	0.032122739780446066
10904	0.053844535572936295
10916	0.046981652284985485
11036	0.10981730009597691
11150	0.038139266877816866
11157	0.09527065928871929
11165	0.028078427278655994
11248	0.03905465452198251
11485	0.0419287467301969
11519	0.05115054536031331
11620	0.03144982567917399
11699	0.015719022443454033
11748	0.030660806617596903
11834	0.056255645154299955
11841	0.027853332253324172
11937	0.03340494015047255
12312	0.052613731741109254
12391	0.11061325879140242
12426	0.03784972634027406
12428	0.04113972766861981
12481	0.056255645154299955
12504	0.030066582554047754
12678	0.10740744373256003
12736	0.044178372936839565
12749	0.04301206206838317
12842	0.037567335687529214
12992	0.05161864871964272
