280
t_index	tf-idf
76	0.019827166844826452
81	0.019398832850747512
99	0.022431133778170225
112	0.05188632918508076
129	0.02058895110054968
200	0.020431427914691814
208	0.01521886250734683
277	0.0256620310740932
283	0.03982847270036877
297	0.06393921305705118
342	0.02324376854614476
376	0.017346229299113294
493	0.017346229299113294
499	0.028571462082071765
555	0.09232229488890782
561	0.042902522908891134
567	0.025801516507894667
579	0.05104928649054282
638	0.019329356330008065
643	0.019056616122623292
779	0.033828057061134544
874	0.042031757816817214
885	0.05390216105841231
1002	0.04756948631432717
1134	0.027495382317049406
1202	0.030011578787283565
1236	0.02957644329022989
1370	0.06393921305705118
1420	0.042902522908891134
1532	0.05127386356888092
1584	0.03256589920502446
1589	0.06393921305705118
1720	0.016394791555287162
1738	0.028763808522255362
1786	0.023568161857613658
1807	0.04756948631432717
1810	0.027840182423799306
1833	0.03860851408071065
1839	0.02195765381953945
1848	0.06513179841004892
1849	0.03119975957160315
1862	0.015858652131592165
1917	0.015717732343686355
1954	0.040505531911969574
1955	0.03982847270036877
2030	0.03529296650462459
2063	0.012757591944937642
2078	0.013421693959005871
2109	0.09516589683238068
2171	0.03227583933662551
2279	0.057606538312966055
2315	0.12498269080868019
2316	0.030468479913330692
2378	0.03453118224890136
2386	0.014256276356464545
2420	0.033828057061134544
2461	0.07240741550773669
2498	0.02685789766182653
2562	0.05127386356888092
2607	0.021507507679714176
2635	0.09513897262865434
2670	0.02074923799162377
2803	0.03982847270036877
2806	0.04758201012499131
2816	0.02159578004224608
2845	0.01859807667173561
2856	0.08406351563363443
2899	0.024867084827518017
3037	0.042902522908891134
3047	0.04691749191528951
3109	0.04756948631432717
3158	0.03227583933662551
3239	0.029366408328646947
3255	0.11582554224213194
3272	0.01521886250734683
3310	0.03317519950196124
3384	0.030705795033877492
3403	0.024853073882733504
3433	0.016098459034085095
3466	0.07422320220814137
3533	0.095119137201127
3536	0.023904498676635733
3586	0.036569848164806004
3624	0.06393921305705118
3628	0.028960291760539457
3670	0.04616114744445391
3739	0.02608704344717614
3866	0.0246167645539583
3888	0.03612409544581502
3923	0.02058895110054968
3987	0.028383081831856626
3990	0.03982847270036877
4044	0.04494118882479579
4061	0.03860851408071065
4094	0.08100425333797125
4135	0.016394791555287162
4155	0.03119975957160315
4247	0.014830032828879134
4276	0.010037051998638883
4287	0.031907641785293164
4308	0.029791420701729892
4310	0.06429646878550571
4328	0.027001417779323748
4359	0.057606538312966055
4371	0.030949439298043432
4380	0.025389290866708426
4389	0.02074923799162377
4454	0.31479869353127193
4464	0.03982847270036877
4682	0.0246167645539583
4708	0.08399271217309943
4720	0.04756948631432717
4724	0.06393921305705118
4807	0.11521307662593211
4869	0.057606538312966055
4956	0.061898878596086865
5110	0.017402107873604675
5158	0.05533231171662035
5210	0.022334454373887713
5232	0.05618026957084945
5291	0.05390216105841231
5524	0.019900549716854194
5585	0.13669142867153775
5600	0.012044483291132875
5671	0.028960291760539457
5673	0.04494118882479579
5704	0.032865470910252256
5720	0.03982847270036877
5726	0.024867084827518017
5744	0.06505474083646402
5760	0.03453118224890136
5765	0.01474582837613831
5800	0.03172196561079356
5802	0.024983590415493397
5924	0.02594316459254038
5929	0.04616114744445391
6057	0.0349041368261569
6087	0.043549850718902515
6196	0.04494118882479579
6407	0.02035367324580436
6430	0.04963992568495191
6432	0.023657561524184426
6454	0.02735813285556343
6464	0.09359927871480946
6544	0.031994705818178336
6557	0.017803130425160425
6585	0.017571823932550603
6591	0.014872427886154982
6601	0.057606538312966055
6670	0.01816145550617735
6849	0.010551899101910801
7183	0.012426536941366752
7226	0.033928731561369725
7315	0.04616114744445391
7344	0.04756948631432717
7358	0.18006947272370138
7362	0.07860657302810085
7381	0.030705795033877492
7394	0.03784647952380115
7813	0.042902522908891134
7860	0.040505531911969574
7912	0.040248467244808114
7913	0.0289408009147357
7996	0.05236399007576046
8015	0.04858851738690133
8017	0.06393921305705118
8043	0.02058895110054968
8144	0.10780432211682461
8159	0.03317519950196124
8193	0.03227583933662551
8216	0.10471241047847071
8241	0.5347712446864429
8258	0.05390216105841231
8272	0.04386510905977342
8280	0.04756948631432717
8399	0.01495569778677686
8402	0.06643233506450888
8409	0.08101106382393915
8425	0.03612409544581502
8440	0.18363257122657528
8444	0.11279403001926493
8551	0.013604788632881018
8608	0.06393921305705118
8623	0.014296085214433155
8628	0.029791420701729892
8656	0.022431133778170225
8676	0.02091238729940455
8721	0.03346169122737041
8752	0.03703846977796262
8794	0.03804613226031385
8797	0.05864957169828815
8800	0.0246167645539583
8824	0.020431427914691814
8841	0.05368504951575221
8853	0.04923519765297627
8865	0.07965694540073753
8893	0.02159578004224608
8957	0.01762910385967129
8999	0.0256620310740932
9160	0.040505531911969574
9172	0.039198145654337394
9223	0.09513897262865434
9242	0.01859807667173561
9257	0.03703846977796262
9293	0.033828057061134544
9361	0.06393921305705118
9364	0.026381782505663982
9391	0.03295722872897425
9426	0.02916109365569851
9443	0.025124457296293857
9471	0.04691749191528951
9528	0.014059793118180453
9532	0.04923519765297627
9546	0.037532434315688284
9611	0.03172196561079356
9618	0.05368504951575221
9680	0.05127386356888092
9781	0.015717732343686355
9787	0.029660065657758267
9969	0.02552464324527141
9989	0.023904498676635733
10020	0.030949439298043432
10096	0.03982847270036877
10103	0.011412077728780657
10164	0.019754368703091003
10207	0.01539713388936396
10249	0.0380546403548787
10322	0.04923519765297627
10481	0.01822256689422601
10564	0.030705795033877492
10745	0.03703846977796262
10746	0.06393921305705118
10768	0.054002835558647495
10870	0.05127386356888092
10894	0.017571823932550603
10922	0.01828408980987316
11008	0.0256620310740932
11018	0.028960291760539457
11050	0.01670105884047668
11066	0.023350624950803787
11080	0.02223878733798663
11084	0.039198145654337394
11091	0.024867084827518017
11125	0.03453118224890136
11148	0.03227583933662551
11149	0.050248914592587714
11150	0.030468479913330692
11229	0.027840182423799306
11296	0.03317519950196124
11340	0.042902522908891134
11393	0.08872932987068967
11493	0.01539713388936396
11564	0.019900549716854194
11634	0.01470401540407491
11659	0.015145837243371665
11698	0.03453118224890136
11699	0.012557522962092877
11700	0.039198145654337394
11716	0.03860851408071065
11744	0.03982847270036877
11752	0.030949439298043432
11800	0.033828057061134544
11802	0.02916109365569851
11927	0.03860851408071065
12024	0.04123681157024203
12119	0.039198145654337394
12136	0.0349041368261569
12230	0.057606538312966055
12324	0.030949439298043432
12348	0.0349041368261569
12354	0.05127386356888092
12409	0.030011578787283565
12417	0.02282841891161337
12426	0.030237173420720867
12437	0.052763565011327965
12505	0.029791420701729892
12532	0.032789583110574325
12556	0.05127386356888092
12675	0.06659718396500244
12676	0.02929735286999988
