154
t_index	tf-idf
25	0.09955969437725457
65	0.036757202472870995
135	0.05584940724986373
157	0.043531445595194444
208	0.02810991749215664
475	0.06248192941157164
521	0.06754613980625311
556	0.04125273287535411
557	0.029031352318975013
638	0.03570218282415815
659	0.038932934920833516
886	0.04593061422524497
979	0.04501823970363953
998	0.04436493935455234
1036	0.16154867146075577
1095	0.11809857686009602
1213	0.043531445595194444
1500	0.1576623470591078
1616	0.05589480448985769
1624	0.05671497226002891
1646	0.03532295747050747
1669	0.03256174071595657
1681	0.040901161449553525
1800	0.06941852018416395
1848	0.06015066758564974
1883	0.1660167583818558
2008	0.03609012676134233
2056	0.09470511174731729
2078	0.024790467067463216
2214	0.04143130404493136
2397	0.03143291267435783
2402	0.07356496458953551
2480	0.05078519685518226
2498	0.016535911426193886
2607	0.1589013018671627
2848	0.0371704839794607
2891	0.045241750495126236
2899	0.04593061422524497
2906	0.21272166375305118
2919	0.0748155231359588
3041	0.036221448965370405
3314	0.038474766920367394
3326	0.10640184430370667
3368	0.10640184430370667
3533	0.043922321680711154
3536	0.08830534938694871
3569	0.05047555847871419
3768	0.04312964523074721
3789	0.05716499407735169
3901	0.07924287236264248
3923	0.0380287105167754
4008	0.10485620225582619
4072	0.04501823970363953
4473	0.09093960491903186
4547	0.04254433275061024
4796	0.06932407933802373
5024	0.06593779786338899
5078	0.043531445595194444
5093	0.06015066758564974
5310	0.02350168694625387
5429	0.11193157430106682
5524	0.036757202472870995
5623	0.04107603159530769
5715	0.04197864342178767
6013	0.037737758170275866
6034	0.05716499407735169
6260	0.2792185791883415
6432	0.02184828538234748
6573	0.07028861717181137
6667	0.04436493935455234
6883	0.14787262316102315
6946	0.11342994452005782
7202	0.2835873710377405
7237	0.03988836845547736
7372	0.06841170481641827
7476	0.0810208118944131
7589	0.0201379804824157
7617	0.04739891538054752
7627	0.060703989879801024
7649	0.15848574472528495
7684	0.11809857686009602
7911	0.036221448965370405
8002	0.05208390042157832
8012	0.045241750495126236
8015	0.11966021018567562
8110	0.06672281466308343
8113	0.030943753263796562
8279	0.1487380195190314
8312	0.03470926009208197
8399	0.05524768104330787
8617	0.1385357904300964
8619	0.07356496458953551
8656	0.04143130404493136
8714	0.06378063297796768
8721	0.04120349025626724
8735	0.06186823203314615
8794	0.02342430078062269
8930	0.0719196372770105
9095	0.04593061422524497
9125	0.036487199623852586
9198	0.031733362475562805
9385	0.0830083791909279
9441	0.03390313670671426
9464	0.0878629618208652
9468	0.04055676545409543
9473	0.06015066758564974
9499	0.034001121867516255
9509	0.06127607239606651
9535	0.058591884615421995
9550	0.060703989879801024
9611	0.058591884615421995
9668	0.04616662951382384
9787	0.02739173174240351
10110	0.035574825102247146
10178	0.04845393502926037
10185	0.04593061422524497
10213	0.02618587472689838
10350	0.06754613980625311
10451	0.05349094990145019
10456	0.0878629618208652
10550	0.060703989879801024
10555	0.09955969437725457
10556	0.14594879849541034
10580	0.06378063297796768
10659	0.07240072243619039
10683	0.09955969437725457
10760	0.04845393502926037
10796	0.03009748478867144
10859	0.05242481743175376
10913	0.1486819359178428
10922	0.03377152896457294
11018	0.05349094990145019
11050	0.15423800097110432
11229	0.05142205802318004
11412	0.09186122845048994
11438	0.06286582534871565
11440	0.11809857686009602
11530	0.04501823970363953
11590	0.09864952662101574
11767	0.03862611159451023
11841	0.02054958181595142
11887	0.058591884615421995
12518	0.12218425462609316
12532	0.030281910865398286
12537	0.05386183995334893
12559	0.07356496458953551
12577	0.04714515393610694
12768	0.04714515393610694
12818	0.07131164663453853
12840	0.06870295339128227
12869	0.07600458974295429
13001	0.045241750495126236
13002	0.03609012676134233
13040	0.11809857686009602
