137
t_index	tf-idf
99	0.03630734456095087
129	0.03332556210260381
208	0.02463346214883355
212	0.03925736293324774
277	0.08307383956201728
452	0.08724678625171507
493	0.02807684757375389
538	0.06803318675950173
660	0.026700240531871988
723	0.053697838509090615
778	0.021549534022307353
781	0.054754562818460764
988	0.10739567701818123
1156	0.07100067453508792
1467	0.0577830314976358
1813	0.04396660835649042
1866	0.11299264093223452
1998	0.0400462351961112
2000	0.06944261922699223
2078	0.04344908037020409
2347	0.031399220180204204
2461	0.039066549341727506
2498	0.014490855347663981
2635	0.07699663098984913
2756	0.07699663098984913
2798	0.041762692840736554
2803	0.0644669188802223
2818	0.05457360864162923
3047	0.037970651901729206
3448	0.06674647572798319
3465	0.0381477539965187
3496	0.026295068661711374
3533	0.03849028902032824
3580	0.06944261922699223
3581	0.0995925839560762
3675	0.07699663098984913
3704	0.06803318675950173
3872	0.04970082615252743
3888	0.05847096242546108
3947	0.06159576921841856
4013	0.06588947620076184
4135	0.02653683723210067
4183	0.0402502087494901
4247	0.024004097032862944
4310	0.041628462820183045
4422	0.024004097032862944
4423	0.038692153441394414
4454	0.382153151945227
4682	0.039845036879329485
4708	0.033987942513691506
4748	0.046246165204251316
4756	0.08299258744461036
4839	0.08299258744461036
5078	0.0381477539965187
5296	0.0577830314976358
5304	0.040879573865460705
5527	0.053697838509090615
5622	0.0644669188802223
5750	0.051787075042874574
5845	0.05712568558208785
5924	0.37792769757431943
5925	0.4040029120908483
5929	0.07471707414208824
6301	0.0932427427064763
6405	0.0932427427064763
6432	0.019146228769015092
6454	0.02214112683635019
6544	0.10357415008574915
6563	0.0381477539965187
6600	0.0577830314976358
6644	0.07100067453508792
6801	0.046246165204251316
7027	0.04109545869468668
7039	0.02745875798113906
7226	0.02745875798113906
7301	0.055312661058354654
7430	0.04970082615252743
7439	0.024350432491826446
7440	0.05009519214119543
7597	0.046246165204251316
7639	0.04222485070883392
7909	0.0655628163202206
7912	0.01628668197023473
7913	0.03513298662494887
7996	0.016951416268731583
8038	0.06249227692087847
8241	0.05091695066260418
8271	0.042946352248499145
8399	0.012103750039206712
8409	0.0655628163202206
8440	0.16984584530898975
8444	0.09128499149501637
8551	0.04404179953254348
8623	0.02313984201094094
8676	0.03384908042456827
8794	0.04105466526562126
8824	0.03307059288696629
8848	0.04222485070883392
8941	0.07471707414208824
9215	0.10617702145692673
9338	0.05271161658911337
9391	0.03556335199312564
9441	0.04456531942994513
9456	0.04396660835649042
9468	0.03554096332624742
9471	0.037970651901729206
9486	0.027116827183120133
9781	0.025440939792102366
9969	0.0413145419338234
9971	0.20698579593668445
10094	0.028721902715774263
10103	0.018471747453908324
10168	0.10349289796834223
10217	0.051787075042874574
10411	0.07100067453508792
10719	0.0413145419338234
10768	0.04370486969776621
10922	0.2071641713222448
11011	0.08299258744461036
11180	0.052242121659012535
11393	0.04787284174065483
11644	0.03584276662114126
11648	0.0577830314976358
11659	0.012257631221350478
11698	0.16767795302812238
11699	0.0203257810115896
11862	0.0381477539965187
11887	0.10269122791310524
12033	0.054754562818460764
12074	0.08846612656003536
12324	0.05009519214119543
12391	0.020432939800533633
12630	0.10349289796834223
12676	0.031614068074437986
12677	0.041762692840736554
12762	0.04450440755659483
12994	0.06159576921841856
