189
t_index	tf-idf
65	0.029279988275337652
66	0.04415650258504229
73	0.027176940411835437
99	0.03300327595830737
106	0.06612267000621153
212	0.03568483451347924
290	0.16951479133844405
413	0.015681934356722955
475	0.04977174642008054
478	0.01687665982262903
614	0.05680530717470627
742	0.051413039789698314
949	0.02535884022220982
959	0.05767284127844705
1036	0.06434307956050832
1040	0.01776719155926972
1213	0.03467620305371507
1279	0.03917693385244459
1325	0.059596419010693694
1408	0.044488423477480214
1500	0.02511807952066012
1524	0.06791761409510444
1604	0.12907883422725888
1616	0.01484152864392796
1646	0.028137499891349227
1800	0.1105945676134505
1845	0.027269965787608444
1948	0.0552220542821242
1956	0.18814951700145455
2037	0.03996552560058868
2063	0.03754088684826184
2304	0.042609727633845226
2307	0.04482874831714478
2391	0.06791761409510444
2498	0.013172147500570157
2508	0.038597351106842905
2593	0.058600251263599176
2768	0.08475739566922202
2774	0.11720050252719835
2816	0.03177420701591009
2835	0.08766516114010055
2845	0.027363639429068498
2891	0.036038594749715755
2899	0.07317465723822739
2900	0.023685913126802124
2986	0.03203778630703424
3035	0.04881118694056674
3047	0.03451521773854502
3048	0.053149943401555516
3272	0.0447834981565053
3403	0.03656671409816559
3433	0.023685913126802124
3447	0.09334604263399453
3533	0.01749378322229513
3633	0.05080626544326466
3789	0.045536391339356164
3794	0.08897684695496043
3883	0.047074308225553155
3979	0.04748794434320102
4047	0.09407475850072727
4099	0.029279988275337652
4113	0.06184197891910207
4247	0.021819657925564777
4396	0.058600251263599176
4574	0.2822242755021818
4612	0.053149943401555516
4841	0.05680530717470627
4899	0.047074308225553155
4972	0.027176940411835437
5082	0.043832580570050274
5211	0.06791761409510444
5279	0.021330799937578183
5315	0.07088494228844215
5712	0.029279988275337652
5728	0.07244051197199597
5781	0.06791761409510444
5828	0.18814951700145455
6184	0.025066894332579845
6371	0.07930708780717836
6407	0.029946675970085296
6432	0.03480773817341049
6526	0.02843958256254266
6532	0.042905170584898136
6591	0.04376406886525537
6646	0.021634246528731305
6796	0.030061077623595868
6807	0.04597854940099799
6946	0.04517791374453424
7015	0.12922655012801698
7027	0.037355658485492015
7202	0.22589953370764002
7212	0.09180938290123788
7314	0.05135499931266261
7331	0.09267110867659656
7575	0.049282888432093934
7593	0.08464127757962525
7656	0.07244051197199597
7753	0.04482874831714478
7790	0.04791471393834815
7886	0.042609727633845226
7913	0.010645262612327152
8012	0.036038594749715755
8014	0.043832580570050274
8015	0.09531872165317594
8170	0.06453941711362944
8216	0.10270999862532522
8279	0.11848147232718448
8281	0.09407475850072727
8312	0.027648641903362626
8399	0.07701592756325105
8428	0.0631231491404907
8502	0.046673021316997264
8617	0.022070919692550962
8620	0.06600655191661474
8623	0.042068104993835294
8628	0.08766516114010055
8721	0.016410902223814732
8732	0.07544003283771678
8792	0.059596419010693694
8794	0.03731857737110559
8800	0.036219028507850914
8803	0.04628336756637313
8809	0.053149943401555516
8841	0.07898764821812299
8848	0.03838227270800661
8930	0.02864480965045714
8957	0.051875949324025096
9022	0.13997944995134623
9045	0.04401532514549791
9070	0.09407475850072727
9176	0.15088006567543355
9211	0.03151569687282421
9215	0.03217153978025416
9336	0.03817058151169577
9368	0.036038594749715755
9391	0.016163494384189785
9406	0.03534014605970358
9441	0.013503250771089319
9445	0.12907883422725888
9468	0.09691991259601274
9469	0.0631231491404907
9481	0.03996552560058868
9528	0.02068639226108132
9537	0.059596419010693694
9550	0.14506643534082542
9704	0.07930708780717836
9781	0.023125744026471093
9999	0.13997944995134623
10068	0.036038594749715755
10085	0.07544003283771678
10093	0.03483913975353704
10167	0.1221169360666844
10182	0.16704187875792637
10184	0.10259675438956123
10185	0.03658732861911369
10296	0.0631231491404907
10451	0.08521945526769045
10637	0.046673021316997264
10667	0.058600251263599176
10744	0.0297207527839313
10802	0.09407475850072727
10829	0.05192709046535047
11018	0.042609727633845226
11042	0.10761157261797093
11050	0.02457252759308107
11080	0.06544054729930421
11303	0.0958294278766963
11519	0.060122155247191736
11621	0.05599038414850252
11659	0.033426458807606
11841	0.032738700127042226
11971	0.10385418093070094
11988	0.04791471393834815
12016	0.08475739566922202
12128	0.07244051197199597
12332	0.053149943401555516
12391	0.07429394344655786
12437	0.03881592686829843
12469	0.09416484757216864
12626	0.04426895180300321
12749	0.05055621313440753
12776	0.029279988275337652
12790	0.0958294278766963
12811	0.04517791374453424
12816	0.05449527657603949
12822	0.06612267000621153
12840	0.027363639429068498
12842	0.04415650258504229
12853	0.16951479133844405
