491
t_index	tf-idf
10	0.032264524044487486
14	0.025159189058174637
15	0.036198474781483
46	0.017703740387216137
47	0.026256588570529066
66	0.07185680769615235
73	0.02211280407887834
81	0.01161167004546761
101	0.013725639904669934
114	0.061312770627721856
159	0.0344818742703881
175	0.28155669193147786
178	0.08667463525541444
188	0.015444160928002113
195	0.024245627311533104
202	0.042321987282586335
208	0.009109641351223854
213	0.05096826963365361
220	0.02346305766095649
221	0.038272459518445906
223	0.038272459518445906
229	0.018829474981300894
260	0.038272459518445906
296	0.11481737855533772
302	0.032264524044487486
303	0.05894198626982982
305	0.038272459518445906
307	0.07654491903689181
310	0.0527340556861771
318	0.15095513434904784
333	0.014884832826355656
342	0.06956577569579168
348	0.011528809997553768
364	0.038272459518445906
376	0.01038303142792248
384	0.021889822638799305
391	0.07654491903689181
401	0.03443463391650064
404	0.0269007037742725
413	0.02551954243215901
444	0.038272459518445906
478	0.05492748874721022
507	0.06933035557864409
540	0.07152106835032225
557	0.009408252715102264
567	0.015444160928002113
583	0.20528942273546738
587	0.0527340556861771
588	0.038272459518445906
619	0.022466003322471263
638	0.023140166176201227
643	0.06844096455746715
659	0.025234159721620852
695	0.025159189058174637
700	0.04324601178174694
705	0.017102183052256276
708	0.01458915765505218
742	0.03486063487221647
744	0.012468600372600674
751	0.02468335354837188
778	0.00796918131292852
920	0.020892768300314078
940	0.018829474981300894
949	0.03095023153841293
979	0.01458915765505218
996	0.022466003322471263
1019	0.010834669294088575
1040	0.014456462722747617
1057	0.07654491903689181
1091	0.0306912890223303
1097	0.018525582440247736
1132	0.038272459518445906
1135	0.026256588570529066
1140	0.13849932949011742
1147	0.038272459518445906
1258	0.009636146462134714
1260	0.05251317714105813
1279	0.12750690100685633
1283	0.03232478535441873
1331	0.02947099313491491
1341	0.023840356116774084
1428	0.02364897033771449
1435	0.01625918562065848
1458	0.015360668336158415
1472	0.023110118526214692
1545	0.0306912890223303
1563	0.016458067848512843
1573	0.017578018562059032
1604	0.026256588570529066
1616	0.012075966247889904
1669	0.031657059802115035
1690	0.014041835394757863
1720	0.009813523909861286
1763	0.017334927051082888
1808	0.020892768300314078
1845	0.011094247578297856
1862	0.009492603876464866
1996	0.008851637914697001
2003	0.015791494056574415
2004	0.0166644568154175
2043	0.09679357213346246
2053	0.038272459518445906
2078	0.016067799841598885
2160	0.0871898014965764
2185	0.021889822638799305
2204	0.02356250888287973
2226	0.048201849524737085
2251	0.012873871567359698
2252	0.017964201924038088
2255	0.019493156068311018
2272	0.026256588570529066
2275	0.025643079014684947
2328	0.07654491903689181
2337	0.0306912890223303
2356	0.028473938796429683
2366	0.01967247241289869
2369	0.021889822638799305
2373	0.017334927051082888
2378	0.020669526751383914
2379	0.021889822638799305
2390	0.028473938796429683
2391	0.02763094136483189
2396	0.038272459518445906
2446	0.038272459518445906
2483	0.017703740387216137
2498	0.021435313362305253
2503	0.03540748077443227
2521	0.038272459518445906
2559	0.023110118526214692
2601	0.038272459518445906
2637	0.0269007037742725
2647	0.0613825780446606
2781	0.01038303142792248
2798	0.015444160928002113
2811	0.014377441207415
2816	0.012926709258974474
2818	0.020181734867944015
2845	0.01113235685126184
2911	0.04010658530291037
2912	0.02947099313491491
2924	0.009873951690882466
2926	0.037975995844720264
2931	0.021368603810116838
2948	0.014308652142683696
2951	0.019493156068311018
2957	0.04692611532191298
2966	0.012276697926854558
2972	0.00860526027931185
2989	0.03934494482579738
3010	0.02468335354837188
3083	0.029323182554850998
3095	0.0306912890223303
3162	0.0306912890223303
3210	0.0204550420634753
3239	0.017578018562059032
3314	0.012468600372600674
3335	0.017102183052256276
3351	0.023110118526214692
3403	0.014876446215206689
3432	0.0296218550726474
3478	0.023110118526214692
3494	0.01458915765505218
3502	0.0204550420634753
3503	0.019493156068311018
3505	0.012873871567359698
3554	0.02763094136483189
3569	0.016357722674643645
3628	0.017334927051082888
3651	0.02468335354837188
3656	0.0344818742703881
3666	0.015528948030099089
3727	0.014734997192189932
3733	0.038272459518445906
3769	0.01745512218699807
3780	0.02330715135988862
3781	0.038272459518445906
3794	0.0180992373907415
3815	0.029922637615930982
3826	0.017964201924038088
3851	0.018829474981300894
3855	0.017703740387216137
3866	0.014734997192189932
3874	0.02024865309657065
3923	0.0123240459156097
3933	0.0269007037742725
3941	0.01967247241289869
3993	0.15898683272701147
4052	0.026256588570529066
4061	0.023110118526214692
4073	0.023840356116774084
4074	0.026970441188705202
4076	0.0180992373907415
4083	0.018705465724399992
4086	0.0180992373907415
4087	0.01561507041691505
4276	0.00600793547395842
4307	0.02673772353527358
4330	0.01745512218699807
4389	0.01241998975440072
4708	0.09426749415948556
4816	0.023110118526214692
4831	0.014308652142683696
4844	0.021368603810116838
4858	0.013485220594352601
4915	0.02533496520091008
4949	0.021597144813988754
4972	0.01105640203943917
4980	0.013143318110257799
4991	0.023110118526214692
5041	0.022778583170417935
5054	0.018378954400687816
5106	0.019857868422970163
5110	0.010416478985030534
5117	0.04109061822685178
5169	0.02763094136483189
5176	0.026256588570529066
5210	0.01336886176763679
5218	0.038272459518445906
5238	0.042737207620233676
5304	0.015117576825182274
5412	0.01451767090456062
5419	0.015881887164840885
5451	0.0269007037742725
5474	0.0344818742703881
5488	0.025680407886857107
5524	0.011911985572195413
5526	0.038272459518445906
5573	0.015973799555945137
5600	0.03604767537326183
5673	0.0269007037742725
5688	0.010552353267371677
5704	0.01967247241289869
5712	0.023823971144390825
5718	0.025680407886857107
5744	0.03894018734520513
5770	0.06933035557864409
5787	0.02947099313491491
5797	0.02947099313491491
5802	0.0373864256019709
5810	0.022733527629069467
5821	0.02763094136483189
5841	0.18334117583632528
5843	0.038272459518445906
5856	0.010483994145526676
5899	0.016357722674643645
5907	0.028473938796429683
5923	0.021368603810116838
5982	0.07654491903689181
5995	0.01298006244840171
6013	0.012229756363616267
6022	0.025159189058174637
6023	0.0306912890223303
6073	0.017964201924038088
6153	0.015702570820253215
6161	0.03007777946648618
6172	0.053801407548545
6184	0.02549492855167432
6297	0.02346305766095649
6313	0.13849932949011742
6430	0.019808835667931547
6432	0.03540210390654945
6501	0.026853463420385033
6521	0.01745512218699807
6563	0.056429316376781787
6591	0.035609096014740584
6620	0.02468335354837188
6631	0.038272459518445906
6641	0.053801407548545
6652	0.02112551229914069
6670	0.010871006029367695
6671	0.011570083088100614
6690	0.038272459518445906
6697	0.05694787759285937
6702	0.053801407548545
6728	0.038272459518445906
6849	0.012632220883302559
6921	0.02947099313491491
6949	0.028473938796429683
7019	0.014734997192189932
7039	0.010154457203250946
7044	0.038272459518445906
7080	0.022778583170417935
7081	0.032264524044487486
7131	0.044932006644942526
7135	0.011868060367852921
7180	0.14703794322487987
7181	0.0689637485407762
7183	0.014876446215206689
7198	0.00954956958468567
7226	0.03046337160975284
7249	0.032264524044487486
7276	0.0166644568154175
7322	0.06452904808897497
7343	0.01256713742658584
7362	0.007841997475053325
7409	0.01745512218699807
7411	0.02763094136483189
7431	0.018525582440247736
7516	0.048201849524737085
7582	0.038272459518445906
7597	0.017102183052256276
7604	0.008533460667551895
7619	0.0123240459156097
7639	0.0312301408338301
7664	0.047374482169723245
7753	0.018237691837574687
7783	0.07654491903689181
7789	0.026256588570529066
7797	0.014447106589516884
7876	0.05894198626982982
7897	0.012468600372600674
7899	0.032264524044487486
7912	0.02409175464721393
7913	0.07795467136943651
7990	0.021889822638799305
7992	0.038272459518445906
7996	0.018806287358688417
8043	0.0123240459156097
8058	0.014041835394757863
8088	0.0344818742703881
8113	0.0200560171955398
8158	0.02947099313491491
8195	0.02763094136483189
8204	0.01967247241289869
8259	0.028473938796429683
8288	0.015881887164840885
8294	0.025680407886857107
8312	0.03374491345555586
8391	0.03540748077443227
8398	0.023736120735705843
8399	0.004476058671568256
8423	0.02346305766095649
8430	0.015360668336158415
8551	0.008143495944254987
8565	0.01161167004546761
8617	0.01795823649042898
8620	0.040280195130577554
8623	0.025671867848300348
8674	0.020669526751383914
8707	0.016878941503326115
8721	0.03338225901569907
8775	0.02947099313491491
8794	0.01518232695447832
8797	0.02632965653558412
8804	0.038272459518445906
8809	0.02162300589087347
8810	0.01606728317491236
8824	0.036689269090848804
8848	0.01561507041691505
8850	0.01931953327815689
8856	0.01308835625526831
8879	0.016770647696459515
8880	0.018829474981300894
8892	0.10944911319399653
8927	0.027699865898023486
8944	0.023110118526214692
8999	0.015360668336158415
9045	0.026860150002021212
9117	0.013849932949011743
9198	0.03085169685411805
9215	0.01308835625526831
9242	0.01113235685126184
9262	0.014107329094195447
9270	0.07547756717452392
9309	0.015973799555945137
9322	0.036002726425549844
9363	0.0269007037742725
9369	0.01308835625526831
9372	0.028473938796429683
9378	0.025680407886857107
9383	0.02024865309657065
9404	0.046220237052429385
9441	0.038454718217529195
9457	0.01451767090456062
9473	0.019493156068311018
9499	0.02203763321886322
9507	0.022778583170417935
9528	0.008415850574719327
9532	0.02947099313491491
9535	0.018987997922360132
9555	0.03675948580621997
9620	0.016162392677209366
9628	0.017964201924038088
9744	0.015528948030099089
9782	0.018237691837574687
9787	0.008876897352397236
9840	0.02947099313491491
9847	0.016357722674643645
9849	0.017832420642815667
9855	0.023110118526214692
9856	0.008165681202021864
9865	0.038272459518445906
9869	0.028473938796429683
9873	0.36759485806219966
9900	0.13133893583279582
9950	0.06862819952334967
10001	0.016458067848512843
10077	0.0306912890223303
10093	0.014173616675980284
10103	0.006830992469463138
10110	0.011528809997553768
10161	0.01503888973324309
10164	0.03547345550657174
10167	0.016560288741330097
10174	0.01625918562065848
10207	0.009216350269356147
10208	0.020892768300314078
10217	0.03830250716843244
10283	0.023840356116774084
10329	0.018985207752929733
10342	0.017703740387216137
10372	0.01458915765505218
10449	0.022170328151167783
10475	0.01745512218699807
10480	0.014173616675980284
10481	0.01090758582153876
10506	0.025680407886857107
10633	0.025680407886857107
10669	0.0344818742703881
10670	0.0269007037742725
10681	0.037115422287454694
10700	0.016560288741330097
10719	0.030556862639387544
10725	0.019857868422970163
10744	0.012091301916783082
10878	0.011911985572195413
10953	0.022894373426079306
10984	0.038272459518445906
11080	0.02662319560839694
11091	0.029769665652711313
11097	0.016560288741330097
11150	0.018237691837574687
11155	0.038272459518445906
11165	0.05370692684077007
11167	0.01169580491325772
11170	0.02947099313491491
11174	0.028473938796429683
11209	0.016357722674643645
11210	0.022909153769056213
11244	0.03351220067972307
11303	0.019493156068311018
11315	0.028473938796429683
11318	0.014173616675980284
11388	0.0344818742703881
11437	0.014884832826355656
11438	0.010186531538829138
11468	0.036475383675149374
11469	0.038272459518445906
11472	0.026256588570529066
11493	0.06451445188549303
11536	0.0344818742703881
11590	0.02131304268291816
11620	0.01503888973324309
11644	0.0397647817811524
11659	0.004532965101186734
11766	0.04324601178174694
11799	0.028473938796429683
11803	0.02162300589087347
11817	0.01503888973324309
11841	0.00665954712649662
11843	0.04252085002794085
11845	0.07704122366057133
11870	0.06111372527877509
11876	0.015528948030099089
11883	0.031057896060198178
11884	0.032264524044487486
11894	0.0204550420634753
11921	0.0306912890223303
11942	0.017832420642815667
12023	0.023840356116774084
12148	0.011720249787789004
12150	0.015444160928002113
12196	0.0344818742703881
12208	0.028473938796429683
12409	0.017964201924038088
12441	0.025680407886857107
12452	0.018987997922360132
12617	0.02947099313491491
12620	0.02903534180912124
12621	0.038272459518445906
12626	0.009004974834941379
12631	0.026286636220515597
12676	0.017536683642230735
12718	0.04910679170741823
12762	0.016458067848512843
12869	0.024630970681376436
12941	0.038272459518445906
12958	0.00957827651957899
12963	0.1162100333621539
12964	0.26998234398694954
12966	0.038272459518445906
