101
t_index	tf-idf
93	0.09327023981722465
102	0.14032997218788545
105	0.04861367287175004
202	0.08929417218975705
413	0.040382314769253934
566	0.07313924872762026
710	0.038704915837713655
949	0.032650585212961235
1641	0.07545031557505323
1996	0.02801379605022297
2008	0.03701505830228179
2040	0.18507669554562564
2063	0.09667097661160277
2162	0.08744681645697054
2218	0.04550194095036956
2339	0.06408324014216787
2386	0.027006823940061875
2406	0.07567874173852726
2617	0.07313924872762026
2697	0.14032997218788545
2729	0.07016498609394273
2849	0.06812398520002237
2966	0.038853477199069474
3035	0.06284647896290406
3533	0.022523989850938248
3720	0.07110074329795776
3780	0.11064423177943787
3793	0.05448962219745069
3815	0.04734980551258318
3883	0.06061017375366733
3943	0.09327023981722465
3993	0.07740983167542731
4185	0.05910424241604047
4234	0.05563117602753994
4390	0.06762767690945724
5072	0.04710774153412317
5077	0.04423498823736079
5263	0.07673292391312804
5315	0.06845053327234542
5352	0.10912875137337216
5376	0.10912875137337216
5600	0.02281684442411514
5627	0.16130514197595489
5778	0.03826673313376558
5856	0.03317990146172505
5886	0.06927723805339006
5923	0.06762767690945724
6073	0.11370674981394166
6102	0.10211124821758226
6309	0.054861836378126666
6442	0.029863907437356056
6443	0.10912875137337216
6483	0.1562364929074953
6526	0.03661717198983275
6648	0.12112525225528945
6671	0.03661717198983275
6984	0.05771891987542085
7085	0.07673292391312804
7440	0.05863004036021473
7498	0.05273992214929345
7825	0.05816848521202543
7912	0.01906148635097454
8285	0.21941774618286078
8382	0.6249459716299812
8388	0.07962417779137453
8392	0.10211124821758226
8399	0.014165897424017861
8522	0.08309724417987506
8794	0.03603694154991179
8997	0.05910424241604047
9095	0.04710774153412317
9242	0.03523184944921313
9254	0.05685337490697083
9374	0.034061992600011186
9456	0.051457313811218645
9465	0.07016498609394273
9543	0.15922798991315512
9592	0.08513574960953756
9656	0.05176916535330974
9709	0.07673292391312804
10172	0.08461994731175587
10204	0.03058892621151066
10351	0.09713225049145487
10477	0.05863004036021473
10715	0.07567874173852726
10751	0.05176916535330974
10796	0.030868834614292077
10913	0.03812310332745961
11160	0.042309973655877936
11186	0.05867880778893322
11244	0.07070660926133177
11474	0.07923207264501507
11564	0.03769923008470729
11659	0.01434599574352001
11799	0.09011474733566496
12148	0.018546210903387886
12391	0.023914152915244954
12652	0.12112525225528945
12749	0.09763991159642385
12785	0.03523184944921313
12982	0.04324573085989297
