115
t_index	tf-idf
84	0.0733044617598671
129	0.13903457439859299
167	0.12862630547573417
208	0.06851403166698727
277	0.05776414659114195
342	0.05232073991935671
413	0.04798341314746351
423	0.06306640640669932
579	0.05745489239918081
702	0.08448392223803879
708	0.054862862929209964
1531	0.14403745920855737
1584	0.1466089235197342
1616	0.022705974418143343
2003	0.05938427662225283
2063	0.028716799895130287
2120	0.12966988131651583
2195	0.08035712613038047
2275	0.048215694227499564
2353	0.09117623918230204
2461	0.05432867662992679
2491	0.2878489286593051
2591	0.045298953957381864
2635	0.10707690177727731
2640	0.12966988131651583
2823	0.06431315273786709
2899	0.05597475621176531
2900	0.108710851239889
2924	0.11139366733738712
2925	0.08231718152427274
3363	0.06755479453262694
3496	0.03656776209712378
3533	0.08029093306729324
3536	0.053808015497999254
3619	0.07201872960427869
3632	0.06610254311724374
3736	0.08690613227710561
3739	0.05872083146736739
3927	0.06564038847206918
4004	0.08337202895548344
4135	0.03690398238535717
4220	0.09657176453740947
4310	0.05789145274581467
4328	0.06077904941624493
4389	0.04670565714545648
4454	0.35429927248038223
4708	0.0945320213459751
5054	0.03455724038042585
5122	0.1154152983033791
5170	0.06966587887623012
5263	0.09117623918230204
5487	0.05005856972473035
5623	0.05005856972473035
5686	0.10142296444125717
5721	0.0769216561691653
5760	0.07772823077143987
5924	0.058396966250832134
5929	0.10390679054584444
6058	0.09282231876414057
6073	0.06755479453262694
6390	0.08448392223803879
6433	0.0714048029328011
6449	0.04581525763273561
6544	0.07201872960427869
6646	0.033098116779106346
6753	0.1154152983033791
7341	0.03425701583349364
7662	0.05355254617269849
7815	0.056554090753601335
7913	0.0651445188292806
8043	0.046344858132864326
8144	0.12133148479041404
8241	0.3540433688336904
8312	0.0422995077404646
8402	0.04984545884122892
8409	0.09117623918230204
8440	0.059049878746730365
8455	0.0769216561691653
8783	0.08828476647539078
8794	0.04282011729245797
8797	0.03300442633813739
8833	0.068062598511136
8856	0.049219064745166394
8894	0.1507952490391419
8944	0.08690613227710561
8995	0.08231718152427274
9317	0.13037678379766784
9328	0.04670565714545648
9435	0.06610254311724374
9441	0.0206585503371021
9471	0.05280464498033243
9473	0.0733044617598671
9481	0.06114304150643421
9707	0.11082634755054621
9969	0.05745489239918081
10094	0.03994268731522718
10164	0.044466248454230646
10213	0.03191222191895575
10637	0.0714048029328011
10708	0.06114304150643421
10794	0.054862862929209964
10953	0.04304740893283066
11091	0.05597475621176531
11165	0.05049153342643306
11210	0.028716799895130287
11350	0.10116071529024236
11802	0.06564038847206918
11809	0.12133148479041404
12148	0.02203713445309501
12191	0.08565938594593785
12324	0.06966587887623012
12485	0.040206344980760755
12676	0.043964734800319184
12718	0.046166804932092485
12922	0.14392446432965256
