242
t_index	tf-idf
39	0.08123540452735482
76	0.025190612180879986
81	0.0492928191838366
124	0.05864819579107325
157	0.029943583458887785
277	0.03260386507161766
333	0.031593877978714026
412	0.024915321907346567
478	0.014573327740737458
554	0.02014857486624034
659	0.05356089466645785
723	0.084298840194134
744	0.026465291436782803
745	0.03225734593229063
779	0.04297888210297037
847	0.03871050600645528
908	0.03225734593229063
1091	0.06514395235020962
1156	0.05573105624443185
1273	0.06848323038589334
1300	0.08683390811868831
1408	0.038416628812812055
1409	0.05450808098995727
1416	0.03314384750815026
1467	0.04535603921307915
1573	0.03731031312450654
1616	0.012815951934487198
1646	0.024297284654145417
1680	0.03410369400849439
1691	0.03630032603160291
1754	0.08123540452735482
1839	0.027897417018728783
1845	0.02354815189014142
1917	0.03993906975529287
1920	0.06514395235020962
1998	0.03143377159028644
2008	0.024824990485484623
2078	0.017052395331005044
2251	0.027325501882198948
2308	0.0907120784261583
2315	0.026465291436782803
2381	0.03731031312450654
2386	0.018112740546834823
2406	0.025377834451453144
2423	0.0470577433100764
2461	0.030664779917882676
2478	0.07318967843878223
2498	0.011374408478492457
2587	0.03493315601439776
2591	0.02556812607594869
2806	0.030226707961508874
2816	0.027437652794542307
2818	0.25702106684903636
2819	0.07318967843878223
2848	0.02556812607594869
2911	0.028376145861251454
2926	0.040303072020863244
2948	0.03037090272423944
2966	0.05211593583984356
3047	0.029804569472466538
3158	0.041006774084491784
3201	0.05573105624443185
3246	0.08123540452735482
3251	0.039321569676311605
3272	0.019335715801309404
3305	0.0470577433100764
3403	0.031576076934363276
3437	0.04535603921307915
3469	0.10901616197991454
3494	0.030966291132931183
3533	0.030212451871795373
3536	0.03037090272423944
3573	0.05239177820874812
3581	0.07817390375976534
3590	0.05864819579107325
3640	0.051462680147916766
3644	0.08123540452735482
3649	0.0470577433100764
3776	0.09292470980276933
3786	0.06848323038589334
3826	0.038130008592914634
3846	0.03679433799565977
3851	0.03996659834224829
3866	0.06255168717547799
3924	0.049052500173064395
3979	0.041006774084491784
3983	0.05864819579107325
4013	0.025859543786771327
4072	0.030966291132931183
4150	0.049801632937068394
4301	0.05864819579107325
4310	0.016337860294935218
4319	0.06514395235020962
4389	0.026362112720716886
4396	0.05060246970250063
4423	0.03037090272423944
4454	0.46661400710949325
4487	0.02926458703593393
4708	0.013339196763031939
4811	0.06848323038589334
4840	0.04768533015585925
4915	0.026887429925825147
4972	0.023467822648242053
5110	0.022109550699029815
5232	0.023792529950656005
5297	0.042149420097067
5304	0.03208788994277089
5505	0.03731031312450654
5524	0.02528384584781977
5532	0.04064959116019027
5595	0.07308940818423498
5600	0.03060527102844108
5636	0.08123540452735482
5726	0.031593877978714026
5744	0.0551017957588035
5778	0.02566445467135057
5802	0.01587094974204201
5924	0.09888314398775755
5925	0.15855841626914655
6016	0.049052500173064395
6034	0.039321569676311605
6052	0.03314384750815026
6356	0.049052500173064395
6439	0.03390526987534394
6455	0.046462354901384666
6464	0.039639604067286636
6526	0.049116277966090104
6671	0.024558138983045052
6907	0.029667200660610907
7018	0.05060246970250063
7027	0.03225734593229063
7039	0.02155339502715343
7198	0.04053897544265088
7211	0.08123540452735482
7212	0.039639604067286636
7237	0.027437652794542307
7286	0.041006774084491784
7343	0.0266744417642542
7358	0.15252003437165854
7362	0.01664507181414402
7381	0.0390120172215038
7409	0.03704945879560691
7439	0.038227110704633256
7589	0.02770426256348514
7664	0.033518316406053454
7667	0.08123540452735482
7740	0.08123540452735482
7884	0.033518316406053454
7911	0.024915321907346567
7924	0.05060246970250063
8015	0.061732193384792654
8113	0.02128500089342335
8134	0.051462680147916766
8192	0.049801632937068394
8233	0.04434605212017552
8271	0.03371018075992317
8351	0.03679433799565977
8361	0.0793958743103484
8399	0.04750340603244652
8417	0.03757716462694611
8428	0.05450808098995727
8440	0.266636575491139
8444	0.07165296708226465
8494	0.04175590684849579
8551	0.05185505679191503
8593	0.08123540452735482
8623	0.09081659047913013
8655	0.03630032603160291
8656	0.02849897800354488
8674	0.04387220962970493
8701	0.06514395235020962
8721	0.014171136892157427
8751	0.06848323038589334
8794	0.056394319906029874
8841	0.03410369400849439
8856	0.02778075745255972
8927	0.029397245955605507
9030	0.043416954059344155
9045	0.019004049548370264
9068	0.03731031312450654
9107	0.057098226261637006
9198	0.02182814227109079
9242	0.0236290409222137
9333	0.041006774084491784
9341	0.10292536029583353
9373	0.08123540452735482
9391	0.013957495355835906
9403	0.07318967843878223
9471	0.11921827788986615
9528	0.035726213286585096
9604	0.05864819579107325
9620	0.06861113833722983
9781	0.019969534877646435
9782	0.03871050600645528
9787	0.018841703837252536
9794	0.08123540452735482
9969	0.03242931247208043
10145	0.05060246970250063
10217	0.04064959116019027
10480	0.030084282504342027
10536	0.039639604067286636
10561	0.08123540452735482
10601	0.07318967843878223
10637	0.040303072020863244
10678	0.035826483541132326
10736	0.10292536029583353
10865	0.04434605212017552
10904	0.027325501882198948
10922	0.023230117499166387
11008	0.03260386507161766
11080	0.05650919988606059
11130	0.05573105624443185
11149	0.03192087225367568
11150	0.03871050600645528
11165	0.02849897800354488
11168	0.039639604067286636
11180	0.041006774084491784
11210	0.14587782420241693
11229	0.1414849118830862
11237	0.02778075745255972
11288	0.046462354901384666
11403	0.07318967843878223
11438	0.021621474572038297
11474	0.053138791069700236
11492	0.02755089787940175
11564	0.02528384584781977
11594	0.027325501882198948
11644	0.028134313590664463
11659	0.01924293647894824
11698	0.04387220962970493
12110	0.06514395235020962
12148	0.0124384380394185
12239	0.042149420097067
12318	0.06848323038589334
12391	0.016038570404001865
12428	0.04175590684849579
12485	0.022693700576140036
12502	0.08123540452735482
12610	0.026780447333228926
12665	0.05060246970250063
12676	0.012407525826399667
12904	0.08595776420594074
