58
t_index	tf-idf
37	0.06727176973655169
65	0.1442603907334941
81	0.09374894149959026
1348	0.1544998503398195
1563	0.06643861020356712
1764	0.09069169305366455
2049	0.4239747385584986
2347	0.04687447074979513
2509	0.11599795054261917
2849	0.043447362634887354
2998	0.053508039560602
3239	0.21287902094192102
3433	0.03889959529606025
3483	0.08343960199747788
3780	0.18817454860536398
3835	0.1544998503398195
3848	0.04918170430931777
5675	0.12614902186880217
5698	0.07941465173259117
5729	0.059186519147380476
5909	0.13127150837162002
6375	0.15330307349824418
6417	0.18026312964523297
6497	0.059186519147380476
7015	0.053057491119032366
7183	0.030026927231186436
7341	0.03677417764947099
7405	0.2321578014859046
7677	0.025433240169820712
7884	0.19124327250567824
8189	0.1391978587538594
8424	0.26049353497944416
8653	0.2507516032962354
8869	0.07731057396912978
8899	0.10156365681922722
8936	0.06997835176370573
9441	0.044353028516532916
9443	0.06070961318655942
9806	0.04738590923809873
9807	0.08632131182382823
10093	0.11443328611569951
10161	0.06070961318655942
10772	0.062008582383169676
10859	0.0685836075475612
11080	0.05373680955992153
11415	0.08434079273184175
11495	0.08343960199747788
11497	0.0894980992713373
11699	0.030343435984285065
11732	0.11154172894369035
11739	0.06268790082405885
11841	0.026883535767509577
11843	0.05721664305784976
12150	0.12469125747460222
12295	0.1544998503398195
12296	0.308999700679639
12509	0.1297221488833263
12907	0.0714671927201761
