58
t_index	tf-idf
37	0.08336295834059185
81	0.11617338350560134
99	0.06716643024161122
376	0.05194049982920325
619	0.22476970234254218
749	0.16075126513784957
1563	0.08233050975612237
2078	0.08037821716342682
2509	0.14374428317476384
2709	0.05366161073259086
2849	0.16151949155751574
2882	0.09342267294845885
2976	0.0686617007829726
3483	0.20679616702552536
4083	0.04678649226903885
4422	0.04440615331049789
4708	0.03143783713057596
5007	0.13456917755594408
5560	0.09751335883602603
5649	0.10029779141201087
5675	0.10421563850570618
5698	0.09841037823061077
5909	0.16267122637839726
6375	0.18997267025331427
6417	0.07446049472564661
6982	0.10950254142294727
7183	0.03720927060001687
7198	0.047771156316491675
7405	0.1438445963998278
7677	0.03151678852877032
7884	0.07899601383682639
7898	0.07334374209761398
8351	0.08671694598888234
8653	0.38841321443753685
8716	0.19145571222438076
8798	0.060486021784986306
8836	0.0558809330962946
8920	0.28740903572099946
8957	0.052787522303712996
8959	0.1012926879789346
9441	0.027481064367583134
9463	0.10816780644248661
9807	0.16045363344065103
10093	0.14180535610403097
10172	0.06687693928106685
10653	0.11090575363687588
10772	0.07684083368418756
10795	0.10816780644248661
10928	0.1012926879789346
11210	0.03820056167889761
11739	0.07768264288750737
11841	0.03331399011816139
11843	0.14180535610403097
12294	0.38291142444876153
12389	0.10451483614079535
12509	0.08037563256892478
12675	0.04985364488604519
12676	0.02924207379598676
