112
t_index	tf-idf
65	0.043842328573080215
129	0.04535892585725371
158	0.09451731398116571
277	0.05653528240228117
412	0.04320330602158552
478	0.025270230923658765
493	0.03821497874461394
579	0.11246521445807965
1448	0.06252995104627636
1695	0.11295997375863015
1955	0.08774496240245325
2002	0.11295997375863015
2217	0.05051752379392899
2315	0.045890961760226466
2316	0.06712423156588554
2363	0.047189962117292615
2461	0.05317289801847661
2487	0.05291649302589425
2900	0.0709321039403126
2934	0.10169629594986218
2941	0.12691130730603908
3023	0.09900864021122122
3043	0.10846864752857463
3466	0.05450633383256956
3480	0.0850573066638123
3533	0.05238855868423372
3536	0.052663313338938936
3827	0.10169629594986218
3848	0.044840591984045275
3866	0.10846497160495513
3927	0.12848793302636444
4310	0.05665988026844396
4328	0.05948604672048492
4389	0.09142409859154478
4391	0.06661464688634786
4454	0.23117464848195654
4528	0.07775291918212704
4708	0.09252096392388716
4796	0.08268662629064666
4809	0.04738257143135498
5044	0.25382261461207817
5054	0.06764415158002134
5158	0.060950512058810656
5419	0.11690727985212117
5587	0.08635630702087843
5630	0.05291649302589425
5639	0.06930230262498882
5726	0.0547839591958288
5729	0.05396231369600509
5744	0.04777340933741959
5760	0.07607465420370128
5802	0.027520314652505644
5810	0.04183562773385595
5856	0.03858657427854123
5924	0.05715463956899445
6057	0.07689629970352502
6058	0.09084763325093394
6087	0.047971711628389556
6412	0.06611764583943179
6430	0.036453430737472974
6432	0.02605964660118723
6433	0.06988574984511581
6646	0.03239399332487335
6840	0.09663795983805558
6849	0.023246585349557498
7226	0.11212111863836613
7354	0.21693729505714926
7381	0.0676470536807722
7589	0.07205901682207523
7898	0.05396231369600509
8015	0.03568132161279292
8241	0.4158138157499329
8289	0.07174499566789805
8290	0.06611764583943179
8399	0.016474233770845025
8409	0.08923657207358174
8440	0.28896831060244565
8444	0.06212332065629237
8620	0.04941738551756522
8721	0.02457282976725786
8794	0.11175778593887156
8797	0.03230229603769511
8824	0.045011891058189334
8856	0.048171987108883436
8921	0.058120946075036206
8957	0.03883817155111444
9257	0.08159838722818112
9317	0.19140475690415437
9435	0.06469628936256847
9471	0.051681288347348114
9481	0.11968459061527079
9969	0.056232607229039826
10094	0.03909295368381102
10103	0.025141620136402098
10126	0.08268662629064666
10204	0.03557339899646305
10207	0.06784196543972776
10438	0.140862640853448
10749	0.04607147884219029
10953	0.04213162600548602
11054	0.07048661594969009
11210	0.08431765139294652
12148	0.08627328148452691
12314	0.08635630702087843
12324	0.0681838193498865
12347	0.09663795983805558
12437	0.058120946075036206
12505	0.06563262189475705
12514	0.06930230262498882
12532	0.036118893622587
12537	0.06424396651318222
12768	0.056232607229039826
