125
t_index	tf-idf
81	0.03734800981141512
91	0.18958219385239589
148	0.049406363553420714
348	0.03708149708151986
450	0.08652396636844338
554	0.03053220263113408
556	0.042999876719718146
579	0.0982837095088979
659	0.08116366045328484
717	0.15878407272915177
749	0.05167913377745709
828	0.09158415123531558
916	0.05293606148610124
933	0.10377626610605527
983	0.09158415123531558
1040	0.02324902918759228
1290	0.05359989512335927
1563	0.05293606148610124
1594	0.09479109692619794
1645	0.05614300717698361
1901	0.07939203636457588
2158	0.05694266777228834
2209	0.045588306643657386
2244	0.1374608168560558
2301	0.09158415123531558
2347	0.03734800981141512
2386	0.02744719506230325
2509	0.030807761848978467
2919	0.07798412486483865
3111	0.09479109692619794
3239	0.0565382935572882
3482	0.062139736626963996
3494	0.046924861032703255
3829	0.07040686718471857
3848	0.03918633630854478
3937	0.0488812647487789
3946	0.02879784279905367
4076	0.058214752313978886
4307	0.042999876719718146
4310	0.024757625012969582
4682	0.047393942262413113
4949	0.06946549232392714
4984	0.04624389197892983
5054	0.02955721987417173
5072	0.04787587661922903
5232	0.03605408076667146
5675	0.033503773170438296
5744	0.08349866948982282
5788	0.07668060241725998
6052	0.10044925507757065
6303	0.0679485239875074
6452	0.07668060241725998
6982	0.14081373436943714
7146	0.08887271728799967
7183	0.02392445087696057
7312	0.07939203636457588
7405	0.09248778395785966
7449	0.07433185149770369
7600	0.04074394661536155
7604	0.02744719506230325
7732	0.09479109692619794
7844	0.09871608123918306
7897	0.040104257805040906
7912	0.0193723014306965
8346	0.07798412486483865
8653	0.39958097404979454
8794	0.01220818568379183
8836	0.03592977280292116
8867	0.11090819610992275
8869	0.061598478424160406
8930	0.03748279593963448
8957	0.03394080195356126
9002	0.048121887673660844
9164	0.05293606148610124
9215	0.08419530626050818
9374	0.03461740474104394
9401	0.07798412486483865
9441	0.017669504505378183
9443	0.04837138836279549
9528	0.02706891158681415
9629	0.08259898205545825
9674	0.19743216247836612
9806	0.07551101377096925
10172	0.08599975343943629
10201	0.06269818047223091
10207	0.029643654955534008
10219	0.03748279593963448
10340	0.08887271728799967
10349	0.055756409116767734
10426	0.05778042151439708
10445	0.05537812564127863
10725	0.06387124864819678
10772	0.049406363553420714
10868	0.12310031098066243
10936	0.06448848754652028
11008	0.049406363553420714
11122	0.10044925507757065
11200	0.12310031098066243
11415	0.0671999214938362
11419	0.22942623017061126
11622	0.2218163922198455
11659	0.01457992040860706
11739	0.2996857305373459
11777	0.04787587661922903
11797	0.09158415123531558
11817	0.04837138836279549
11841	0.021419901740754376
11843	0.045588306643657386
12032	0.10377626610605527
12036	0.11090819610992275
12083	0.06954867241339249
12112	0.07798412486483865
12144	0.05137845117928447
12148	0.056545871827985456
12150	0.049674910810374166
12249	0.07226010636070841
12389	0.1343998429876724
12504	0.04624389197892983
12597	0.12310031098066243
12598	0.08445222123144809
12626	0.028963782743569432
12662	0.047157837997126306
12675	0.032054406304677305
12718	0.0394870189067174
12776	0.03831395073075155
