48
t_index	tf-idf
114	0.11180774120295406
423	0.1834940634638876
660	0.1080346776701202
742	0.07628470484159447
1013	0.31154424248515683
1190	0.13804829095522916
1252	0.13381043660031333
1283	0.17683891292202292
2160	0.2384942319877439
2209	0.1550789549054922
2782	0.18119244577079976
2998	0.145027223035614
3780	0.12750622361760972
3839	0.10575187887396773
3858	0.09548611632432684
3993	0.13381043660031333
4858	0.14754695038326088
5412	0.15884338366201944
6184	0.05578995066071092
7183	0.08138444070071688
7226	0.11110379564457855
7362	0.08580229031195157
7562	0.11433889065282381
7604	0.09336785326597276
7898	0.1604180714445187
7913	0.04738510228130995
8331	0.2395049122250089
8398	0.12985298252921953
8399	0.04897426794805442
8430	0.16806694061779257
8435	0.17376979494756453
8617	0.09824396308110211
8824	0.13381043660031333
8921	0.17278076941646076
9856	0.08934383762804787
9939	0.21727252486684026
10103	0.07474049830392807
10329	0.10386220554339784
10481	0.11934406358066717
11052	0.221548249275117
11167	0.127968269792444
11841	0.072864649307975
11843	0.1550789549054922
12291	0.09157395969509685
12676	0.0639585184670186
12887	0.1432047060322654
12963	0.18164262451573382
12964	0.1284339116935083
