53
t_index	tf-idf
81	0.08832949934125035
99	0.10213659922359902
376	0.07898329560534176
413	0.04853152900538745
617	0.13278040089674295
1237	0.191384922637193
1290	0.12676584173818023
1563	0.12519584930428723
1616	0.09186138157226612
1645	0.13278040089674295
2406	0.09095083010374982
2434	0.26230220792746173
2509	0.14572311583323072
2919	0.18443549577764645
3403	0.056582259098860256
3483	0.1572322450105237
3505	0.09793101471844713
4201	0.26230220792746173
4307	0.10169638493634846
4809	0.09793101471844713
5072	0.11322831480587915
5315	0.054842638581157045
5505	0.13371526859772678
5675	0.07923772980489908
6417	0.11322831480587915
7362	0.05965375420542402
7405	0.10936860750318426
7600	0.09636102228455412
7677	0.04792598902753177
7840	0.19973279586507847
7884	0.24025049943819293
7912	0.04581624817765289
8394	0.15403067632402034
8653	0.35438421848638846
8836	0.16995062704288444
8957	0.08027131991601574
9164	0.12519584930428723
9374	0.08187151188803814
9516	0.10213659922359902
9528	0.06401903127499661
9807	0.1626624926941074
10093	0.10781812262507487
10172	0.10169638493634846
10761	0.14828364131538924
10772	0.11684797607640172
11160	0.10169638493634846
11620	0.11440021939859879
11739	0.11812807282879614
12153	0.21018744138666748
12626	0.06850047543862146
12749	0.07822919890884464
12776	0.09061398727592303
12910	0.12923784782614012
