273
t_index	tf-idf
76	0.028497311874621567
99	0.032239957427133384
129	0.05918442763664885
145	0.09189894399764466
157	0.033874192113495356
193	0.038355917787669065
278	0.04134182299345974
342	0.03340794610672497
348	0.027682711737249257
413	0.06127693465031138
478	0.016486326838618406
493	0.024931494754355896
574	0.09189894399764466
576	0.05394484721285352
578	0.05926909725575956
643	0.02738981001025066
659	0.03029584014540778
660	0.02370910427218613
694	0.04723708544774488
715	0.04521289952577072
744	0.029939314634806338
804	0.0491161735805035
886	0.03574111608020081
1031	0.09189894399764466
1036	0.09428237434892968
1040	0.052068785552762176
1074	0.09926237849792519
1124	0.043791923537597456
1325	0.1164360782936597
1333	0.07076506662330363
1441	0.038355917787669065
1500	0.049074268592030124
1503	0.048620597169947474
1524	0.06634677690011176
1554	0.03169274423625249
1616	0.014498265330941354
1635	0.040794609802578846
1636	0.025672637816972266
1646	0.027486719795606438
1660	0.038355917787669065
1666	0.04963118924896259
1764	0.05394484721285352
1786	0.06774838422699071
1800	0.027009168393118014
1806	0.03371693015822665
1849	0.04484298164652716
1862	0.022793420726322122
2063	0.18336309936228318
2078	0.01929081454899425
2204	0.02828887549320081
2209	0.03403336032068225
2224	0.059645183886908947
2291	0.040269291099997315
2340	0.06304671277917986
2348	0.04814304576745905
2498	0.10293995667067304
2581	0.03469005797127111
2762	0.09189894399764466
2818	0.024229957334080038
2858	0.044483199789643595
2899	0.03574111608020081
2900	0.023138091860807033
2953	0.05633895101407123
2969	0.06166320105697727
2998	0.03182742455858655
3035	0.047682254056225185
3047	0.03371693015822665
3080	0.03629997558343306
3083	0.0352050736397302
3189	0.055491481732339254
3272	0.08749543989680264
3330	0.04598554685967681
3397	0.05926909725575956
3403	0.03572097834361407
3452	0.04345946992432457
3465	0.06774838422699071
3488	0.044483199789643595
3496	0.023349322415302565
3502	0.0491161735805035
3533	0.0170891770574166
3600	0.04134182299345974
3619	0.09197109371935362
3755	0.08105864736527249
3756	0.0800286160283543
3775	0.09189894399764466
3819	0.051309796902582853
3854	0.0683709628220859
3866	0.03538133422331724
3917	0.05256133549065092
4183	0.03574111608020081
4195	0.040794609802578846
4276	0.057704462436929595
4287	0.022930205466457434
4308	0.04281879572455301
4343	0.07369521286499196
4471	0.07747282838841227
4529	0.05821803914682985
4595	0.029365807928365066
4682	0.03538133422331724
4697	0.037084161772488834
4706	0.037918170041954996
4708	0.015090195013267218
4899	0.04598554685967681
4949	0.02592928213580311
4984	0.03452277906814052
4997	0.05633895101407123
5041	0.05469540670922972
5078	0.06774838422699071
5279	0.02083744906847999
5310	0.018287944443924307
5315	0.08655684379980974
5516	0.04814304576745905
5517	0.04814304576745905
5591	0.07076506662330363
5600	0.017311368759961948
5623	0.0319635005567805
5642	0.06304671277917986
5744	0.03116742553367096
5761	0.051309796902582853
5765	0.06358192373724428
5776	0.10939081341845944
5777	0.0572449113337854
5778	0.05806670863018435
5804	0.055491481732339254
5856	0.025173924095132548
6040	0.05926909725575956
6252	0.08268364598691948
6260	0.06207863018010544
6407	0.02925405222134271
6442	0.02265804616325643
6449	0.02925405222134271
6531	0.06838896312143014
6759	0.04281879572455301
6801	0.04106536612310686
6807	0.02245756568411806
6901	0.043791923537597456
6925	0.05926909725575956
7027	0.03649167557657701
7072	0.044483199789643595
7135	0.028497311874621567
7137	0.04963118924896259
7183	0.08930244585903518
7202	0.2758435010642621
7204	0.18379788799528932
7225	0.05821803914682985
7226	0.024382647616317372
7227	0.04521289952577072
7343	0.06035183905648365
7362	0.018830022837760387
7439	0.0216225371577604
7589	0.01567046098084265
7600	0.030416866037294762
7616	0.023782258869833237
7617	0.03688368129335045
7640	0.033874192113495356
7663	0.05633895101407123
7761	0.1144898226675708
7815	0.036111033959444365
7911	0.08455765510008059
7912	0.028924281833288497
7913	0.0831924234080631
7996	0.015052407314340084
8011	0.05072609119266545
8012	0.0352050736397302
8076	0.040269291099997315
8113	0.024079022151429694
8179	0.048620597169947474
8259	0.0683709628220859
8279	0.03858038848989883
8288	0.038135219881418526
8289	0.04680651519131329
8296	0.07076506662330363
8361	0.11975725853922535
8399	0.07523465940130104
8425	0.051920661290879355
8553	0.028497311874621567
8617	0.021560450912946783
8623	0.020547564971349984
8656	0.06447991485426677
8715	0.043791923537597456
8721	0.03206268309273445
8728	0.043791923537597456
8755	0.07747282838841227
8791	0.04484298164652716
8794	0.04556931511910935
8797	0.042148107923830946
8800	0.03538133422331724
8827	0.16559415686263662
8833	0.04345946992432457
8848	0.03749454568164696
8853	0.07076506662330363
8856	0.03142745811630989
8893	0.03103931509005272
8930	0.08394688861848744
9051	0.03503114770212946
9056	0.05821803914682985
9198	0.024693460146039
9229	0.05072609119266545
9251	0.04134182299345974
9260	0.08279707843131831
9323	0.06634677690011176
9337	0.02584317549076492
9449	0.029033354315092175
9486	0.024079022151429694
9523	0.055491481732339254
9618	0.03858038848989883
9620	0.03880876322554977
9698	0.0491161735805035
9726	0.04598554685967681
9781	0.02259087866992614
9806	0.028185885033360194
9847	0.039277785094568175
9904	0.0800286160283543
9909	0.05016723168943321
10050	0.0319635005567805
10094	0.025504286583898212
10103	0.04920726305271558
10107	0.03252236006001275
10121	0.04598554685967681
10164	0.08517804034596181
10179	0.08279707843131831
10183	0.07747282838841227
10184	0.20044767664034985
10284	0.04598554685967681
10322	0.07076506662330363
10556	0.028392680115320604
10688	0.032239957427133384
10744	0.029033354315092175
10749	0.0300570841804112
10760	0.037704649624986944
10761	0.04680651519131329
10795	0.15576198387263807
10878	0.057205568117321186
10953	0.054973439591212876
11050	0.048008400407207594
11052	0.048620597169947474
11166	0.09189894399764466
11210	0.055008929808684943
11353	0.025588192404944757
11437	0.03574111608020081
11438	0.04891932753712467
11454	0.06166320105697727
11554	0.03749454568164696
11634	0.16907101899472823
11659	0.010884450887627533
11784	0.04191283540483883
11802	0.04191283540483883
11841	0.01599075042806236
11849	0.04723708544774488
11870	0.03668621567275256
11913	0.0683709628220859
11988	0.04680651519131329
12121	0.05926909725575956
12148	0.02814239253077834
12150	0.037084161772488834
12257	0.084415862672513
12390	0.06634677690011176
12417	0.03281096983851248
12469	0.061324632958546274
12470	0.0927792323320258
12514	0.04521289952577072
12518	0.03169274423625249
12532	0.0235640064829706
12535	0.037084161772488834
12610	0.03029584014540778
12626	0.0216225371577604
12631	0.03155943125044441
12686	0.040794609802578846
12749	0.123467300730195
12798	0.03356152933488869
12869	0.019714438909302294
13001	0.0352050736397302
13002	0.11233478425527571
