47
t_index	tf-idf
376	0.0662926351136313
413	0.08146742723769491
916	0.10507997535505434
988	0.12678671297847202
1237	0.16063410301380132
1290	0.10639770886760977
1563	0.21015995071010868
1645	0.11144587725071002
2023	0.11923711149252716
2063	0.0487560940853921
2509	0.1223090182742444
3483	0.26393783056767706
4307	0.08535629321733172
4310	0.04914477112913986
4332	0.10776330502490915
4390	0.1364323189335918
4809	0.08219592478740025
4851	0.22939240654810072
5072	0.09503532741231763
5675	0.06650618803545369
5776	0.1454346269684905
5899	0.10443930061156512
7183	0.047490890669950755
7362	0.050068872543107296
7405	0.18359155906389404
7600	0.0808781912748448
7677	0.04022546892620655
7884	0.20164819121635447
7912	0.03845471120745818
8433	0.0802375165313556
8653	0.29744344682116136
8794	0.024233685218904906
8836	0.0713218840739586
9164	0.10507997535505434
9441	0.03507459840866051
9727	0.3352813593058925
9807	0.2730533131644835
10172	0.08535629321733172
10769	0.09407867047722875
10772	0.19614679743181884
10969	0.3279238672117304
11160	0.08535629321733172
11419	0.11385481813026749
11732	0.1764155224281594
11739	0.09914781560705378
11748	0.09360999506615618
12148	0.03741519266391996
