162
t_index	tf-idf
37	0.047059943945497285
376	0.05864276074456939
401	0.048621204994662805
556	0.0755065577436677
579	0.04314584804316682
659	0.03563026851593937
710	0.03453647816509711
717	0.20911522900019056
1114	0.07596680922359694
1220	0.055048108801652784
1237	0.0710488220472012
1290	0.047059943945497285
1563	0.0929542149475457
1616	0.017051089663710065
1645	0.0492927600809625
1660	0.04510954782539994
1811	0.0741478465224206
1839	0.03711635010835337
1862	0.02680683872695763
1901	0.20911522900019056
1942	0.10146077306146471
1998	0.041821322410882
2023	0.05273884036397294
2040	0.11009621760330557
2063	0.02156492916134999
2173	0.05362155681166736
2177	0.09737581538204461
2214	0.07583340383087794
2232	0.04119935915484428
2273	0.06181622586136268
2347	0.032791020283827084
2406	0.16882075280654216
2509	0.027048775792610027
2580	0.10380772446813623
2591	0.03401732563313398
2996	0.04537354286089066
3047	0.039653736925757056
3079	0.07596680922359694
3134	0.041403909608928334
3272	0.05145072726949707
3403	0.021005326868744165
3433	0.0544243976724303
3482	0.05455780306514928
3496	0.027460622426362307
3581	0.034669039781666834
3640	0.06846895010394494
3702	0.038935312809529714
3730	0.10724311362333472
3771	0.03824882941514871
3804	0.05965783557359636
3946	0.10113638205863507
3998	0.03577260439454902
4287	0.026967708238960348
4307	0.03775327887183385
4313	0.10808031846126842
4334	0.0725207289405865
4369	0.08040957941262068
4390	0.06034431896797737
4391	0.10222344556427769
4422	0.02506810131532519
4530	0.07596680922359694
5072	0.042034337284749104
5077	0.0394709734494331
5117	0.019339786187454636
5179	0.05776444702472111
5314	0.09111408249184451
5446	0.12610301185424733
5505	0.04963981588875355
5698	0.05555449297116259
5715	0.03841761069630516
5765	0.049851530873431076
5909	0.04591546981595714
6057	0.059000573254173024
6407	0.03440504474617611
6417	0.042034337284749104
6432	0.019994903450480675
6442	0.026647627693062937
6801	0.0482960701749492
6905	0.06432605989089119
6983	0.06432605989089119
7039	0.057351786748888224
7329	0.08322523201981033
7394	0.03198709652494862
7405	0.08120295606330948
7604	0.024098246052914447
7815	0.04246938953294671
7884	0.04459472236925877
7911	0.033148796906701625
7912	0.017008604537857495
7913	0.012230096484757471
8270	0.11525283208891549
8346	0.06846895010394494
8394	0.057181610552996684
8461	0.06526230614437312
8520	0.056619972895180976
8551	0.022996996955968463
8623	0.024165537372921587
8647	0.059000573254173024
8653	0.5700928998170309
8721	0.018854106742914704
8728	0.051502714134521024
8783	0.033148796906701625
8794	0.04287445209608905
8797	0.024784729447295456
8798	0.1024364604381448
8800	0.04161120578859656
8829	0.06260836531329193
8836	0.06309165680971772
8961	0.05362155681166736
8999	0.043378082998553454
9002	0.16900132593633074
9164	0.04647710747377285
9211	0.036207656642746625
9374	0.030393587952043354
9401	0.06846895010394494
9431	0.056619972895180976
9456	0.18366187926382857
9516	0.03791670191543897
9528	0.023766118553204717
9806	0.09944639072010487
9807	0.030193022360194697
10093	0.04002588345150852
10172	0.03775327887183385
10207	0.052053413064949386
10213	0.023964536702443005
10340	0.07802897905362864
10372	0.04119935915484428
10481	0.030802706804545485
10653	0.06260836531329193
10714	0.03808187283222887
10725	0.056078045940114486
10749	0.03534947289839648
10769	0.04161120578859656
10772	0.043378082998553454
10953	0.03232652411153859
11099	0.051903862234068114
11160	0.0755065577436677
11165	0.03791670191543897
11210	0.02156492916134999
11318	0.04002588345150852
11353	0.09028112392822012
11419	0.05035824000498089
11634	0.049710172882916175
11699	0.04245348092153334
11739	0.04385329998592546
11803	0.061062743084204715
11817	0.04246938953294671
11841	0.018806368425125102
11876	0.04385329998592546
12074	0.046193735605743115
12083	0.061062743084204715
12148	0.016548823167470243
12389	0.11800114650834605
12391	0.042677298328570056
12504	0.04060147803165474
12626	0.02542978842075976
12675	0.02814331185597603
12676	0.01650769575699132
12768	0.04314584804316682
12776	0.03363910264320513
12885	0.0482960701749492
12904	0.057181610552996684
