123
t_index	tf-idf
37	0.057956055134351245
62	0.10673891495082137
150	0.07520101827876279
188	0.05371208027728679
208	0.06336346659883238
278	0.17963641694725532
412	0.04082396492837365
466	0.24873771923631294
530	0.09131580535080494
546	0.05285393317089571
587	0.06113326250111079
700	0.07520101827876279
742	0.048495667132779516
784	0.0781328153463154
847	0.06342749033883258
1130	0.05285393317089571
1140	0.0963352705090715
1162	0.060287832903922145
1279	0.027715413509333507
1416	0.05430647347426503
1554	0.09180648240446215
1978	0.14376997045542672
2146	0.05654659306979191
2160	0.025269235188500418
2163	0.09609556308326055
2275	0.04459106341271924
2315	0.04336360306530236
2347	0.0403833498331854
2381	0.06113326250111079
2467	0.062476340434387344
2591	0.041893590060379314
2727	0.04495682534493002
2782	0.057593776860782604
2816	0.04495682534493002
2849	0.0374308235708793
2966	0.04269620005005442
3047	0.0488350382697837
3085	0.04532975953490604
3100	0.07266138014183407
3162	0.10673891495082137
3251	0.0644287233118596
3272	0.03168173329941619
3533	0.024751678509332672
3581	0.04269620005005442
3687	0.09355592494633182
3810	0.07612896008477782
3848	0.04237108043559387
4012	0.08291257307877099
4042	0.1024949400937569
4214	0.062018028274273246
4310	0.026769721786674493
4595	0.08506589106866966
4815	0.05492004391945599
5246	0.023636236357109007
5315	0.02507349725872979
5595	0.059878805649085105
5675	0.03622668515686127
5744	0.0451423783708875
5794	0.11992190495531091
5852	0.051766835337336316
6313	0.0963352705090715
6442	0.0984526064183671
6501	0.04669581564459556
6579	0.08584437014632361
6585	0.036579990071309194
6759	0.12403605654854649
6807	0.03252716289660484
6857	0.08160039528925915
7135	0.041275030361669816
7198	0.03321172646007427
7295	0.1921911261665211
7362	0.081819271350114
7589	0.04539366769829632
7593	0.059878805649085105
7614	0.10742416055457359
7677	0.04382255068656033
7760	0.0792199131798748
7911	0.04082396492837365
7912	0.062840169773434
7913	0.10543270151213192
8058	0.0976700765395674
8132	0.11992190495531091
8221	0.060287832903922145
8399	0.015566946227374024
8720	0.09131580535080494
8748	0.08931195008926736
8927	0.0963352705090715
9486	0.03487565335117345
9743	0.23984380991062182
9950	0.047735365867631656
10094	0.11081994762186034
10103	0.07127097760839171
10167	0.057593776860782604
10481	0.03793466851382221
10678	0.05870199522322382
10688	0.04669581564459556
10751	0.056889287644046334
10768	0.0562099642057798
10894	0.07315998014261839
11119	0.06342749033883258
11386	0.10627140359130714
11441	0.044055280537328115
11462	0.11992190495531091
11493	0.09615854454748077
11519	0.04253294553433483
11594	0.44773065129861706
11659	0.03152971359779501
11707	0.12403605654854649
11721	0.22386532564930853
11841	0.023160735732830357
11862	0.04906281385812724
12291	0.02910767156159034
12391	0.026279332778002797
12469	0.04441078685629306
12548	0.130971216434434
12610	0.08775997731544685
12626	0.03131772153140132
12659	0.08160039528925915
12749	0.03576559507600849
12843	0.061570500936848786
12869	0.028554063910476917
12971	0.05313570179565357
13002	0.040675956132351046
