65
t_index	tf-idf
376	0.052620439289974966
579	0.07742996573639964
659	0.06394243236586085
1290	0.08445424096453318
1563	0.08340827686642584
1645	0.08846127489029541
1862	0.04810781797712862
2023	0.09464564465795929
2040	0.0987898806416119
2214	0.2721827534563606
2348	0.10161076349417274
2406	0.06059347862313711
2509	0.04854200062861082
3042	0.04825179107540594
3483	0.2095032814113969
3839	0.04898309363825739
3916	0.10706254191016898
3980	0.07393677752097028
4307	0.0677524077533064
4332	0.04276909825677068
4851	0.09104125353936617
4984	0.07286381414250821
5054	0.0931431885734086
5179	0.10366464808922876
5279	0.04397954212008594
5420	0.0987898806416119
5505	0.08908410467635022
5675	0.10557989809663351
5698	0.09969864268182888
6303	0.10706254191016898
6497	0.07430386578946942
6801	0.08667260532479715
7029	0.0686417276607778
7405	0.14572762828501643
7677	0.03192936654145744
7884	0.0800301299355923
8160	0.10475164070569845
8200	0.349503203230226
8270	0.2757784968707189
8653	0.31479826396654
8794	0.038471457942438655
8797	0.08895784131859033
8983	0.10829451180104584
9002	0.15164572572039922
9051	0.07393677752097028
9164	0.08340827686642584
9254	0.2731237606180985
9528	0.042650911471730696
9806	0.059489158866939396
9807	0.1083693932491137
10093	0.07183084641467057
10172	0.0677524077533064
10653	0.11235759177036146
10685	0.3270284676471591
10772	0.07784673688481676
11017	0.07217090907489238
11160	0.0677524077533064
11620	0.07621598660181327
11739	0.078699565991635
11827	0.09622977632762895
11843	0.07183084641467057
12083	0.10958380282733488
12148	0.029698681772414345
12509	0.08142780889467846
12675	0.05050626587607778
