42
t_index	tf-idf
1040	0.05662892197540264
1248	0.12302036464205639
1290	0.13055617309175133
1563	0.12893923747927444
1645	0.136750569119963
2023	0.14631086639608903
2040	0.3054347208490368
2214	0.21038101975104595
2347	0.09097057414663733
2406	0.1873405667496511
2509	0.07504013728511574
3042	0.07459150796551761
3483	0.1619335296774662
3730	0.14875974481952275
3839	0.07572201441359724
3965	0.2701451115771043
4307	0.10473713306757775
5054	0.07199412433778414
5419	0.1244252022543156
5505	0.13771338960625473
5675	0.08160695835690615
7029	0.10611191546391158
7039	0.07955417251007457
7405	0.22527751413477132
7884	0.12371702565907128
8270	0.3197404721293703
8653	0.36498039799438275
8794	0.029736140333878235
8797	0.13751820153040936
8836	0.08751609730596585
9002	0.11721309308842785
9164	0.12893923747927444
9254	0.14073890807410216
9456	0.12738111273196162
9806	0.18392627376466444
9807	0.08376307158346835
10172	0.10473713306757775
11160	0.10473713306757775
11739	0.12166013266479424
11827	0.14875974481952275
12504	0.11263875706738566
12675	0.07807665683366163
