169
t_index	tf-idf
14	0.07655560372137207
27	0.04103348488416837
76	0.07222542223931189
101	0.04176504445093585
114	0.06218849317681207
126	0.16046174860393703
318	0.07655560372137207
478	0.020892004171013178
498	0.04751429547886228
577	0.06289424096414221
660	0.03004494028258686
731	0.14278906527794175
742	0.0636453808407402
797	0.08664188539009396
801	0.048605853944733164
858	0.057777603286228635
1044	0.05931472305382598
1190	0.03839186405061286
1236	0.053869802016905735
1252	0.03721329728144517
1279	0.024249012365447947
1677	0.061613586144141926
1691	0.05203935411000435
1845	0.03375811594034673
1917	0.08588366638954158
2017	0.10932469408989354
2103	0.05729524197369124
2104	0.05169624298324026
2160	0.22108780601271077
2204	0.10754572147862722
2209	0.04312816995158356
2251	0.0391732423406708
2282	0.11862944610765196
2287	0.03446632069613192
2323	0.04674018845835125
2386	0.02596602902130326
2561	0.06660741662190209
2576	0.14032169439339684
2585	0.055494535451102785
2709	0.03264089779307162
2733	0.09338894646638837
2849	0.0654986080805532
2972	0.026184504370907483
2976	0.04176504445093585
2986	0.07932062057198236
2989	0.05986035554560768
3041	0.03571806099957236
3134	0.044613002794484616
3336	0.06931178037959183
3384	0.05592677533992326
3432	0.03004494028258686
3654	0.061613586144141926
3739	0.04751429547886228
3858	0.05311025542262536
3924	0.07032059227966196
3993	0.03721329728144517
4083	0.02845895028869364
4186	0.04552502829734754
4235	0.05311329446931326
4247	0.027011054864052312
4255	0.043748377145906486
4422	0.08103316459215694
4458	0.056370542974333505
4915	0.038545231957415514
4980	0.07998625476411368
5064	0.10015881810155744
5095	0.07989482431379953
5110	0.031695768711229436
5161	0.11645730065311477
5170	0.056370542974333505
5213	0.03764553717026565
5232	0.03410845098738634
5338	0.09338894646638837
5417	0.044175074886434816
5551	0.31256637486106115
5675	0.031695768711229436
5678	0.09817606248345716
5765	0.026857686957249653
5802	0.182017973716086
6055	0.15978964862759906
6184	0.01551544163521048
6194	0.06931178037959183
6217	0.061008417631451116
6439	0.048605853944733164
6570	0.13672129444087266
6587	0.08664188539009396
6598	0.05136006387077902
6843	0.061613586144141926
6914	0.07139453263897087
6969	0.044392598246560055
7020	0.09200099557899025
7198	0.02905789463819487
7226	0.03089847609397123
7275	0.03296825851629981
7362	0.02386201119980532
7596	0.07655560372137207
7600	0.038545231957415514
7604	0.25966029021303255
7619	0.037500206114666465
7662	0.043332347974484306
7664	0.04805112590744306
7792	0.0464899536662386
7893	0.0737757736207604
7897	0.037940063444724705
7913	0.06589007340186587
8009	0.06380241424843096
8082	0.05274755886578953
8299	0.08664188539009396
8398	0.07222542223931189
8509	0.11645730065311477
8551	0.12389712700466048
8678	0.04600049778949512
8721	0.020315432159763527
8746	0.057777603286228635
8773	0.06357353120336755
8798	0.03679200135888128
8813	0.061613586144141926
8824	0.03721329728144517
8850	0.05878641518629876
8950	0.08664188539009396
8957	0.03210921358382776
9068	0.05348724953464567
9213	0.05729524197369124
9322	0.036516948814079866
9333	0.11757283037259753
9426	0.05311329446931326
9441	0.06686393501955132
9481	0.04947424053808791
9535	0.057777603286228635
9577	0.05169624298324026
9615	0.05238968915704395
9659	0.041395244785823154
9802	0.04947424053808791
9856	0.024846931781925947
9954	0.0464899536662386
10094	0.032319853106477045
10103	0.12471405607868305
10141	0.18677789293277675
10164	0.035980118385499076
10174	0.04947424053808791
10204	0.02941008344784914
10329	0.11553822644605213
10331	0.08664188539009396
10445	0.05238968915704395
10467	0.05878641518629876
10478	0.043539062435175684
10510	0.0896757708086285
10765	0.07989482431379953
10957	0.08407677181817752
11054	0.058274365551714453
11119	0.055494535451102785
11244	0.03399085120398433
11412	0.04529229303370993
11493	0.0560879174083666
11596	0.05274755886578953
11659	0.01379312660542638
11805	0.11645730065311477
11843	0.04312816995158356
12060	0.08407677181817752
12167	0.09338894646638837
12291	0.025467138976248863
12394	0.06357353120336755
12669	0.06836064722043633
12675	0.0606492315501511
12676	0.05336147363086304
12907	0.053869802016905735
12963	0.05051564853103614
12964	0.03571806099957236
12982	0.041579117375950055
