47
t_index	tf-idf
129	0.09083686391693074
413	0.047024232524893295
556	0.09853788970170377
579	0.1126127568944988
1290	0.12282873711743714
1563	0.12130750564612883
1645	0.12865649557061884
1862	0.20990144935721203
2040	0.14367823498984914
2063	0.056285511474117464
2232	0.10753232644939079
2406	0.08812607125269063
2509	0.07059861726624261
2818	0.07437677189619234
2911	0.09853788970170377
3482	0.14239851322719874
3730	0.13995486507752603
4396	0.17572014897864316
5179	0.1507680095528983
5675	0.07677675744929882
5715	0.10027182799795924
5899	0.1205678913209394
7029	0.09983130066461776
7884	0.11639438918717347
8270	0.10027182799795924
8394	0.14924677808159
8551	0.12004655580833602
8653	0.572296203958688
8735	0.147780876543182
8794	0.027976100076020954
8836	0.08233614278800955
9002	0.22055083044694143
9164	0.12130750564612883
9374	0.1586574785954216
9787	0.06542896077520648
9806	0.08651996835627641
9807	0.1576105067424796
10093	0.10446949792486768
10172	0.09853788970170377
11160	0.09853788970170377
11419	0.13143744987100497
11739	0.1144592407917376
11841	0.049085534103029446
11971	0.15570984553554007
12277	0.18193363142594404
12504	0.10597182770776928
12675	0.07345540950017387
