34
t_index	tf-idf
348	0.1385726118807904
478	0.08252635767881371
742	0.08380273813326101
778	0.0957870126507774
1140	0.16647176799041738
1279	0.1915740253015548
2160	0.0873327958776887
2363	0.15411080746774214
2498	0.06441140411994185
3883	0.2301919478696668
5810	0.1366248685463938
6184	0.06128817874297994
6313	0.16647176799041738
6957	0.2301919478696668
7362	0.09425830356396545
7898	0.1762276417143278
8058	0.16877837406155516
8551	0.0978822188131715
8678	0.1817084422779555
8794	0.04562167953493448
9856	0.09814887852173267
10063	0.1338073717578561
10481	0.13110569581120843
10758	0.21128216566587368
11167	0.1405798374005812
11244	0.5370745901265649
11441	0.152259092679295
11493	0.1107775849462256
11841	0.08004562825284303
12291	0.10059878425287748
12626	0.10823691977432096
12843	0.21279330182703313
12885	0.20556277490195385
12963	0.19954392335579144
