144
t_index	tf-idf
53	0.0661388690886949
65	0.03929447670522421
105	0.05067076520985146
135	0.0597045771859291
212	0.047889940574217
218	0.10925598864002842
342	0.04589580361715192
343	0.08471284517386994
348	0.03803048225186356
376	0.03425086305732621
557	0.03103532697465423
570	0.07623414321479473
696	0.113746545196706
741	0.07739839568340459
1036	0.17270004462825392
1040	0.02384401551933098
1097	0.06111097627151184
1279	0.026288212621035298
1845	0.036596976245923174
1862	0.03131357905321266
2109	0.0626363621343367
2214	0.08858244382782902
2224	0.040970247581778745
2287	0.07472947376741278
2400	0.07623414321479473
2418	0.095779881148434
2422	0.08661351222180486
2467	0.05925913104526706
2498	0.05303205434220371
2508	0.10359722139838926
2509	0.06319238069819554
2581	0.04765716764002386
2845	0.036722688616011315
2891	0.04836469566056855
2899	0.049101110239893594
2900	0.0635741758398882
3047	0.09264057120851825
3098	0.10643209570624064
3219	0.07514049612830713
3432	0.032571544211027974
3448	0.0814238277182998
3533	0.18781675753435143
3536	0.04720044319195867
3839	0.03188329962588837
3883	0.06317489920382188
3987	0.11208718992519015
4008	0.03736473688370639
4243	0.10643209570624064
4276	0.01981858348443578
4307	0.04410032434306818
4391	0.0597045771859291
4464	0.07864300308266532
4708	0.08292358047524781
4899	0.18952469761146568
5246	0.022419092058917962
5429	0.03988599370149333
5517	0.0661388690886949
5612	0.05882441959822955
5638	0.10643209570624064
5656	0.07739839568340459
5720	0.07864300308266532
5723	0.10124241120273558
5765	0.08734878451141524
5889	0.20248482240547117
6057	0.06891969372432938
6260	0.3411342451841887
6591	0.05873247517657259
6711	0.07220871117989952
6849	0.020835170854840768
7202	0.18947676569923225
7343	0.0414556486714512
7362	0.05173733383713585
7409	0.057579812198968815
7589	0.021528063936328626
7629	0.10643209570624064
7794	0.04986887087767681
7817	0.07313402436590423
7867	0.061605244233864015
7898	0.04836469566056855
7912	0.019868075016448546
7913	0.014286208717283363
8011	0.06968745436211259
8014	0.05882441959822955
8015	0.06396005442951769
8194	0.10124241120273558
8280	0.09392796171227022
8399	0.02953065752727228
8623	0.028228224618271718
8630	0.05122587522685389
8656	0.04429122191391451
8721	0.02202384130353494
8794	0.05008246435727459
8797	0.028951514677480777
8856	0.04317501115706348
8922	0.07048934869428725
8957	0.03480941083557843
8961	0.0626363621343367
9317	0.057183320368142165
9336	0.05122587522685389
9441	0.018121700318995473
9448	0.05094618509559402
9486	0.03307973703096365
9499	0.0726962990266028
9555	0.060629890371933816
9695	0.12625067919067642
9748	0.08661351222180486
9787	0.11713010702183126
9802	0.05363473509472448
9904	0.05497161713048921
10068	0.04836469566056855
10167	0.05462799432001421
10178	0.10359722139838926
10182	0.056043594962595075
10184	0.13768741085145578
10185	0.09820222047978719
10280	0.07997988511843006
10488	0.12625067919067642
10556	0.07801167222758754
10635	0.06317489920382188
10789	0.06968745436211259
10878	0.03929447670522421
10922	0.03610270828357099
10953	0.03776122871453304
11050	0.03297694671237598
11165	0.04429122191391451
11279	0.060161301633994274
11393	0.05839993761112234
11590	0.03515303364605344
11659	0.029906095922402683
11841	0.021968077264992458
11849	0.19468278506830253
12148	0.0193309956377325
12257	0.057985214700316826
12391	0.09970433057034231
12483	0.06111097627151184
12517	0.25250135838135285
12532	0.06474441802083793
12676	0.019282953925973678
12686	0.056043594962595075
12718	0.08099513179899728
12869	0.054167353701611715
12885	0.05641555973035895
13002	0.1157440623800597
13037	0.07220871117989952
