23
t_index	tf-idf
208	0.12757475752008585
731	0.3285852621820481
849	0.2554073233181741
1279	0.11160333699568417
1720	0.13743218694882223
2160	0.10175316234829761
2251	0.1802904176167146
2585	0.2554073233181741
2709	0.15022604060495565
2972	0.2410224401167994
7276	0.2333751632434149
7362	0.10982220789829965
7893	0.3395446544968155
9426	0.24444793100340673
9528	0.11785865710847677
10335	0.37672731876117305
10719	0.21396475401694673
11493	0.12906914833428942
11862	0.1975642090680383
12148	0.08206733762087917
12405	0.22769959683988006
12675	0.13956561457458266
12963	0.1162462796752469
