59
t_index	tf-idf
178	0.11851735085312141
208	0.1245636116018909
731	0.16041483351479618
742	0.09533562112924943
849	0.1246894732175941
1279	0.05448458219023699
1503	0.1384382360697326
1720	0.06709418810377227
2160	0.14902722498244136
2217	0.09384097639821051
2232	0.09974477027564466
2251	0.08801751221049875
2315	0.08524670918154004
2488	0.15157655710219134
2585	0.1246894732175941
2709	0.07334012832224819
2924	0.06750732745552486
2972	0.05883339737745951
3998	0.08660644924318592
4135	0.06709418810377227
4276	0.041075719232724656
4915	0.08660644924318592
5054	0.06282763638407601
5158	0.11322121778773851
5429	0.08266715327497617
5962	0.17951395530245726
6184	0.03486131073098797
6369	0.13327297023948823
6454	0.055980330880974545
6583	0.26166539376790654
6585	0.07191108568115415
7121	0.11933911428207154
7362	0.05361503762902353
7850	0.14783456360190875
7893	0.16576519245031876
7913	0.029609396586394887
8200	0.23574950035463324
8399	0.06120482820079389
8433	0.08592039823513564
9426	0.23867822856414309
9856	0.05582803441415739
10224	0.1580018201148132
10298	0.26166539376790654
10329	0.19470025933562965
10335	0.18391771352808656
10467	0.13208592670153985
10719	0.10445727287259336
11318	0.09690375364688204
11492	0.08874352979734934
11493	0.06301136516119969
11699	0.05139051660979423
11862	0.09645055135970496
12148	0.04006515147402478
12405	0.22232520518962676
12620	0.09925602173552155
12675	0.13627144855917434
12760	0.23574950035463324
12863	0.20983360694135988
12963	0.11350251972340565
