175
t_index	tf-idf
4	0.0426114984857262
66	0.04132024272664067
204	0.17032576747449796
264	0.05099493673079386
430	0.049150855679369415
504	0.04657480829795584
535	0.047049532543689765
546	0.03495623035047366
579	0.035142584863026675
638	0.05322570338379414
701	0.18446940251775126
778	0.03666052158344881
847	0.04194930878025136
998	0.0330701782907177
1040	0.01662596955874926
1341	0.10967248148290956
1387	0.029611752319655838
1535	0.06187547958827106
1669	0.024271927035155776
1761	0.079313259812305
1790	0.04859171031456034
1919	0.039872820202543374
2004	0.0383306424316728
2088	0.04043196556735244
2194	0.05906862390497717
2224	0.02856775900673404
2322	0.09611273142563138
2406	0.027501128851185296
2408	0.04657480829795584
2453	0.04805636571281569
2501	0.053968400141538767
2576	0.02651791765994365
2583	0.02949138107068856
2729	0.20397974692317544
2767	0.07059436970028803
2782	0.07618208182122231
2924	0.02271150604204946
2963	0.04194930878025136
3191	0.06355513085347175
3245	0.044437699364237124
3264	0.04331049494614393
3382	0.06549414593684963
3403	0.017108980714017164
3505	0.059223504639311676
3609	0.038823987997649356
3632	0.08086393113470489
3702	0.03171307545533547
3723	0.09644812400153935
3724	0.046117350629437816
3744	0.079313259812305
3771	0.03115393009052641
4149	0.08803214992432196
4183	0.03423725183736031
4255	0.0330701782907177
4332	0.019411304792779024
4528	0.04859171031456034
4544	0.1047880211490152
4551	0.07059436970028803
4595	0.028130194904795992
4831	0.2962075821203364
4878	0.044050631915931004
4935	0.053968400141538767
5011	0.05099493673079386
5093	0.04483705670069889
5112	0.047049532543689765
5128	0.04331049494614393
5183	0.05099493673079386
5232	0.025783186233654755
5252	0.07059436970028803
5291	0.07421303604886659
5315	0.016582965415916556
5429	0.055623459610975735
5487	0.030618585488781748
5548	0.07421303604886659
5600	0.016582965415916556
5689	0.03591690310256101
5694	0.123960728179922
5721	0.047049532543689765
5748	0.04567594746153782
5909	0.03739846051742085
6009	0.026330172390628022
6027	0.04072114380936366
6045	0.09409906508737953
6073	0.04132024272664067
6087	0.029979935663639504
6138	0.05786974579138638
6144	0.10198987346158772
6161	0.03459160483412697
6178	0.04483705670069889
6213	0.06778751401699414
6375	0.043675120462490634
6407	0.05604628299339739
6430	0.04556316508755212
6454	0.05650042762588118
6526	0.05322570338379414
6606	0.030105097885632388
6609	0.05099493673079386
6667	0.0330701782907177
6671	0.02661285169189707
6784	0.07059436970028803
6802	0.10198987346158772
6804	0.06778751401699414
6848	0.04657480829795584
6982	0.050349733792960205
7121	0.04014928626608339
7176	0.07955375297983094
7498	0.1149919272950184
7505	0.04973601697801638
7616	0.02278158254377606
7617	0.03533174180391403
7671	0.04973601697801638
7912	0.013853623360822595
7913	0.03984598501052409
8153	0.1047880211490152
8276	0.03933747560079872
8290	0.04132024272664067
8316	0.08803214992432196
8329	0.03762510988405856
8399	0.010295577368254758
8413	0.046117350629437816
8499	0.05906862390497717
8532	0.06187547958827106
8551	0.018731209462178638
8595	0.07435164571067698
8836	0.35972006644911114
8848	0.03591690310256101
9095	0.03423725183736031
9145	0.07421303604886659
9149	0.05099493673079386
9211	0.02949138107068856
9213	0.04331049494614393
9596	0.05099493673079386
9627	0.04859171031456034
9649	0.1047880211490152
9656	0.03762510988405856
9685	0.053156589476254096
9799	0.05576842265570674
9899	0.03611816658868192
10063	0.07681805556831346
10103	0.015712263093879984
10121	0.044050631915931004
10148	0.08803214992432196
10172	0.15375150411733018
10204	0.1556212450910041
10213	0.019519277125486924
10219	0.10721958654544782
10241	0.053968400141538767
10373	0.05167503206139425
10481	0.025089012894280262
10715	0.05500225770237059
10796	0.02243503997850944
10846	0.06039392217341121
10999	0.09508575621933264
11000	0.05576842265570674
11211	0.05099493673079386
11234	0.036322702794875074
11382	0.050349733792960205
11503	0.09225090247039812
11555	0.043675120462490634
11634	0.020244635907327817
11644	0.030488235104402815
11776	0.039602300109110124
11852	0.05576842265570674
11883	0.10715642775666048
12084	0.06039392217341121
12128	0.06778751401699414
12305	0.06778751401699414
12391	0.017380473976730742
12586	0.1760642998486439
12594	0.07059436970028803
12635	0.26409644977296587
12662	0.10117129270263286
12675	0.06876875319978087
12785	0.025606018522771157
12862	0.025783186233654755
