229
t_index	tf-idf
65	0.021184789215435738
101	0.048820540700808684
102	0.03942866836707966
200	0.021749926504620036
202	0.3763362431586209
413	0.022692527791570265
478	0.061053385274773664
565	0.039954509851888274
638	0.02057673508257237
710	0.04349985300924007
749	0.028574749798198594
787	0.05738062196904184
913	0.04669585024359299
949	0.018347742485536684
979	0.02594598758367023
1040	0.025709997189475135
1206	0.05738062196904184
1236	0.03148509592753374
1258	0.01713733872595408
1300	0.036378129563813005
1509	0.06806539369449068
1636	0.019014562346147013
1641	0.04239871817286799
1720	0.01745279443389504
1996	0.015742134868927195
1998	0.026337679378146996
2004	0.02963678917210829
2008	0.041600648404169806
2037	0.02891603738945856
2040	0.13866987999538066
2063	0.04074262773070284
2170	0.03757052276574474
2209	0.025206971573395506
2218	0.051138923832707614
2293	0.027027734559768216
2339	0.03601107851814415
2406	0.04252708047930276
2498	0.009530371586564083
2654	0.05927357834421658
2697	0.03942866836707966
2818	0.035892068252430374
2823	0.030415260402222973
2849	0.03828174378455992
2899	0.026471829068478843
2906	0.0735604992489495
2966	0.02183340940649388
3085	0.02318012368930386
3087	0.06806539369449068
3089	0.034059415865981796
3101	0.03675957838909437
3169	0.03531609018990331
3180	0.061324053302785966
3239	0.031261506808021214
3484	0.06806539369449068
3558	0.061324053302785966
3600	0.030620019509363508
3609	0.06003647599477931
3632	0.031261506808021214
3780	0.020725221911114852
3815	0.026607855039004043
3866	0.02620535491036945
3883	0.034059415865981796
3943	0.05241248604179252
3946	0.015923083313555197
3993	0.2609991180554404
4008	0.06043323194577357
4013	0.021667154104141988
4021	0.03268732797537495
4060	0.03021472343465474
4072	0.02594598758367023
4185	0.03321316946018356
4274	0.06806539369449068
4276	0.010684771725448844
4300	0.0438979411856324
4310	0.027378281663529822
4394	0.03675957838909437
4422	0.03157411468606
4431	0.025818852461512675
4547	0.024520166416316498
4708	0.011176625321516186
4843	0.06806539369449068
4949	0.019204647191965515
4983	0.05738062196904184
5037	0.05063928157733712
5054	0.016342962834319373
5064	0.05853947625287887
5315	0.08975223818102432
5352	0.061324053302785966
5357	0.06806539369449068
5376	0.061324053302785966
5429	0.021503693141229536
5487	0.023673920010518257
5584	0.04669585024359299
5600	0.012821748311574902
5627	0.09064417030396422
5671	0.03082918237404003
5688	0.018766760448223306
5698	0.034986373924638964
5856	0.03729037527165356
5886	0.03892980525838309
5923	0.03800284719972593
5956	0.031261506808021214
6009	0.020358170865445994
6013	0.021749926504620036
6058	0.0438979411856324
6073	0.03194831196510022
6087	0.02318012368930386
6102	0.05738062196904184
6184	0.027204768717509716
6229	0.11476124393808368
6249	0.06806539369449068
6407	0.021667154104141988
6442	0.016781790577370722
6443	0.061324053302785966
6449	0.021667154104141988
6454	0.014561815781956587
6483	0.0877958823712648
6526	0.02057673508257237
6557	0.018952017446659447
6597	0.05738062196904184
6606	0.023276897605684937
6650	0.06806539369449068
6679	0.02746656230281957
6794	0.04239871817286799
6807	0.01663330374882824
6849	0.011232843387597752
6883	0.11363397798338681
7064	0.028574749798198594
7078	0.10127856315467423
7162	0.03800284719972593
7534	0.061324053302785966
7589	0.011606402093831965
7592	0.039954509851888274
7662	0.0253263067926953
7677	0.011204693734510475
7767	0.031261506808021214
7912	0.04284581616876129
8036	0.05063928157733712
8113	0.017834243259176402
8194	0.05458271291108125
8270	0.048388269651199516
8285	0.04110003212767182
8301	0.045671145650087806
8305	0.025206971573395506
8309	0.09134229130017561
8382	0.5706732354132212
8388	0.044744187591430645
8461	0.08220006425534364
8502	0.03376907495147293
8522	0.04669585024359299
8542	0.044744187591430645
8551	0.02896548925621341
8579	0.05738062196904184
8607	0.06806539369449068
8623	0.01521865255898814
8794	0.033751131830742034
8797	0.031217198310646118
8836	0.05959954394189799
8856	0.023276897605684937
8913	0.05738062196904184
8930	0.10362610955557426
8980	0.030415260402222973
9151	0.03148509592753374
9198	0.018289329707231863
9254	0.03194831196510022
9290	0.06806539369449068
9328	0.022088245776506418
9374	0.01914087189227996
9456	0.05783207477891712
9465	0.15771467346831863
9486	0.017834243259176402
9516	0.023878679117658792
9543	0.0298256436177288
9571	0.05738062196904184
9592	0.047841372519376535
9648	0.02808427452818671
9650	0.061324053302785966
9656	0.02909127993873249
9708	0.03892980525838309
9835	0.03800284719972593
10063	0.019798263852457688
10093	0.025206971573395506
10103	0.012148531806115541
10166	0.06806539369449068
10172	0.04755152142876301
10204	0.017189209240117614
10207	0.01639075505998534
10372	0.02594598758367023
10378	0.03531609018990331
10421	0.02050333323716169
10422	0.03376907495147293
10480	0.025206971573395506
10518	0.045671145650087806
10558	0.0438979411856324
10586	0.038455286839123866
10715	0.02126354023965138
10796	0.03469300318126121
10798	0.03565737778116328
10859	0.03021472343465474
10878	0.021184789215435738
10904	0.022895448780403577
11017	0.0253263067926953
11050	0.017778826024611782
11080	0.023673920010518257
11210	0.0679043795511714
11240	0.033487150911874555
11244	0.019866514647299327
11291	0.061324053302785966
11386	0.02717182161517434
11412	0.026471829068478843
11441	0.022528397734734716
11503	0.023775760714381505
11659	0.008061620760666242
11948	0.05738062196904184
12148	0.010421899010947372
12175	0.03601107851814415
12353	0.03757052276574474
12391	0.013438372286034337
12437	0.02808427452818671
12511	0.05738062196904184
12559	0.04239871817286799
12614	0.04110003212767182
12626	0.016014835865300427
12664	0.032188464866678375
12749	0.10973597824339117
12785	0.039596527704915375
12862	0.01993524778391467
12907	0.03148509592753374
12983	0.06806539369449068
