426
t_index	tf-idf
65	0.016890950770745785
86	0.023194914629836597
157	0.020003902774443014
193	0.022650519536475813
195	0.03437980132219697
200	0.052024629670027085
208	0.012917284248717693
212	0.02058575902972888
230	0.01444429240651784
342	0.03945713619227627
353	0.04178926268755462
376	0.029445850423041105
478	0.009735756297373822
493	0.014722925211520552
499	0.024250544147922742
521	0.03103931870395739
554	0.04038095172088284
556	0.05687031383881383
557	0.026681418053504127
575	0.024090653010349294
638	0.0328122801476039
643	0.06469858759964199
659	0.05367227995061432
734	0.036414290695755996
742	0.019772665569306232
744	0.035360438240504874
874	0.03567521310682649
940	0.02669980861045701
979	0.02068712577299727
999	0.02764089475434301
1019	0.015363338425369853
1036	0.185590202269675
1040	0.010249483542819968
1044	0.02764089475434301
1046	0.026062097764795886
1074	0.029308964210564725
1120	0.023933992218766114
1123	0.03814464518914867
1124	0.025860672272769666
1137	0.06875960264439394
1176	0.0457504321151172
1179	0.03327013363812731
1190	0.017890759983538108
1213	0.020003902774443014
1233	0.029308964210564725
1308	0.054269561164544504
1309	0.023482149150016923
1373	0.040375460123318586
1387	0.03650977069360226
1435	0.023055191112051055
1441	0.022650519536475813
1447	0.05787104173529812
1448	0.024090653010349294
1460	0.017408105395446613
1500	0.11592033183879555
1506	0.0457504321151172
1510	0.029308964210564725
1545	0.04351961718094728
1616	0.017123471999362316
1635	0.024090653010349294
1646	0.0162318755392727
1665	0.0314370697565945
1669	0.04488906030176884
1720	0.027830750506601505
1786	0.04000780554888603
1800	0.03189972925371956
1806	0.019911034054422364
1839	0.018636955007971873
1847	0.031856331073891284
1848	0.05528178950868602
1849	0.05296271816418533
1862	0.01346031724029428
1917	0.026681418053504127
1996	0.012551440677245406
2008	0.033168822077018885
2019	0.07001160607339192
2057	0.030300241115027875
2060	0.03814464518914867
2063	0.01082823643372542
2078	0.011391905004995055
2083	0.02739470120555143
2089	0.030660978038019593
2094	0.03327013363812731
2167	0.03945713619227627
2204	0.016705576713632236
2209	0.020097897203319167
2210	0.04178926268755462
2226	0.022783077387245228
2252	0.05094573839023557
2267	0.030300241115027875
2334	0.048894589172745896
2363	0.018180679561029704
2386	0.0121002718787838
2397	0.01444429240651784
2411	0.03380513509564828
2488	0.0314370697565945
2489	0.13055885154284183
2498	0.03039483388926554
2501	0.03327013363812731
2509	0.027163598575611993
2522	0.0457504321151172
2527	0.0457504321151172
2591	0.03416173009821693
2607	0.1277841974276079
2709	0.015210787037930263
2763	0.09198293411405878
2818	0.014308642671561733
2821	0.03727391001594375
2845	0.015785453264478954
2846	0.048894589172745896
2852	0.0391801070874469
2891	0.020789835161137422
2900	0.040991573031669434
2903	0.04351961718094728
2906	0.09775148565715319
2911	0.018956771279604608
2973	0.028712174016262592
2986	0.018481860929281682
2998	0.018795214489476703
3080	0.021436413298145
3085	0.018481860929281682
3150	0.036414290695755996
3219	0.06459912575061269
3239	0.024925269123229257
3244	0.025103540087936745
3263	0.054269561164544504
3310	0.028158049379043842
3324	0.03814464518914867
3359	0.030300241115027875
3369	0.0457504321151172
3403	0.021094495048015114
3432	0.02800212121020555
3433	0.013663857677223144
3452	0.02566434671215877
3459	0.02843016310384967
3522	0.029625516139721357
3533	0.030275281713562575
3536	0.020289374720360152
3569	0.023194914629836597
3627	0.031856331073891284
3663	0.02692459088350773
3690	0.048894589172745896
3704	0.03567521310682649
3720	0.031856331073891284
3750	0.07628929037829733
3755	0.023933992218766114
3756	0.023629857338599743
3839	0.013705214817588324
3885	0.03500048813151997
3938	0.028712174016262592
3962	0.03814464518914867
3998	0.017962230032665356
4008	0.03212288261269277
4020	0.06534333619680169
4072	0.04137425154599454
4099	0.03378190154149157
4136	0.036414290695755996
4155	0.05296271816418533
4158	0.04351961718094728
4163	0.07446260613137978
4185	0.026481359082092665
4245	0.0391801070874469
4247	0.012587258040866741
4276	0.05963390334599115
4287	0.013541093444004955
4310	0.032743673047453244
4366	0.02692459088350773
4405	0.02201972921375282
4422	0.050349032163466964
4431	0.04117151805945776
4458	0.026268895231707872
4473	0.08357852537510924
4477	0.040375460123318586
4518	0.032299562875306345
4547	0.03910059426286128
4708	0.017822582624636013
4713	0.048894589172745896
4729	0.048894589172745896
4731	0.0457504321151172
4780	0.03567521310682649
4952	0.03500048813151997
5064	0.07001160607339192
5100	0.03723130306568989
5116	0.03567521310682649
5170	0.026268895231707872
5210	0.037913542559209215
5232	0.01589467261139307
5279	0.012305247128453826
5294	0.01955029713143064
5310	0.010799674908111883
5315	0.010222972592425203
5403	0.04178926268755462
5412	0.02058575902972888
5429	0.03429043532546293
5487	0.018875572156124124
5560	0.02764089475434301
5569	0.048894589172745896
5600	0.010222972592425203
5675	0.01477035316021053
5688	0.029926040201179227
5712	0.05067285231223735
5729	0.041579670322274845
5776	0.032299562875306345
5778	0.017145217662731464
5783	0.040375460123318586
5856	0.0148660882704747
6013	0.034683086446684726
6161	0.021324836618658395
6175	0.03380513509564828
6184	0.02169077088584712
6260	0.20162788918566835
6373	0.020485700280971054
6432	0.060239347065241144
6442	0.013380373795779776
6454	0.02322070906671881
6501	0.01903882966902176
6585	0.029828805457123082
6656	0.03567521310682649
6669	0.0222659227625444
6671	0.01640614007380195
6677	0.03723130306568989
6700	0.06553934639470009
6796	0.017341543223342363
6807	0.013261983016173259
6849	0.02686834446346533
7027	0.06464885667512733
7039	0.014398811657739888
7051	0.0391801070874469
7172	0.048894589172745896
7176	0.016347615679496892
7183	0.05273623762003779
7202	0.3746591825085097
7203	0.0391801070874469
7226	0.028797623315479776
7307	0.028712174016262592
7330	0.054269561164544504
7331	0.053459827914113946
7341	0.012917284248717693
7439	0.01276886927934438
7514	0.03437980132219697
7589	0.018507917581691572
7616	0.02808852193993709
7617	0.02178111206560056
7625	0.03327013363812731
7627	0.027895161646328697
7652	0.0391801070874469
7677	0.017867341359526237
7682	0.022783077387245228
7717	0.013340709026752063
7719	0.0457504321151172
7794	0.021436413298145
7849	0.03723130306568989
7872	0.0457504321151172
7911	0.0166447572219542
7912	0.008540403261502138
7996	0.008888976346019307
8002	0.023933992218766114
8015	0.21994869940987344
8027	0.03723130306568989
8055	0.032299562875306345
8107	0.030660978038019593
8113	0.028439020266934244
8151	0.029308964210564725
8251	0.029625516139721357
8279	0.20504769648520704
8312	0.01594986462685978
8361	0.017680219120252437
8399	0.0761635106525687
8417	0.025103540087936745
8419	0.16280868349363353
8516	0.032769673197350045
8551	0.011547309914246967
8617	0.12732205166419688
8629	0.04178926268755462
8669	0.04178926268755462
8721	0.037868285869425346
8749	0.04178926268755462
8794	0.021528227650984028
8796	0.03103931870395739
8821	0.03380513509564828
8824	0.017341543223342363
8858	0.032769673197350045
8893	0.01832980810778803
8903	0.0314370697565945
8930	0.09914718512045083
8957	0.029926040201179227
8973	0.054269561164544504
8976	0.03500048813151997
9048	0.02692459088350773
9076	0.018481860929281682
9125	0.06706750798717469
9215	0.018559020226967496
9259	0.048894589172745896
9309	0.045301039072951625
9336	0.02201972921375282
9353	0.03567521310682649
9368	0.020789835161137422
9369	0.018559020226967496
9371	0.03500048813151997
9374	0.015261304776451731
9391	0.027973042751168305
9441	0.007789714322106385
9448	0.04379900569041417
9453	0.0457504321151172
9473	0.02764089475434301
9516	0.01903882966902176
9550	0.027895161646328697
9611	0.05384918176701546
9652	0.07000097626303994
9653	0.03327013363812731
9656	0.023194914629836597
9668	0.021214842640562632
9703	0.040375460123318586
9737	0.04351961718094728
9781	0.05336283610700825
9784	0.02764089475434301
9787	0.012587258040866741
9793	0.025472869195117785
9882	0.04178926268755462
9904	0.07088957201579923
9909	0.029625516139721357
9938	0.0457504321151172
10103	0.029058620869981077
10107	0.019205598363975077
10121	0.02715608405739918
10164	0.016766876996793672
10177	0.024413801660820373
10184	0.07891427238455254
10185	0.042212774180588095
10213	0.012033133403647997
10265	0.0457504321151172
10284	0.02715608405739918
10324	0.03814464518914867
10352	0.04696429830003385
10358	0.019205598363975077
10367	0.024413801660820373
10400	0.028712174016262592
10421	0.016347615679496892
10478	0.020289374720360152
10556	0.016766876996793672
10558	0.03500048813151997
10580	0.029308964210564725
10591	0.029004829330398357
10636	0.026481359082092665
10688	0.01903882966902176
10708	0.023055191112051055
10717	0.026481359082092665
10760	0.0445318455250888
10761	0.02764089475434301
10769	0.020893923239909257
10814	0.040375460123318586
10815	0.023482149150016923
10833	0.030300241115027875
10855	0.021664501666081644
10859	0.024090653010349294
10904	0.07301954138720453
10909	0.029308964210564725
10913	0.0512425951473254
10922	0.01551895124811064
10953	0.0162318755392727
10976	0.031856331073891284
10999	0.029308964210564725
11018	0.02458057035577369
11047	0.06761027019129656
11050	0.08505195083779214
11066	0.03963852879663291
11105	0.05132869342431754
11149	0.04264967323731679
11160	0.018956771279604608
11186	0.013145372616654338
11210	0.06496941860235252
11222	0.03380513509564828
11261	0.032769673197350045
11276	0.03380513509564828
11285	0.048894589172745896
11303	0.05528178950868602
11353	0.015110728289172436
11372	0.20627880793318182
11412	0.06331916127088215
11438	0.08666575443910703
11492	0.018405461834080417
11554	0.022141848988592287
11590	0.07555364144586219
11634	0.03744089543096967
11659	0.012855302737836083
11719	0.02692459088350773
11724	0.030660978038019593
11730	0.029004829330398357
11746	0.03380513509564828
11752	0.026268895231707872
11767	0.03549953236456113
11802	0.024751004588700002
11825	0.025860672272769666
11841	0.028329302949714148
11883	0.02201972921375282
12033	0.028712174016262592
12144	0.022650519536475813
12148	0.008309536684147531
12159	0.03380513509564828
12175	0.028712174016262592
12220	0.03327013363812731
12257	0.024925269123229257
12333	0.03814464518914867
12359	0.04351961718094728
12391	0.010714616152846707
12425	0.03189972925371956
12469	0.018107177158218305
12518	0.01871568101855068
12532	0.013915375253300753
12545	0.04178926268755462
12577	0.021664501666081644
12582	0.021106387090294047
12590	0.03327013363812731
12646	0.06875382212150159
12675	0.014131390487048506
12749	0.014582357396773266
12776	0.016890950770745785
12788	0.03814464518914867
12795	0.07531062026381025
12798	0.019819264398316456
12840	0.015785453264478954
12859	0.030300241115027875
12869	0.011642070100832475
13001	0.145528846127962
13002	0.049753233115528324
13037	0.03103931870395739
