584
t_index	tf-idf
10	0.022202635116350185
15	0.012454879641700254
47	0.01806831102258858
66	0.012361955810223677
68	0.022202635116350185
70	0.013178818158444051
78	0.023728491128450244
86	0.022512933857557527
91	0.0202802838866849
114	0.014064002848688806
139	0.015674942853732658
152	0.023728491128450244
156	0.019594167034688637
178	0.05964462075328523
200	0.008415832129704887
202	0.00970787233410955
208	0.01880623213438616
213	0.011691167793946383
228	0.02633695921011179
230	0.007009799448644218
275	0.021120023046788696
302	0.04440527023270037
306	0.02633695921011179
310	0.02419241217776512
334	0.014537392232318593
339	0.04440527023270037
342	0.019148505426329582
343	0.01767181580502335
348	0.015866960339999174
376	0.007145019646900581
389	0.02633695921011179
412	0.04038841319240477
413	0.01756111722510434
452	0.022202635116350185
453	0.014223608563258007
472	0.011928924150657046
476	0.021120023046788696
478	0.01889900791392739
493	0.007145019646900581
502	0.023728491128450244
532	0.0405605677733698
547	0.02633695921011179
554	0.0065322773670114
557	0.012948463261246575
570	0.015903086883465596
583	0.043467280657442445
585	0.07901087763033536
586	0.10295540138593781
587	0.03628861826664768
589	0.022202635116350185
591	0.02633695921011179
599	0.02633695921011179
638	0.03980940997560478
660	0.01358939907167719
700	0.014879739408267482
715	0.012957388178602196
728	0.02633695921011179
742	0.014393479753643704
753	0.02633695921011179
760	0.02633695921011179
770	0.023728491128450244
778	0.005483943436544162
811	0.021120023046788696
815	0.02633695921011179
816	0.02633695921011179
916	0.011325518847165431
924	0.011928924150657046
929	0.02633695921011179
949	0.014198808504896009
987	0.02633695921011179
1010	0.02633695921011179
1039	0.04702482856119797
1085	0.02633695921011179
1124	0.01255015622346649
1137	0.016684480317228096
1140	0.2859224024772452
1166	0.01525637587808229
1171	0.011122051784320687
1223	0.018511554965127148
1242	0.023728491128450244
1279	0.02741971718272081
1309	0.04558344612034952
1338	0.01767181580502335
1353	0.02591477635720439
1372	0.019594167034688637
1397	0.019594167034688637
1433	0.012748266382964349
1435	0.011188659257044443
1437	0.017313142252205656
1458	0.021140700153565003
1460	0.008448134679680018
1461	0.023728491128450244
1503	0.01393398692882698
1519	0.02633695921011179
1559	0.02633695921011179
1616	0.016620004802151665
1635	0.023382335587892766
1652	0.023728491128450244
1660	0.010992272580043268
1665	0.01525637587808229
1669	0.014523074872651552
1738	0.011847991483757602
1800	0.0696640681375119
1806	0.009662803244944387
1832	0.019325606489888774
1845	0.007634438695942391
1848	0.013414096264182216
1875	0.0202802838866849
1884	0.018511554965127148
1917	0.0064742316306232875
1921	0.01040306813855699
1942	0.012361955810223677
1962	0.02786797385765396
1967	0.023728491128450244
2008	0.008048396701064735
2012	0.023728491128450244
2021	0.013665070843003113
2030	0.029074784464637186
2043	0.022202635116350185
2078	0.005528479151182783
2149	0.02633695921011179
2160	0.014999782313744025
2204	0.008107198271869762
2232	0.010039439714759195
2233	0.021120023046788696
2260	0.013537491711261748
2272	0.01806831102258858
2274	0.03802812700405817
2341	0.023728491128450244
2364	0.02633695921011179
2366	0.013537491711261748
2397	0.02803919779457687
2404	0.0202802838866849
2408	0.01393398692882698
2431	0.01767181580502335
2460	0.02633695921011179
2461	0.009941688141804943
2495	0.017313142252205656
2498	0.00737528997067604
2509	0.006591232472993853
2641	0.017313142252205656
2655	0.021120023046788696
2670	0.008546740075432198
2680	0.02633695921011179
2694	0.022202635116350185
2713	0.34238046973145325
2727	0.017790872013882502
2736	0.0202802838866849
2738	0.016145959792923294
2741	0.022202635116350185
2763	0.014879739408267482
2794	0.006214596003179044
2821	0.009044494064682447
2833	0.022202635116350185
2835	0.03681381397981781
2882	0.012851374859265486
2891	0.010089284469496406
2892	0.02633695921011179
2899	0.010242906777603937
2911	0.0091997005546554
2947	0.01806831102258858
2951	0.12072686637763996
2957	0.016145959792923294
2972	0.005921657291436968
3042	0.006551826626380898
3080	0.01040306813855699
3083	0.030267853408489215
3114	0.022202635116350185
3126	0.012748266382964349
3134	0.010089284469496406
3144	0.02633695921011179
3158	0.01329461880180405
3169	0.013665070843003113
3175	0.026357636316888103
3253	0.05267391842022358
3314	0.017160382350765786
3339	0.014377230871365543
3351	0.015903086883465596
3403	0.010237135582375814
3407	0.016684480317228096
3408	0.017313142252205656
3432	0.006794699535838595
3433	0.013262110640869013
3472	0.011928924150657046
3479	0.015903086883465596
3488	0.012748266382964349
3494	0.02007887942951839
3537	0.012271271326605935
3569	0.011256466928778764
3580	0.0353436316100467
3596	0.07901087763033536
3611	0.016405595420367538
3618	0.016145959792923294
3628	0.035786772451971136
3642	0.022202635116350185
3723	0.009618267530305766
3735	0.022202635116350185
3736	0.015903086883465596
3756	0.011467544153905
3768	0.009618267530305766
3780	0.016038673824279315
3801	0.01393398692882698
3848	0.008383804498381721
3855	0.012182720794826338
3919	0.014537392232318593
3933	0.018511554965127148
3946	0.006161216044832177
3969	0.019014063502029086
3987	0.011691167793946383
3993	0.025247496389114662
3998	0.008717050765503881
4073	0.016405595420367538
4090	0.0353436316100467
4103	0.02633695921011179
4129	0.019014063502029086
4135	0.020259349582451534
4167	0.022202635116350185
4219	0.022202635116350185
4247	0.012217165367684668
4251	0.02633695921011179
4276	0.004134324093761604
4307	0.0367988022186216
4318	0.03462628450441131
4351	0.02633695921011179
4389	0.008546740075432198
4430	0.02633695921011179
4433	0.02633695921011179
4479	0.023728491128450244
4544	0.031349885707465316
4591	0.02633695921011179
4657	0.022202635116350185
4666	0.02570274971853097
4708	0.04324640014875873
4717	0.022202635116350185
4726	0.0202802838866849
4795	0.021120023046788696
4809	0.008859076072243453
4831	0.03938564624015482
4861	0.023382335587892766
4892	0.02633695921011179
4980	0.009044494064682447
4990	0.02633695921011179
4997	0.016145959792923294
5054	0.0063236825966479565
5060	0.014223608563258007
5064	0.011325518847165431
5076	0.017313142252205656
5078	0.00970787233410955
5082	0.012271271326605935
5091	0.022377318514088886
5158	0.02279172306017476
5176	0.01806831102258858
5210	0.0091997005546554
5238	0.014704674170544108
5240	0.023728491128450244
5246	0.018707248685504677
5267	0.02633695921011179
5294	0.009487738007221011
5315	0.004961197518374168
5425	0.01767181580502335
5429	0.008320555547938651
5487	0.01832058941608489
5488	0.01767181580502335
5527	0.013665070843003113
5533	0.0202802838866849
5552	0.0202802838866849
5561	0.012748266382964349
5600	0.004961197518374168
5608	0.022202635116350185
5617	0.02633695921011179
5642	0.01806831102258858
5643	0.02633695921011179
5671	0.011928924150657046
5683	0.023728491128450244
5686	0.009279772170420615
5712	0.008197160100859123
5715	0.009361584609145395
5744	0.008932150678309502
5765	0.006073898346467614
5770	0.015903086883465596
5778	0.04160277773969326
5802	0.00514544807665901
5815	0.016145959792923294
5841	0.1682201468206488
5852	0.020485813555207875
5899	0.011256466928778764
5973	0.0405605677733698
6052	0.01074541531450588
6066	0.0109290236296002
6073	0.012361955810223677
6095	0.04745698225690049
6120	0.023728491128450244
6184	0.007017671733446268
6221	0.015903086883465596
6243	0.07118547338535074
6309	0.011928924150657046
6313	0.2192071752325547
6343	0.02279172306017476
6373	0.009941688141804943
6432	0.029234089837039852
6454	0.005634492470519494
6509	0.0202802838866849
6516	0.022202635116350185
6517	0.04440527023270037
6518	0.01525637587808229
6526	0.01592376399024191
6530	0.021120023046788696
6563	0.0194157446682191
6585	0.014475886956754318
6593	0.02633695921011179
6625	0.014076012235566546
6646	0.01817002597028067
6677	0.01806831102258858
6814	0.021120023046788696
6815	0.022202635116350185
6849	0.0086927856302602
6857	0.016145959792923294
7015	0.018088988129364894
7022	0.023728491128450244
7039	0.013975455381118168
7066	0.02633695921011179
7072	0.025496532765928698
7106	0.016145959792923294
7135	0.016333866479662233
7176	0.03966740084999794
7180	0.07588744677852445
7181	0.023728491128450244
7183	0.005118567791187907
7198	0.013142955942236939
7212	0.012851374859265486
7237	0.008895436006941251
7277	0.011256466928778764
7314	0.014377230871365543
7362	0.016189267966439717
7372	0.01525637587808229
7406	0.032811190840735076
7409	0.01201163569916169
7430	0.025295815592841487
7431	0.025496532765928698
7439	0.018590155263078674
7440	0.03824479914889305
7458	0.023728491128450244
7464	0.02633695921011179
7469	0.05704219050608726
7497	0.31604351052134144
7514	0.016684480317228096
7516	0.055283013806707824
7562	0.007191194753403826
7575	0.013797127338705991
7577	0.01806831102258858
7589	0.01796374468314582
7597	0.011768762789703993
7617	0.010570350076782501
7619	0.008480716908891704
7664	0.021733640328721222
7682	0.0331698082840247
7753	0.01255015622346649
7798	0.01767181580502335
7800	0.04396909032017307
7850	0.014879739408267482
7891	0.015903086883465596
7892	0.0210275183525811
7897	0.008580191175382893
7911	0.008077682638480955
7913	0.011920895750144107
7927	0.024365441589652675
7962	0.01806831102258858
7996	0.012941431757755244
8005	0.019014063502029086
8007	0.015903086883465596
8009	0.007214496524235892
8051	0.02633695921011179
8058	0.009662803244944387
8066	0.02633695921011179
8113	0.03450356427587653
8195	0.019014063502029086
8226	0.021120023046788696
8229	0.02633695921011179
8290	0.024723911620447354
8309	0.01767181580502335
8311	0.01806831102258858
8312	0.007740452015279099
8343	0.018511554965127148
8361	0.017160382350765786
8389	0.019014063502029086
8399	0.009240517291422862
8433	0.017295997694234434
8491	0.014223608563258007
8510	0.0202802838866849
8524	0.02633695921011179
8550	0.023728491128450244
8591	0.016684480317228096
8592	0.02633695921011179
8647	0.014377230871365543
8664	0.022202635116350185
8676	0.008613942289202745
8707	0.02323028096319292
8721	0.009188719043406316
8743	0.030126695446723604
8748	0.01767181580502335
8783	0.008077682638480955
8791	0.012851374859265486
8794	0.0026119063861179364
8800	0.0101397983013028
8848	0.01074541531450588
8855	0.014377230871365543
8858	0.015903086883465596
8902	0.02633695921011179
8911	0.04745698225690049
8936	0.011928924150657046
8940	0.013537491711261748
8957	0.007261537436325776
8961	0.013066474772071108
8985	0.019014063502029086
8990	0.02633695921011179
8991	0.02633695921011179
8995	0.030126695446723604
9030	0.014076012235566546
9040	0.07901087763033536
9045	0.006161216044832177
9056	0.016684480317228096
9093	0.014377230871365543
9151	0.012182720794826338
9160	0.016684480317228096
9164	0.022651037694330863
9198	0.007076802238765861
9242	0.015321326718643924
9258	0.023728491128450244
9333	0.0265892376036081
9337	0.022218883998628345
9343	0.016985698953027088
9368	0.010089284469496406
9372	0.019594167034688637
9383	0.041801960786480935
9438	0.015063347723361802
9441	0.011341019751626808
9443	0.010348920096940648
9486	0.006900712855175306
9499	0.007582531335526946
9523	0.015903086883465596
9528	0.011582632320661425
9538	0.023728491128450244
9541	0.014377230871365543
9576	0.013665070843003113
9596	0.03051275175616458
9618	0.011056602761341565
9626	0.022202635116350185
9657	0.04224004609357739
9714	0.014223608563258007
9781	0.0064742316306232875
9787	0.006108582683842334
9837	0.05267391842022358
9849	0.012271271326605935
9864	0.10534783684044716
9866	0.02633695921011179
9873	0.07588744677852445
9900	0.0451900431700854
9905	0.04224004609357739
9906	0.01767181580502335
9940	0.02633695921011179
9950	0.10389736775096048
9999	0.05878250110406591
10001	0.022651037694330863
10021	0.02633695921011179
10039	0.016684480317228096
10093	0.009753487728562127
10103	0.004700705737140376
10107	0.018640912137991
10108	0.022202635116350185
10153	0.02633695921011179
10164	0.008136947232844331
10200	0.01255015622346649
10202	0.022202635116350185
10213	0.017518999794055412
10257	0.15802175526067072
10283	0.016405595420367538
10303	0.42588596162038284
10349	0.011928924150657046
10367	0.011847991483757602
10372	0.010039439714759195
10382	0.016985698953027088
10391	0.02633695921011179
10398	0.023728491128450244
10421	0.015866960339999174
10447	0.022202635116350185
10547	0.01393398692882698
10600	0.022202635116350185
10670	0.018511554965127148
10678	0.02323028096319292
10719	0.01051375917629055
10769	0.0202795966026056
10772	0.021140700153565003
10794	0.010039439714759195
10813	0.018511554965127148
10815	0.01139586153008738
10817	0.013797127338705991
10833	0.014704674170544108
10922	0.015062660439282503
10936	0.013797127338705991
10986	0.016405595420367538
11037	0.03918833406937727
11055	0.013537491711261748
11062	0.019014063502029086
11064	0.02633695921011179
11097	0.07977103071061166
11099	0.050591631185682974
11154	0.03462628450441131
11181	0.03918833406937727
11183	0.014704674170544108
11236	0.014076012235566546
11244	0.007687072056932235
11308	0.018511554965127148
11351	0.05267391842022358
11353	0.007333220060143396
11373	0.014223608563258007
11408	0.07404621986050859
11410	0.008352047145649953
11438	0.007009799448644218
11441	0.008717050765503881
11466	0.015459842940927034
11474	0.008613942289202745
11481	0.023728491128450244
11493	0.03805305080952246
11524	0.02633695921011179
11536	0.023728491128450244
11590	0.014666440120286792
11620	0.010348920096940648
11648	0.014704674170544108
11649	0.017313142252205656
11652	0.021120023046788696
11659	0.012477328969493207
11671	0.011256466928778764
11678	0.02323028096319292
11699	0.005172521747141051
11701	0.016985698953027088
11779	0.02402327139832338
11786	0.04646056192638584
11817	0.010348920096940648
11825	0.01255015622346649
11830	0.016684480317228096
11845	0.17671815805023347
11848	0.02633695921011179
11857	0.029074784464637186
11896	0.014879739408267482
11924	0.023728491128450244
11929	0.02633695921011179
11942	0.012271271326605935
12026	0.019594167034688637
12148	0.028228264022486595
12353	0.014537392232318593
12365	0.023857848301314093
12400	0.015459842940927034
12428	0.013537491711261748
12437	0.021733640328721222
12439	0.02633695921011179
12452	0.03919942431621332
12478	0.014223608563258007
12485	0.007357420940755328
12486	0.09797083517344318
12494	0.02633695921011179
12514	0.012957388178602196
12532	0.006753116527483845
12537	0.02402327139832338
12561	0.02633695921011179
12582	0.020485813555207875
12590	0.016145959792923294
12601	0.019014063502029086
12610	0.008682366428129161
12624	0.018511554965127148
12631	0.009044494064682447
12646	0.011122051784320687
12662	0.05044642234748203
12664	0.012454879641700254
12676	0.008045174477545918
12718	0.05913694275776013
12737	0.0202802838866849
12749	0.014153604477531723
12839	0.008787393448425832
12869	0.0338993040062251
12903	0.02633695921011179
12958	0.013182464945987706
12963	0.09710548692671075
12964	0.08885450902329049
13018	0.02633695921011179
