125
t_index	tf-idf
53	0.06153957968663684
202	0.04330020071762727
230	0.0625318736527139
413	0.01958204317338055
478	0.021073897757230425
579	0.04689471255515164
659	0.03872611794873432
949	0.06333120554675521
1075	0.08256742754733776
1184	0.11747122138008674
1290	0.05114889715408326
1560	0.04194112069115869
1563	0.050515419078027576
1645	0.10715143727081672
1690	0.08619835646806735
1811	0.08059041847488041
1862	0.058272072684967285
1901	0.07576162403898425
1964	0.04846947694459286
2173	0.05828063666582899
2232	0.04477909677635509
2275	0.039353674283060955
2287	0.034766397348607
2341	0.1058366234358371
2406	0.03669785638834335
2509	0.029398994881132713
2805	0.052492428150484924
2911	0.041033592825382374
2925	0.06718732565211537
2969	0.07882192359636503
3046	0.09903081992748358
3114	0.19806163985496716
3237	0.05147483315747548
3314	0.038270383798137506
3482	0.05929823165883842
3675	0.08739622198323392
3730	0.11656127333165799
3888	0.066368374122533
3980	0.08955819355271018
4124	0.07882192359636503
4191	0.05878172392901379
4197	0.052146329770185594
4307	0.041033592825382374
4375	0.08059041847488041
4422	0.05449244637905648
4606	0.04792797266992983
4973	0.05732122258638108
5054	0.028205637268976156
5072	0.04568662464213141
5110	0.03197172390402022
5178	0.08739622198323392
5246	0.02086007095784549
5257	0.0709328296030881
5294	0.1269549946466039
5304	0.04640099529285667
5524	0.03656194328335101
5675	0.06394344780804044
5747	0.052146329770185594
5765	0.027091520004484653
5899	0.05020742554214491
6309	0.053206798801210174
6350	0.066368374122533
6442	0.028962991750507372
6452	0.0731741776308865
6487	0.11747122138008674
6608	0.052146329770185594
6892	0.062150017022277244
7039	0.03116748975964808
7183	0.022830441637194002
7288	0.09420202549158743
7341	0.027960593840253498
7362	0.024069762775765217
7405	0.13238780053903446
7416	0.04766363371458877
7604	0.026192098961738127
7616	0.03040003372278483
7884	0.04846947694459286
7912	0.018486451349132686
8040	0.07882192359636503
8270	0.04175564723763202
8312	0.03452487984716479
8393	0.09903081992748358
8494	0.06038152214376187
8623	0.026265237102539862
8653	0.4289727034312989
8661	0.11747122138008674
8704	0.11747122138008674
8794	0.011649933876569957
8836	0.06857357648318524
8961	0.05828063666582899
9002	0.04592138618584228
9142	0.13437465130423074
9143	0.055977691589979416
9164	0.050515419078027576
9215	0.04017262581264333
9344	0.0731741776308865
9371	0.07576162403898425
9374	0.09910329511461695
9499	0.03382050334782555
9502	0.0904565215406147
9516	0.04121121540095633
9806	0.0360290357703391
9807	0.09844931799713488
9949	0.029398994881132713
10093	0.043503659896696856
10103	0.020966643866701617
10172	0.041033592825382374
10288	0.49515409963741785
10711	0.09903081992748358
10798	0.12307915937327368
10922	0.03359213007317634
11018	0.053206798801210174
11160	0.041033592825382374
11186	0.02845431110254847
11419	0.10946755235656669
11634	0.027014699839472044
11703	0.044343093645729754
11739	0.04766363371458877
12033	0.062150017022277244
12060	0.08480877557513618
12148	0.01798672040906744
12391	0.023192725702672872
12492	0.11747122138008674
12504	0.044129266846344814
12776	0.07312388656670202
