261
t_index	tf-idf
47	0.04504833099310968
129	0.02114431957104321
157	0.024203891863444668
168	0.0340700707227312
208	0.015629377659482524
371	0.055356123457813364
376	0.017814128260436362
442	0.06566391592251704
668	0.10112654580934075
684	0.05579164814578758
915	0.05056327290467037
1007	0.032305659933910776
1166	0.038037549245855416
1243	0.05916042296289583
1267	0.13132783184503408
1300	0.0350946393084625
1319	0.0315340562862342
1368	0.05916042296289583
1398	0.06566391592251704
1458	0.02635424132209345
1500	0.017532348613650415
1537	0.023980487093885457
1538	0.041598132268083725
1560	0.0234441950156418
1593	0.06566391592251704
1616	0.02071869021123195
1649	0.055356123457813364
1671	0.03439931703251501
1710	0.5797933090860559
1715	0.04740630295175745
1727	0.04405977994504916
1786	0.024203891863444668
1807	0.04885263049819215
1832	0.024091524567811332
1845	0.01903435915462482
1919	0.029741469629268658
1921	0.07781151037255861
1958	0.03257763715211091
1976	0.030374241293271195
1996	0.015186722126574986
2078	0.013783732103107653
2156	0.05916042296289583
2170	0.03624496258888987
2173	0.03257763715211091
2177	0.05916042296289583
2251	0.02208765338922008
2287	0.019433677164564983
2298	0.027248494520724264
2316	0.03129033980338005
2369	0.03755628698542794
2422	0.09009666198621936
2423	0.038037549245855416
2505	0.03105279402580672
2506	0.08633105349283669
2545	0.07194146128165638
2580	0.0315340562862342
2591	0.020667137570319655
2645	0.04504833099310968
2738	0.0402554804399667
2754	0.028237045568784796
2781	0.017814128260436362
2794	0.04648312352875765
2805	0.029342151619328495
2816	0.044356613638954843
2821	0.02254994181701099
2835	0.03059501752743255
2900	0.04959810153839577
3041	0.10069732602584261
3042	0.06534066280034424
3088	0.06566391592251704
3209	0.03285773428171467
3224	0.055356123457813364
3330	0.03285773428171467
3403	0.012761731618402725
3406	0.05916042296289583
3432	0.016940702056020586
3488	0.03178427263567411
3489	0.04885263049819215
3533	0.04884244526300415
3767	0.05056327290467037
3771	0.023237976669647446
3846	0.029741469629268658
3946	0.015361286362663804
3961	0.04504833099310968
3980	0.025030563326612985
4013	0.0418053906148128
4078	0.05449698904144853
4135	0.01683702633770291
4188	0.05916042296289583
4195	0.029148689980997844
4202	0.055356123457813364
4235	0.02994768797526302
4247	0.015230059649542356
4310	0.013206161660698117
4311	0.04504833099310968
4423	0.0245493010661855
4487	0.023655047867554693
4595	0.020982547338676372
4669	0.03285773428171467
4706	0.027093407402314126
4716	0.04957369368751767
4726	0.10112654580934075
4744	0.05056327290467037
4787	0.04405977994504916
4841	0.07929988816806435
4844	0.03666203378679713
4876	0.052656930003274614
4912	0.06566391592251704
4949	0.03705414073398354
4972	0.05690828311465361
4984	0.024667322207751485
4994	0.06566391592251704
5082	0.03059501752743255
5090	0.05916042296289583
5110	0.017871514109305008
5411	0.08180561998427245
5426	0.05916042296289583
5441	0.052656930003274614
5446	0.3064542253709524
5467	0.04885263049819215
5618	0.03375198748034548
5778	0.020745001561103045
5938	0.14479568463601247
5949	0.0402554804399667
5987	0.04405977994504916
5995	0.022269844687407222
6009	0.058919686531678034
6069	0.03908113011173212
6145	0.07332406757359426
6338	0.055356123457813364
6417	0.025537852114246033
6458	0.03178427263567411
6526	0.039701496724944475
6554	0.06566391592251704
6575	0.03439931703251501
6585	0.01804580810656429
6669	0.08082252641314011
6671	0.019850748362472238
6679	0.026497489250237063
6681	0.04885263049819215
6771	0.041598132268083725
6796	0.020982547338676372
6920	0.0948126059035149
7047	0.13106573789970274
7135	0.02036198686897704
7260	0.06566391592251704
7280	0.1048525903197622
7314	0.03584564457894972
7331	0.021561390768950462
7416	0.05328591632957948
7439	0.03089960341644555
7673	0.05916042296289583
7717	0.01614170406175541
7817	0.038037549245855416
7834	0.06566391592251704
7913	0.007430363258849719
7924	0.040902809992136226
7958	0.055356123457813364
8248	0.06566391592251704
8313	0.06566391592251704
8399	0.0691160143808394
8502	0.03257763715211091
8540	0.04885263049819215
8551	0.013971765591422106
8553	0.08144794747590817
8561	0.043165526746418346
8623	0.01468170927759259
8630	0.02664295816478974
8669	0.05056327290467037
8674	0.03546262988682371
8687	0.04405977994504916
8689	0.04740630295175745
8742	0.03624496258888987
8791	0.03204134507386725
8871	0.03584564457894972
8893	0.022178306819477422
8995	0.03755628698542794
9045	0.015361286362663804
9076	0.044724568841543196
9149	0.038037549245855416
9234	0.03908113011173212
9241	0.019993996290615844
9242	0.038199486183970066
9265	0.039649944084032177
9299	0.033444335097334583
9380	0.055356123457813364
9449	0.06223500468330914
9528	0.01443904341419436
9659	0.0700215578919724
9689	0.029342151619328495
9699	0.04504833099310968
9939	0.0340700707227312
10001	0.08471113670635438
10068	0.10061934968848014
10158	0.06153996514492535
10159	0.04885263049819215
10167	0.028412425572994917
10198	0.0315340562862342
10201	0.033444335097334583
10204	0.016582740935633427
10213	0.0291191836877351
10276	0.03129033980338005
10280	0.041598132268083725
10342	0.030374241293271195
10358	0.023237976669647446
10416	0.039649944084032177
10456	0.04885263049819215
10477	0.03178427263567411
10622	0.043165526746418346
10656	0.052656930003274614
10678	0.028959136927202492
10681	0.06367879146459159
10706	0.052656930003274614
10760	0.02694084213771337
10809	0.04740630295175745
10878	0.020437349178092153
10894	0.01804580810656429
10922	0.03755457343286335
10953	0.019639895510559346
11008	0.02635424132209345
11037	0.04885263049819215
11054	0.03285773428171467
11066	0.023980487093885457
11099	0.0315340562862342
11223	0.04504833099310968
11234	0.027093407402314126
11237	0.022455643967581273
11240	0.032305659933910776
11273	0.055356123457813364
11275	0.05916042296289583
11319	0.055356123457813364
11353	0.018283353884137616
11359	0.0402554804399667
11407	0.04504833099310968
11438	0.017476994134264238
11441	0.021733552609163577
11519	0.020982547338676372
11659	0.023331573906864203
11767	0.0644294405129113
11784	0.02994768797526302
11894	0.0350946393084625
12150	0.052994978500474126
12275	0.023237976669647446
12391	0.02592848142145003
12532	0.03367405267540582
12568	0.02254994181701099
12626	0.03089960341644555
12631	0.02254994181701099
12676	0.010029207553177374
12711	0.06566391592251704
12737	0.05056327290467037
12745	0.055356123457813364
12757	0.06566391592251704
12774	0.02994768797526302
12776	0.020437349178092153
12790	0.033444335097334583
12840	0.019099743091985033
12869	0.014086421483071696
12887	0.022455643967581273
12913	0.06164222835935759
12993	0.0402554804399667
