36
t_index	tf-idf
114	0.09634682423618086
327	0.3608478193914297
742	0.1314719172430227
803	0.3251086890039578
1252	0.11530695886875128
1283	0.15238540263941294
1353	0.17753170485458808
2160	0.06850498186571898
2948	0.13490760690802814
3432	0.09309550473791806
5110	0.09821066570527918
5443	0.17466648630976211
5450	0.3608478193914297
5802	0.07049878854432676
6161	0.14179257446711613
6184	0.09615049034387792
6396	0.15812027048151026
6646	0.08298369093351377
7362	0.07393744024165069
7589	0.061531193154303075
7898	0.13823525605187517
7913	0.08166525987898593
8388	0.23721074170640818
8490	0.19698524675648688
9374	0.10147508900898329
9846	0.2778641284579159
9856	0.07698925788072337
10481	0.10284101434949959
10894	0.0991684765205562
11167	0.11027265433366096
11244	0.21064414969999984
11554	0.14722503284304786
11843	0.13363443935325037
12291	0.07891099582576577
12963	0.07826242543550115
12964	0.22134781335825218
