66
t_index	tf-idf
129	0.06521519592156806
202	0.07465180161676462
214	0.24831908494275132
413	0.03376046249215237
493	0.1098878458370729
606	0.1559517551668891
631	0.10609744107896671
710	0.06471624357680116
1289	0.12053750646879566
1563	0.08709121392283664
1763	0.09173129276405591
2063	0.08081896490145285
2104	0.08990298891297142
2406	0.25307606426386525
2461	0.07644980335084295
2581	0.07644980335084295
2752	0.1071498668443083
3297	0.2778841590796435
3729	0.15067563931386352
3738	0.11888342661835008
3815	0.07917086190588413
3993	0.06471624357680116
4074	0.07135978794044938
4087	0.16526064306176627
4252	0.08452860974279178
4310	0.1221948642774656
4380	0.08042020062585234
5042	0.10223324032349033
5175	0.15067563931386352
5498	0.13894207953982174
5600	0.03815072141214191
5671	0.09173129276405591
5802	0.03956757524493593
6076	0.13589310224541745
6439	0.08452860974279178
6483	0.13061698639239186
6557	0.05639115042937128
6869	0.14235054616643364
7121	0.09236732977586222
7162	0.11307631386556652
7192	0.24107501293759132
7498	0.08818336312488473
7592	0.11888342661835008
7913	0.06875216685022857
8270	0.2159667328766684
8295	0.09506122876147977
8382	0.13061698639239186
8620	0.07105028211209942
8797	0.0928858223602707
8836	0.11822441796882494
9241	0.06166726628239688
9246	0.18246785200937699
9374	0.05695308107776877
9781	0.04978568307002811
9969	0.16169785453753036
9988	0.1559517551668891
10094	0.05620623913506582
10103	0.036147586213594166
10164	0.06257166860941148
10172	0.1414881030783082
11050	0.05290035510115154
11240	0.09963999715795051
11841	0.03524034830585153
11979	0.1559517551668891
12582	0.07876612077540676
12751	0.2346376026062272
