173
t_index	tf-idf
102	0.055708467970520086
129	0.030967232982557307
202	0.07089635170349766
214	0.05895677264150065
413	0.0320621012578331
446	0.04618367900749199
493	0.02608995093781936
556	0.03359259287939208
606	0.07405320597518293
631	0.10076007992667575
656	0.04618367900749199
745	0.03818728218312604
1055	0.08664429210328285
1134	0.082709984204472
1157	0.07154785876960057
1289	0.05723686010918224
1417	0.05249828084354437
1544	0.07405320597518293
1560	0.06867110068958053
1584	0.0489814067284635
1613	0.04854513625117045
1851	0.08664429210328285
2004	0.04187359575455366
2040	0.195925626913854
2042	0.08664429210328285
2063	0.17269485371707916
2109	0.09542414229230828
2230	0.055003628049126736
2378	0.05193733088405492
2406	0.330474050832126
2420	0.0508797810652641
2697	0.055708467970520086
2818	0.025355816179499516
2848	0.030268368867217028
2849	0.027043993441817675
2953	0.05895677264150065
2998	0.03330630407009959
3239	0.04416914704070779
3363	0.18055811545550224
3433	0.02421321655163667
3729	0.07154785876960057
3730	0.04771207114615414
3738	0.11290285087183656
3780	0.029282509626453755
3815	0.037594037577038907
3839	0.048573008019270565
3923	0.030967232982557307
3943	0.07405320597518293
3993	0.0614606140264906
4008	0.0853856573309248
4024	0.06092317368060986
4087	0.039236751222029506
4088	0.04448505442025603
4135	0.024658921540664888
4252	0.04013814747631532
4310	0.05802385131071552
4380	0.03818728218312604
4381	0.07405320597518293
4422	0.0446108283523596
4423	0.035954050123070534
4748	0.08594698376103253
5016	0.05806992521419855
5315	0.01811575142461106
5446	0.03740184750986208
5498	0.06597621439894638
5627	0.08538030942495439
5671	0.08711663822131442
5777	0.05990482892636596
5810	0.05712364684661836
5851	0.045478839086098635
5852	0.07480369501972416
5886	0.055003628049126736
5904	0.05193733088405492
5909	0.040855251000309775
5911	0.044808395592683695
6019	0.06202306980657246
6052	0.07847350244405901
6073	0.04513952886387556
6076	0.06452841701215484
6184	0.02562494160568996
6229	0.08107264773262866
6407	0.061226717026574444
6460	0.0385975026700536
6483	0.06202306980657246
6497	0.03684089755037265
6526	0.029072713707025508
6536	0.08664429210328285
6600	0.16108180801120767
6645	0.049431983678472555
6670	0.02731610858734455
6697	0.07154785876960057
6841	0.13885923577878814
7003	0.18606920941971739
7121	0.043860339307818366
7162	0.05369393600373589
7192	0.11447372021836448
7225	0.06092317368060986
7318	0.07405320597518293
7362	0.01970497063395502
7562	0.05251711753710743
7604	0.021442444019529206
7787	0.20278414253167995
7909	0.12184634736121971
8047	0.04355831911065721
8184	0.055003628049126736
8204	0.049431983678472555
8270	0.06836742100738598
8285	0.05806992521419855
8290	0.04513952886387556
8295	0.04513952886387556
8354	0.05990482892636596
8382	0.06202306980657246
8433	0.031578060912607876
8522	0.06597621439894638
8620	0.033738005514664764
8631	0.14309571753920114
8794	0.028612031667773343
8797	0.022053271949579782
8798	0.03038240575241636
8836	0.08420774584203244
8910	0.06202306980657246
8980	0.04297349188051627
9369	0.03288775295799873
9374	0.1081759737672707
9424	0.08664429210328285
9438	0.055003628049126736
9456	0.08171050200061955
9457	0.03647926178984711
9465	0.055708467970520086
9491	0.07405320597518293
9543	0.04214042677549995
9592	0.06759471417722665
9656	0.04110284987563598
9708	0.11000725609825347
9954	0.0383908616962947
9988	0.07405320597518293
10020	0.04655013714595874
10063	0.027972817581062907
10094	0.05337871573558443
10103	0.01716456890476412
10107	0.06806706029525823
10172	0.2687407430351366
10204	0.048573008019270565
10218	0.06759471417722665
10415	0.10499656168708874
10536	0.04692663647289018
10715	0.030043095530193274
10772	0.0385975026700536
11050	0.02511956911465159
11203	0.07154785876960057
11206	0.06202306980657246
11210	0.01918831707967546
11240	0.04731374279826606
11244	0.028069248614010812
11474	0.03145370381227646
11531	0.08664429210328285
11551	0.08664429210328285
11590	0.026777162420871383
11634	0.022115875091128008
11732	0.06942961788939407
11841	0.03346753961105123
11843	0.03561473990084746
11979	0.14810641195036586
12098	0.08664429210328285
12152	0.08107264773262866
12382	0.05895677264150065
12582	0.03740184750986208
12676	0.01468842758860857
12749	0.025840855915090895
12751	0.055708467970520086
12762	0.041354992102236
12785	0.027972817581062907
12885	0.04297349188051627
