33
t_index	tf-idf
988	0.18261729330425913
1829	0.150429188865495
1862	0.08729605763347323
2040	0.17926331886834057
2063	0.1404517196604651
2218	0.13221808816610825
2347	0.10678345274926915
2406	0.3298573095507742
2461	0.1328587462289715
2528	0.351961893214621
2583	0.23581935290860342
2717	0.20660227123715386
3251	0.1703653005480505
4088	0.1628074616072586
4310	0.1415713819347094
4380	0.13975872478833892
4851	0.16520272276274456
5315	0.1326009170039824
5909	0.14952302060485068
6430	0.0910831886921492
6625	0.18810903247479127
6794	0.21924111957650583
7015	0.1208688227360673
7362	0.07211672081261952
7677	0.057938770432874355
8270	0.25021271561666253
8571	0.17926331886834057
8794	0.0698099966076931
8836	0.1027285045646542
9443	0.1383009132142939
9733	0.2822437942429659
10172	0.12294297144907071
12869	0.07550392790541599
