227
t_index	tf-idf
93	0.16051016584169914
105	0.02788666820952998
129	0.02237380379072566
214	0.0851924525486892
348	0.020930085346331926
493	0.018849970984531412
556	0.04854124889547551
606	0.10700677722779942
617	0.03168906393478949
628	0.04883713288634158
631	0.14559817207350043
632	0.06948209262751974
656	0.033367675214298405
710	0.02220262494651636
745	0.027590284199675984
979	0.026486021967239013
1040	0.013122559859056368
1082	0.03676060560885442
1157	0.05169327704090525
1357	0.05571878613340097
1500	0.01855180662373341
1518	0.11143757226680194
1560	0.024807410687730104
1573	0.0319121773020257
1636	0.01941032748795624
1829	0.029696779782524444
1839	0.02386115911703426
1915	0.06260043938046037
1917	0.017080299903349246
2040	0.03538903150157627
2063	0.11090836347095173
2218	0.026101659373076336
2230	0.03974008211978094
2232	0.026486021967239013
2348	0.036399543018375106
2386	0.015492150543666273
2406	0.04341223027819015
2461	0.052456268078024164
2485	0.07585994109357296
2487	0.026101659373076336
2509	0.034777942401356746
2561	0.03974008211978094
2701	0.06260043938046037
2717	0.040786114701350136
2740	0.036399543018375106
2811	0.026101659373076336
2818	0.018319559144124108
2900	0.03498806345234738
2953	0.0425962262743446
3199	0.033367675214298405
3264	0.03418414549887385
3284	0.058574930287964636
3328	0.04401694962562657
3335	0.03104831729972709
3363	0.09783983243595054
3403	0.013503791328006073
3432	0.01792575744067072
3433	0.01749403172617369
3488	0.033632440958534834
3552	0.04662173536684032
3609	0.030643031353220294
3660	0.06260043938046037
3665	0.06948209262751974
3729	0.3101596622454315
3769	0.03168906393478949
3815	0.02716166539398624
3881	0.03974008211978094
3992	0.06948209262751974
4008	0.04112738443546239
4013	0.02211812973852811
4020	0.02788666820952998
4074	0.04896373832404233
4083	0.033959011739949745
4087	0.028348524833383664
4088	0.06428084031784029
4204	0.0425962262743446
4310	0.055896255035741596
4380	0.027590284199675984
4389	0.02254798592528915
4422	0.016115645867676255
4466	0.0605072862630156
4619	0.040786114701350136
4682	0.05350157542295089
4684	0.06948209262751974
4706	0.028668814771023763
4716	0.052456268078024164
4748	0.03104831729972709
4851	0.032613277478650185
5054	0.016683121860120876
5117	0.01243305751134238
5239	0.03713529637856718
5246	0.012338352878957563
5315	0.039265852534268154
5404	0.06948209262751974
5454	0.06260043938046037
5455	0.05350338861389971
5498	0.047667767948409524
5509	0.05350338861389971
5600	0.039265852534268154
5623	0.0483333281053354
5671	0.03147085455728631
5698	0.035714573027285215
5716	0.04401694962562657
5778	0.021951266533166442
5802	0.02714941364493211
5856	0.01903326468931983
5863	0.05016284951249388
5909	0.02951788977131572
6052	0.08504557450015099
6057	0.03792997054678648
6081	0.04481162379384586
6085	0.06260043938046037
6140	0.06260043938046037
6407	0.06635438921558433
6417	0.027022808207231363
6449	0.02211812973852811
6460	0.02788666820952998
6476	0.047667767948409524
6477	0.05571878613340097
6478	0.06948209262751974
6497	0.026617522260724575
6585	0.01909512237860278
6606	0.023761378106160906
6671	0.0210050149624706
6697	0.05169327704090525
6794	0.043281196265434495
6841	0.10032569902498777
7003	0.04481162379384586
7015	0.02386115911703426
7021	0.058574930287964636
7121	0.03168906393478949
7162	0.07758766109817018
7192	0.04135359069379476
7198	0.017336854928706135
7225	0.08803389925125314
7293	0.06260043938046037
7308	0.04135359069379476
7362	0.056947309036548314
7562	0.01897179002223992
7589	0.011847975330540782
7619	0.04474760758145132
7654	0.05350338861389971
7677	0.011437905897064723
7876	0.05350338861389971
7912	0.010934400016481943
7913	0.007862418513338727
7996	0.011380683104573418
8012	0.026617522260724575
8082	0.03147085455728631
8158	0.05350338861389971
8270	0.19758165208480574
8285	0.0419554796392822
8351	0.03147085455728631
8399	0.008126102349764722
8433	0.02281512653546506
8455	0.03713529637856718
8551	0.014784185459464621
8570	0.0419554796392822
8571	0.07077806300315254
8572	0.07352121121770884
8620	0.024375684973233072
8623	0.015535410424802169
8712	0.06260043938046037
8721	0.02424165305526561
8766	0.04135359069379476
8783	0.02131051989810404
8794	0.020672172516975226
8797	0.015933473288405674
8798	0.021951266533166442
8836	0.12168007288156114
8850	0.03507382639222281
8864	0.03476832145658937
8921	0.057337629542047526
8957	0.01915736789292192
9143	0.03310978728607147
9241	0.042313184729894315
9242	0.02021034079425131
9317	0.03147085455728631
9390	0.06260043938046037
9449	0.043902533066332884
9541	0.03792997054678648
9582	0.058574930287964636
9661	0.11143757226680194
9697	0.0289997829855875
9733	0.22287514453360388
9969	0.02773737025305417
9988	0.535033886138997
10094	0.019283042064842906
10107	0.024589201310226922
10172	0.19416499558190203
10204	0.017546981862419497
10219	0.021156592364947158
10446	0.05350338861389971
10481	0.019802278137612404
10498	0.058574930287964636
10575	0.06948209262751974
10586	0.03925568717293877
10796	0.03541509612633507
11050	0.018148870807906933
11099	0.033367675214298405
11119	0.03310978728607147
11210	0.013863545433868966
11229	0.0302536431315078
11240	0.03418414549887385
11318	0.025731624231590797
11403	0.06260043938046037
11437	0.027022808207231363
11472	0.047667767948409524
11474	0.022725278618979723
11658	0.0425962262743446
11767	0.022725278618979723
11841	0.024180273550361064
11843	0.05146324846318159
11942	0.03237403392587939
11979	0.05350338861389971
12275	0.024589201310226922
12461	0.058574930287964636
12470	0.03507382639222281
12582	0.027022808207231363
12626	0.016348165324685353
12676	0.010612378479114304
12681	0.04401694962562657
12749	0.0373400000157787
12751	0.040249328461357786
12839	0.06954863095625292
12842	0.032613277478650185
12913	0.032613277478650185
