124
t_index	tf-idf
208	0.0322707209825096
430	0.15139569709831194
478	0.024322440303769746
535	0.0724615744644246
579	0.05412353518198982
701	0.07102590942075528
708	0.05168179710969432
744	0.04416976565301928
755	0.10440039951809123
784	0.07958536421570568
998	0.0509317958587461
1387	0.09121086139337722
1447	0.048192282651372466
1611	0.10872327311767542
1655	0.11429642649249255
1667	0.08311740912517238
1669	0.03738149888354006
1720	0.06952842153500892
1813	0.05759783753688728
1917	0.06665709144767026
1964	0.11188209918455415
2078	0.028459928634917545
2322	0.07401221084088856
2406	0.1270644991587595
2453	0.07401221084088856
2583	0.18168018171300893
2727	0.045792607154873904
2760	0.056918026988505795
2794	0.03199197354438424
2805	0.06058413895702056
2924	0.13991309985807007
2963	0.06460665595537372
3041	0.04158291369833544
3314	0.04416976565301928
3403	0.052699511046913984
3505	0.04560543069668861
3609	0.05979331026690308
3723	0.1485409639894271
3938	0.07173044570665482
4076	0.06411618386648725
4134	0.19576410637698255
4185	0.06615729233183769
4332	0.029895593678586876
4346	0.05866448927645893
5042	0.06843905746607143
5049	0.14644276430154213
5078	0.04997492913879195
5117	0.024260447890179736
5135	0.10440039951809123
5236	0.09301343609957367
5272	0.056918026988505795
5363	0.09301343609957367
5387	0.08744028272475655
5487	0.04715606707315256
5670	0.08445398130462327
5689	0.11063214480530707
5694	0.1909134703375161
5717	0.08588964634829259
5802	0.02648813191690512
5835	0.2220366325226657
5987	0.09097232763422324
6009	0.04055142833933465
6066	0.056261265357436384
6073	0.12727564689167742
6087	0.13851742343107498
6144	0.07853794087743031
6375	0.06726460014659454
6454	0.02900567212425096
6598	0.11958662053380616
6688	0.11429642649249255
6784	0.10872327311767542
6811	0.08069267203046254
6818	0.12215134500154343
6991	0.10872327311767542
7064	0.056918026988505795
7097	0.06843905746607143
7176	0.04084057718051017
7234	0.12921331191074745
7498	0.059033502580556604
7619	0.04365768440102715
7662	0.05044745531373595
7815	0.0532749639373031
7912	0.10668069441818233
8061	0.10086835460862455
8399	0.01585634767850832
8407	0.11429642649249255
8435	0.056261265357436384
8532	0.09529520123380743
8617	0.12723338203489173
8836	0.2374325916793464
9215	0.04636523838303508
9391	0.04658926960566434
9397	0.05830237382278682
9596	0.07853794087743031
9655	0.07853794087743031
9656	0.0579469030657038
9679	0.07322138215077106
9899	0.05562604081887485
10103	0.02419865321987166
10219	0.08256511419420887
10271	0.07173044570665482
10281	0.12215134500154343
10350	0.07754425575035524
10373	0.07958536421570568
10481	0.03863990305088854
10717	0.06615729233183769
10796	0.06910497223348668
10804	0.11317372630288836
10846	0.09301343609957367
11015	0.16237060554596947
11160	0.04735892351011014
11244	0.1187162958396732
11503	0.1420767705303304
11594	0.04560543069668861
11659	0.016057937559111248
11904	0.03678167967810271
11907	0.09788205318849127
12148	0.020759374390532034
12239	0.0703460988723738
12257	0.062269776665287976
12614	0.08186712934993942
12662	0.10387678351570442
12676	0.020707782848148323
12910	0.060184689491571124
