171
t_index	tf-idf
66	0.03643298427595515
73	0.022423357483669294
102	0.044963378854221636
105	0.031152788769901782
111	0.029883872563854226
123	0.06543529749635302
200	0.024803023433964896
212	0.029443115704549754
413	0.012938970126419966
423	0.034012351141806146
446	0.07455147598725963
447	0.059769770681790554
546	0.030821691903672253
659	0.02558854961223058
745	0.030821691903672253
804	0.04148462753947259
1162	0.035156759390008376
1312	0.056037983570409164
1319	0.037275737993629814
1433	0.037571513424446056
1563	0.03337841166966167
1641	0.09670068541963465
1690	0.028478079366175746
1800	0.022812552551613283
1862	0.03850367405482545
2008	0.023720122847715887
2023	0.0378753932921196
2068	0.13986455823762192
2079	0.05774765663576119
2167	0.028217104470173823
2209	0.028745343415363323
2293	0.030821691903672253
2478	0.06993227911881096
2498	0.010868176025593961
2509	0.01942558869601759
2512	0.06224463825821913
2531	0.03918171567644364
2548	0.05325067501330325
2581	0.029300005056422832
2695	0.04027350678128151
2805	0.06936946810797143
2848	0.024430184247683968
2924	0.02002524399450738
2960	0.05774765663576119
2976	0.027836807053205
3432	0.02002524399450738
3482	0.03918171567644364
3533	0.014433904221407801
3651	0.050060015775169366
3688	0.10205010422708674
3730	0.15403733105705633
3865	0.056037983570409164
3946	0.01815825025814194
3980	0.05917619426607597
3998	0.02569077080906984
4008	0.022972136906958613
4076	0.07341369620003015
4210	0.037571513424446056
4247	0.018003129948478015
4708	0.012745518919492747
4809	0.026109345818288943
5077	0.02834682432724369
5232	0.022733613276408184
5246	0.027566871604641434
5419	0.03220986647755714
5434	0.0428444002506002
5495	0.04148462753947259
5623	0.026997093193393884
5631	0.06983647151891588
5666	0.052082129821198725
5675	0.04225107429510879
5686	0.027349215509229613
5727	0.07761991997940278
5729	0.05946999780225715
5802	0.015164593026179847
5823	0.06993227911881096
5899	0.03317490281593115
5911	0.036165720226767575
6052	0.03166873860430964
6098	0.07761991997940278
6165	0.11953954136358111
6269	0.07761991997940278
6411	0.05774765663576119
6417	0.06037550486305555
6557	0.021612364195831003
6796	0.024803023433964896
6801	0.06936946810797143
6837	0.07761991997940278
6849	0.012809628469938219
7183	0.045256115467796336
7362	0.01590426181518199
7405	0.02915871752350437
7409	0.03540052571569103
7604	0.017306610092396153
7682	0.06517173184137938
7898	0.029734998901128577
7913	0.008783274549912066
7996	0.038140807731144304
8270	0.027590331991070804
8306	0.056037983570409164
8417	0.07180949066153129
8504	0.03491823575945794
8634	0.06543529749635302
8653	0.09448222444755548
8721	0.040621297499024295
8794	0.007697774183677479
8836	0.022655231880599876
8855	0.04237237491457754
8864	0.03884042963049361
8940	0.03989750733814897
8957	0.02140110216363326
9002	0.09102861822357511
9241	0.023634478241860372
9242	0.022577400534205014
9249	0.059769770681790554
9337	0.021827728658756384
9441	0.011141365239918835
9463	0.1315600832620782
9481	0.03297506098863368
9528	0.017068086461845725
9543	0.034012351141806146
9546	0.04556303415271143
9790	0.059769770681790554
9806	0.09522573582103998
9807	0.10841844347333575
10013	0.059769770681790554
10020	0.037571513424446056
10063	0.022577400534205014
10093	0.057490686830726646
10103	0.02770770917422147
10172	0.027113229556609414
10174	0.03297506098863368
10204	0.019602105758996503
10207	0.07476628148915158
10422	0.07701866552852817
10714	0.027349215509229613
10720	0.044963378854221636
10725	0.04027350678128151
10743	0.06543529749635302
10749	0.025386890941396293
10769	0.029883872563854226
10772	0.062305577539803564
10815	0.033585724646683024
10894	0.04266313275766285
11099	0.07455147598725963
11129	0.15523983995880555
11150	0.03698764591701465
11247	0.04917226840006442
11251	0.698579279814625
11373	0.04191962138417833
11451	0.07761991997940278
11562	0.07761991997940278
11659	0.018386505223368876
11822	0.06993227911881096
11841	0.013506148326020078
11843	0.1437267170768166
11860	0.050060015775169366
11904	0.0631731076643145
12064	0.06543529749635302
12148	0.023769699207032705
12280	0.12448927651643826
12351	0.07761991997940278
12353	0.0428444002506002
12409	0.03643298427595515
12504	0.05831743504700874
12552	0.06224463825821913
12676	0.011855313177682465
12776	0.02415855627109572
12815	0.07761991997940278
12962	0.06224463825821913
13043	0.07761991997940278
