129
t_index	tf-idf
67	0.21708934597690235
68	0.0906373399686761
232	0.05688241525246441
478	0.019287753417429984
495	0.06311138444405898
754	0.062280775228042706
785	0.1724356319875188
796	0.06697220945676849
999	0.05476007677007195
1119	0.08278976687524332
1513	0.08278976687524332
1546	0.04869719058290722
1613	0.05427233649422559
1681	0.03723567552718234
1765	0.062280775228042706
1829	0.04595203292417105
1964	0.0443613863153703
1988	0.05427233649422559
2235	0.05476007677007195
2275	0.07203640962727062
2406	0.03358748405827168
2539	0.06811069527506962
2618	0.0906373399686761
2623	0.06002857520919839
2727	0.036313647155197436
2781	0.029167960083354986
2794	0.15221826988274428
3042	0.24071742872647633
3172	0.06934035363565355
3272	0.025590759033206806
3350	0.0443613863153703
3352	0.058691860469142286
3360	0.07998884680216482
3403	0.08358167696968001
3410	0.05688241525246441
3505	0.03616521577553583
3632	0.1975203281707485
3723	0.03926444674182036
3725	0.07214127370873205
3771	0.03804869741639595
3801	0.05688241525246441
3819	0.06002857520919839
3855	0.0497332591666557
3937	0.08538499172067285
4020	0.04315111285109254
4100	0.06934035363565355
4110	0.08278976687524332
4152	0.06697220945676849
4223	0.3874652366410827
4247	0.0249369357529306
4466	0.14044112682614127
4512	0.10751480232678193
4598	0.07375987761057025
4766	0.09686630916027067
4890	0.10751480232678193
5049	0.05806473142370472
5117	0.019238593284970323
5236	0.07375987761057025
5289	0.07998884680216482
5371	0.10751480232678193
5375	0.10751480232678193
5612	0.050094747098662656
5778	0.03396682501760368
5802	0.02100515205386027
5835	0.058691860469142286
5909	0.04567522312374595
5998	0.10751480232678193
6009	0.032157379800925805
6102	0.0906373399686761
6184	0.05729618086859755
6197	0.10751480232678193
6407	0.13690009939246436
6430	0.027823441163154286
6501	0.07543661546080334
6526	0.03250261968458128
6557	0.02993624658394125
6591	0.025008223715117097
6692	0.0862178159937594
6984	0.05123323291696378
7064	0.1354083951918393
7425	0.07998884680216482
7589	0.03666650434564358
7605	0.09686630916027067
7662	0.04000495289435856
7815	0.042247174005229884
7912	0.219954920101084
8043	0.034620648297879884
8113	0.028170631720202555
8351	0.04869719058290722
8402	0.03723567552718234
8617	0.17656865922516135
8707	0.047416238257193453
8714	0.05806473142370472
8817	0.05476007677007195
8836	0.031380768982452706
9172	0.06591230451713748
9242	0.03127296132399736
9293	0.05688241525246441
9368	0.041187269065598886
9391	0.01847270119341077
9589	0.12797896438671794
9618	0.0451361317306131
9648	0.0443613863153703
9651	0.10751480232678193
9726	0.053799606017603814
9847	0.04595203292417105
10219	0.06547433331403951
10350	0.18447834162666235
10372	0.08196757779004034
10480	0.07963290649973251
10481	0.030641535668747343
10761	0.05476007677007195
10804	0.044873518014627356
10846	0.07375987761057025
10849	0.060743240265173915
11015	0.04292009303474447
11089	0.04903484215903164
11238	0.0760973948327919
11464	0.07067706837570965
11503	0.1126672193295123
11530	0.04098378889502017
11554	0.043865777907068075
11596	0.04869719058290722
11634	0.024725035451538604
11784	0.04903484215903164
11786	0.09483247651438691
12406	0.07556932282724813
12766	0.10751480232678193
12773	0.06311138444405898
