397
t_index	tf-idf
15	0.0343581967425207
81	0.011021349555188794
114	0.009699286359315162
169	0.03632674309878895
178	0.0493609333874218
188	0.0146590021510765
202	0.01339013291183745
203	0.03632674309878895
208	0.008646520376578377
220	0.022270229786273438
230	0.00966866302648802
304	0.03632674309878895
310	0.05005313265915693
333	0.014128109480156007
339	0.030624242364249002
366	0.10898022929636686
377	0.43592091718546744
386	0.029130988332420258
412	0.022283202832997045
413	0.0060555414624247255
453	0.019618717942837833
478	0.026067527379836256
499	0.016232732831511613
540	0.022628346934962296
546	0.01442479822127923
583	0.029977354732728983
586	0.08520424215131983
587	0.06673751021220924
605	0.03632674309878895
742	0.026470696541534697
744	0.011834714785409253
746	0.01473947879968287
748	0.024374853137629042
763	0.018337356182867217
778	0.007564039675132413
785	0.029130988332420258
853	0.03632674309878895
854	0.0726534861975779
946	0.023428487597880306
1002	0.027026364981064654
1039	0.021620552987647926
1044	0.05550645672537802
1134	0.01562136351198475
1140	0.3943746724182035
1279	0.03782019837566207
1309	0.015718387642637013
1319	0.01744534338957941
1341	0.022628346934962296
1351	0.021620552987647926
1397	0.027026364981064654
1424	0.03632674309878895
1428	0.01122334546588239
1433	0.017583768655838976
1458	0.029159508403393406
1500	0.02909785907794549
1501	0.027026364981064654
1560	0.01296985166854914
1616	0.005731020805513102
1630	0.030624242364249002
1653	0.032728865715604606
1690	0.013327968817237997
1721	0.041553951508889395
1800	0.010676456973802389
1808	0.01983061021469596
1921	0.02869804222223666
1995	0.01744534338957941
1996	0.008401633461150365
2003	0.014988677366364491
2043	0.030624242364249002
2083	0.018337356182867217
2099	0.029130988332420258
2160	0.013792866374640332
2185	0.020776975754444697
2196	0.020776975754444697
2224	0.011788575460645661
2232	0.02769493201279012
2323	0.014579754201696703
2342	0.0213238642465247
2344	0.04208644154552751
2366	0.07468940961235637
2423	0.021043220772763754
2498	0.005086393267848441
2517	0.029130988332420258
2622	0.029130988332420258
2636	0.03632674309878895
2806	0.013516740160629143
2811	0.013646512916369652
2836	0.02797273052081339
2839	0.04010304369131656
2849	0.010215551518568022
2888	0.03632674309878895
2951	0.03700430448358535
2969	0.024374853137629042
2972	0.008167781307969305
3005	0.03632674309878895
3042	0.009036978065142918
3083	0.013916217208297882
3089	0.01817763158488105
3125	0.026226224318146644
3134	0.013916217208297882
3143	0.03632674309878895
3232	0.0726534861975779
3251	0.017583768655838976
3255	0.021935233566051565
3268	0.0726534861975779
3285	0.03632674309878895
3288	0.030624242364249002
3289	0.017872211740171083
3336	0.04324110597529585
3344	0.0726534861975779
3350	0.014988677366364491
3351	0.021935233566051565
3403	0.00706007461608661
3408	0.047760264638842004
3452	0.01717909837126035
3459	0.019030469551777947
3472	0.016453644462473934
3488	0.017583768655838976
3496	0.009229756077863418
3569	0.015526119741445443
3581	0.02330513676422276
3611	0.022628346934962296
3635	0.016020840559653488
3737	0.016125705537504333
3739	0.029642445698133478
3801	0.019219240895169097
3846	0.016453644462473934
3851	0.017872211740171083
3863	0.025533110949235913
3885	0.023428487597880306
3888	0.02052372358360669
3923	0.011697509267682722
3933	0.05106622189847183
3946	0.025494618872040055
3980	0.02769493201279012
3993	0.03482403977991646
4072	0.01384746600639506
4086	0.01717909837126035
4135	0.0093146185652254
4255	0.013646512916369652
4275	0.032728865715604606
4287	0.00906408329571006
4307	0.02537841638957639
4325	0.021935233566051565
4332	0.016020271753575614
4414	0.019030469551777947
4415	0.0213238642465247
4546	0.032728865715604606
4604	0.0726534861975779
4619	0.0213238642465247
4666	0.017725986863340353
4739	0.032728865715604606
4800	0.032728865715604606
4831	0.013581220988076003
4844	0.020282254936236657
4891	0.08107909494319396
4936	0.020282254936236657
4949	0.02049917724642143
4980	0.012475130850341099
5007	0.07659933284770773
5054	0.008722297486739278
5062	0.03632674309878895
5091	0.015432592168593601
5117	0.006500271783238106
5200	0.061248484728498004
5209	0.018672352403089093
5232	0.010639512761910117
5238	0.040564509872473314
5240	0.032728865715604606
5246	0.03870454890000574
5279	0.008236837402224908
5310	0.007229043454910537
5315	0.013686025503136488
5600	0.006843012751568244
5615	0.03632674309878895
5631	0.016342013496450068
5671	0.016453644462473934
5682	0.029130988332420258
5715	0.0258249918968195
5765	0.008377768408266881
5782	0.032728865715604606
5841	0.07250848998030944
5973	0.02797273052081339
5979	0.0726534861975779
5981	0.020776975754444697
6052	0.014821222849066739
6055	0.024921741629709046
6137	0.03632674309878895
6169	0.029130988332420258
6184	0.00483976066065095
6243	0.032728865715604606
6313	0.3943746724182035
6432	0.006720462441929188
6436	0.026226224318146644
6439	0.015161714718143383
6442	0.017913002833073087
6454	0.007771692959528775
6501	0.01274413611326572
6511	0.018848323148480072
6521	0.01656772905173349
6563	0.01339013291183745
6591	0.03379878113880142
6669	0.014904274858608327
6671	0.010981876818512358
6685	0.03225141107500867
6765	0.10898022929636686
6796	0.011608013259972154
6799	0.04324110597529585
6849	0.00599500853314277
6920	0.026226224318146644
6952	0.03632674309878895
6969	0.01384746600639506
7015	0.012475130850341099
7020	0.01434902111111833
7022	0.032728865715604606
7023	0.024374853137629042
7155	0.032728865715604606
7156	0.05594546104162678
7176	0.02188540398424289
7198	0.01812816659142012
7406	0.04525669386992459
7409	0.01656772905173349
7416	0.01473947879968287
7419	0.023880132319421002
7430	0.01744534338957941
7431	0.03516753731167795
7457	0.02005152184565828
7458	0.06545773143120921
7468	0.03632674309878895
7469	0.05245244863629329
7472	0.03632674309878895
7516	0.015250445765295726
7532	0.021620552987647926
7562	0.019837725554889593
7575	0.019030469551777947
7616	0.0094008915738517
7617	0.014579754201696703
7619	0.011697509267682722
7703	0.03632674309878895
7767	0.01668437755305231
7797	0.013712636611327758
7803	0.03632674309878895
7885	0.023428487597880306
7897	0.011834714785409253
7898	0.013916217208297882
7911	0.03342480424949557
7912	0.005716741182041054
7913	0.004110642709055286
7986	0.03632674309878895
7996	0.011900135295142856
8009	0.009951003065015972
8058	0.15993562580685597
8113	0.0380727966487821
8159	0.018848323148480072
8216	0.01983061021469596
8231	0.030624242364249002
8312	0.010676456973802389
8333	0.032728865715604606
8343	0.025533110949235913
8345	0.026226224318146644
8361	0.011834714785409253
8391	0.03360741572535183
8399	0.00424850233047602
8432	0.024374853137629042
8529	0.05405272996212931
8617	0.008522632876268319
8655	0.016232732831511613
8664	0.030624242364249002
8665	0.10898022929636686
8674	0.019618717942837833
8717	0.021043220772763754
8721	0.0063370306616227275
8824	0.011608013259972154
8840	0.029130988332420258
8848	0.014821222849066739
8850	0.018337356182867217
8884	0.03883027469173542
8923	0.018672352403089093
8927	0.013145822413940118
8935	0.032728865715604606
8940	0.018672352403089093
8968	0.01122334546588239
8995	0.020776975754444697
9010	0.030624242364249002
9030	0.01941513734586771
9045	0.008498206290680018
9046	0.029130988332420258
9115	0.03632674309878895
9141	0.03632674309878895
9164	0.01562136351198475
9198	0.019522160841550756
9199	0.029130988332420258
9242	0.031699211849052326
9309	0.015161714718143383
9315	0.017725986863340353
9337	0.010215551518568022
9391	0.012482989431615518
9404	0.08774093426420626
9417	0.03632674309878895
9441	0.01564274401265968
9454	0.018848323148480072
9486	0.009518199162195526
9497	0.030624242364249002
9528	0.007988000918474509
9555	0.01744534338957941
9631	0.023013014729052053
9633	0.03632674309878895
9648	0.04496603209909347
9668	0.014200707025219972
9675	0.026226224318146644
9697	0.015161714718143383
9720	0.024374853137629042
9736	0.029130988332420258
9750	0.026226224318146644
9781	0.00892995077113564
9787	0.03370243498246422
9846	0.02797273052081339
9856	0.0077505497944152894
9878	0.032728865715604606
9905	0.058261976664840516
9939	0.018848323148480072
9942	0.022628346934962296
9950	0.11725063423185758
10001	0.0312427270239695
10093	0.013453050528955242
10103	0.006483714704260157
10107	0.025711534158579175
10258	0.038060939103555895
10276	0.017310513994512104
10402	0.032728865715604606
10478	0.013581220988076003
10584	0.035451973726680706
10681	0.011742842655039457
10688	0.01274413611326572
10719	0.014501697996061887
10720	0.021043220772763754
10744	0.034429792910161204
10749	0.011881267921299026
10833	0.020282254936236657
10922	0.010388013889470282
10925	0.03632674309878895
10953	0.010865228317193538
11015	0.029003395992123773
11017	0.013516740160629143
11050	0.01897724557336723
11063	0.03632674309878895
11070	0.022628346934962296
11073	0.01983061021469596
11096	0.024921741629709046
11099	0.01744534338957941
11167	0.011101207128135964
11179	0.02005152184565828
11235	0.021620552987647926
11244	0.031808488926106875
11315	0.027026364981064654
11438	0.00966866302648802
11441	0.012023486128800403
11474	0.011881267921299026
11492	0.012320174869923624
11493	0.017495608735675527
11605	0.030624242364249002
11644	0.012581065952895964
11659	0.004302515719618765
11760	0.03313545810346698
11776	0.016342013496450068
11777	0.014128109480156007
11779	0.01656772905173349
11802	0.01656772905173349
11841	0.006320985394260449
11883	0.01473947879968287
11974	0.027026364981064654
11975	0.03632674309878895
12026	0.027026364981064654
12030	0.024921741629709046
12148	0.005562204630322322
12150	0.0146590021510765
12331	0.029130988332420258
12353	0.02005152184565828
12413	0.027026364981064654
12437	0.029977354732728983
12452	0.3244081608803444
12485	0.010148139663817115
12486	0.05405272996212931
12557	0.0726534861975779
12582	0.04238432844046802
12601	0.026226224318146644
12617	0.02797273052081339
12636	0.011788575460645661
12776	0.01130639747542398
12810	0.032728865715604606
12838	0.029977354732728983
12839	0.012120510259452667
12846	0.024374853137629042
12869	0.0077929225999958
12958	0.027273992434811545
12963	0.055151041774752364
12964	0.04456640566599409
