39
t_index	tf-idf
114	0.10539744163397173
232	0.20884617130129288
567	0.15929226815192626
742	0.07191105588576442
1279	0.08219475130880713
2146	0.16769849575459692
2160	0.1498803906629858
2204	0.12151276786097824
2214	0.13848434744720273
2281	0.1775807363414403
2794	0.09314595944992199
2849	0.11100744478000198
2972	0.08875531887549336
4234	0.18130104053048504
4332	0.08704226241790594
6365	0.2383595466572754
7020	0.15592385450206514
7135	0.12240809088770829
7439	0.09287800566154744
7898	0.15122078435890318
8240	0.2383595466572754
8398	0.12240809088770829
9254	0.18528416554057503
9337	0.11100744478000198
9442	0.20679488464883447
9499	0.11364892519891247
9849	0.18392496323209445
9856	0.08422146633535987
10094	0.10955177259958418
10103	0.14091076741069325
10224	0.2383595466572754
10329	0.09790744924240206
11167	0.12063143483032025
11576	0.2936824030290105
11620	0.15511226976089956
11650	0.33277879192324805
12785	0.1148199880188332
12887	0.13499431688140565
12964	0.12107037997456274
