69
t_index	tf-idf
81	0.06262863090367786
412	0.06331196005495242
575	0.09163404673017407
638	0.12480865550126088
778	0.04298252646669898
908	0.08196866991077398
1351	0.12285842366367235
1447	0.07337503803401844
1616	0.03256642799799397
1964	0.08517290353706344
1998	0.07987589719697336
2406	0.12897448783094687
2583	0.069154175263162
2703	0.10610532411667413
2704	0.15895456417415632
2727	0.06972141817752324
2811	0.07754607693748511
2858	0.099919465536209
2924	0.05325608405919192
2939	0.13313198125616527
3262	0.1859812213136475
3272	0.09826740918691074
3403	0.04011875361263227
3723	0.07538688964773202
3724	0.10814031870723702
3789	0.099919465536209
4247	0.04787837801765003
5093	0.1051381646024782
5117	0.03693768356111609
5516	0.10814031870723702
5600	0.07777060653799167
5675	0.05618225587834665
5835	0.1126871043797161
6184	0.027501857423199775
6887	0.1490300724601354
7850	0.11662570927910233
7912	0.032485284281120075
8399	0.0482840840890542
8490	0.1126871043797161
8502	0.20482709357444634
8541	0.371962442627295
8617	0.19371886394223553
8678	0.0815380677744884
8836	0.12050079726815255
8957	0.05691510655742422
9374	0.11609939460321256
9656	0.0882269106686215
9899	0.08469328772602902
10063	0.1200868205168898
10219	0.06285465287159023
10419	0.111483030158216
10453	0.14509146756074914
10504	0.13569844468456183
10804	0.08615618533779427
10806	0.1032940815035288
11015	0.16481130313925646
11054	0.1032940815035288
11438	0.054942012771282835
11503	0.21631862754516393
11671	0.176453821337243
11714	0.09689160709650646
11971	0.11394243095552142
12098	0.1859812213136475
12426	0.09761993354480879
12662	0.158157333954366
12672	0.1490300724601354
12770	0.1490300724601354
12920	0.17402173500906365
12971	0.08240565156962823
