149
t_index	tf-idf
27	0.042454539987612165
76	0.18681675985093366
99	0.1268112110524969
111	0.046389120825740024
114	0.03217108999877995
126	0.11067919678799307
131	0.05786360887332408
493	0.03268814327990836
498	0.04915979140170126
499	0.053841560038813296
554	0.029884874929573767
576	0.07072808559135575
643	0.03591128581923938
705	0.10768312007762659
710	0.03850205318816495
742	0.06584952200763518
1040	0.022756115498746052
1097	0.11664548977903634
1279	0.02508879438427147
1283	0.050882886298310254
1443	0.08266170965513389
1616	0.019008943471595822
1677	0.12749472603268386
1827	0.08084776188142932
1829	0.05149782953404245
1917	0.05923863659659256
2017	0.1131107828149293
2103	0.059279467691774834
2146	0.35831328741565543
2160	0.11437221488299021
2204	0.11127020154148712
2214	0.08454080736833126
2281	0.05420402774794378
2282	0.06136888662640413
2287	0.03565994441735443
2323	0.0483588758189827
2554	0.05348656642585257
2576	0.07259062936733916
2591	0.037923290110387795
2816	0.040696219339058946
2849	0.1016503941989696
2972	0.027091315568456554
2976	0.08642286926064928
2986	0.04103381016042707
3115	0.07633074646574889
3116	0.08964243223014773
3134	0.04615802231890514
3264	0.059279467691774834
3384	0.05786360887332408
3478	0.07275590667760527
3494	0.04592998480954593
3737	0.05348656642585257
3793	0.05420402774794378
3839	0.03042860159940879
3858	0.02747477418694805
3947	0.07171215801057382
4083	0.02944452918019073
4307	0.04208821594959185
4858	0.042454539987612165
4980	0.041378153243968874
5110	0.06558688758644383
5128	0.059279467691774834
5141	0.0738670393064155
5176	0.08266170965513389
5595	0.05420402774794378
5599	0.09662315480516157
5600	0.02269725533797362
5704	0.1858002457279121
5802	0.07062058004646057
5856	0.03300599686649191
5911	0.056140513976715094
6014	0.06136888662640413
6184	0.016052766153957534
6194	0.07171215801057382
6365	0.07275590667760527
6430	0.06236271776854917
6439	0.05028915228023614
6449	0.07671105643291598
6493	0.07770880816636958
6570	0.21218425677406727
6691	0.12049040293271783
6969	0.04592998480954593
7023	0.08084776188142932
7183	0.023417217252699105
7297	0.09278138594520746
7596	0.23762053956465845
7600	0.03988011488878564
7604	0.18805691848045225
7769	0.08266170965513389
7897	0.039253988424172624
7912	0.09480790042379984
7913	0.08180634222774938
8009	0.03300599686649191
8113	0.03157045070426447
8251	0.06577518410259145
8398	0.03736335197018674
8430	0.0483588758189827
8551	0.05127515294026654
8678	0.14278070544339774
8746	0.059778533946795664
8783	0.03695503448627084
8798	0.038066167115081075
8803	0.059279467691774834
8959	0.06374736301634193
8980	0.10768312007762659
9045	0.056374572164908945
9068	0.055339598393996534
9198	0.03237605170822752
9215	0.04120512083014082
9254	0.05655539140746465
9322	0.03778158906145172
9364	0.04971521312522986
9374	0.033883464732989865
9441	0.08647442482127163
9486	0.03157045070426447
9516	0.08454080736833126
9543	0.26398905685890917
9659	0.04282882821231626
9786	0.0869884846792852
9856	0.025707420704894533
9949	0.09046377565744113
9954	0.09619994999289298
10094	0.03343914122760938
10095	0.09662315480516157
10103	0.06451655149149373
10141	0.09662315480516157
10164	0.07445233467584622
10213	0.026716211836552126
10224	0.07275590667760527
10313	0.08964243223014773
10329	0.0896546247887213
10367	0.05420402774794378
10467	0.06082228261382712
10749	0.0394083982507262
10855	0.04809997499644649
11167	0.03682105264078171
11186	0.02918562835765452
11493	0.029015165774453917
11659	0.014270804604514633
11699	0.02366405417266185
12291	0.026349106664698203
12394	0.06577518410259145
12626	0.028349707855543884
12676	0.018403155556609353
12762	0.05181373895256378
12785	0.03504719005458387
12792	0.06577518410259145
12963	0.02613254305130293
12982	0.043019068603845384
