370
t_index	tf-idf
27	0.014544181932137938
58	0.03070992745593389
92	0.04127790200627303
105	0.016566903990719917
129	0.013291823050467054
131	0.03964611817484119
148	0.016566903990719917
157	0.015215143088459913
160	0.052299154056912794
208	0.009824999170144262
213	0.018323560996067082
218	0.03572145529506684
230	0.010986454906064858
232	0.021838730220001278
246	0.04127790200627303
348	0.01243413920389951
376	0.011198385450072079
412	0.01266014765519981
446	0.019823059087420596
478	0.014810202469906967
554	0.010238034804328014
617	0.018825830171566815
618	0.037189651384691144
638	0.024957306738276064
663	0.02769702740749943
704	0.024567329504838458
742	0.015039262051484132
801	0.017228182903175106
969	0.03310140076310925
979	0.015734808465838707
1007	0.020308107523978346
1123	0.029013150141527364
1126	0.04127790200627303
1134	0.05325143879525816
1236	0.01909397174999428
1248	0.0169356552393133
1443	0.028318454148758526
1488	0.05663690829751705
1500	0.022042504101279545
1503	0.021838730220001278
1511	0.029013150141527364
1525	0.04127790200627303
1554	0.11388248299588152
1616	0.039072786882527036
1636	0.011531281883703478
1644	0.05946917726226179
1666	0.02229265405188961
1720	0.021168311803543075
1722	0.037189651384691144
1800	0.012131606280814567
1829	0.017642254563867348
1832	0.015144506329249028
1837	0.017642254563867348
1900	0.021023905860895184
1942	0.019374886693235855
1953	0.04127790200627303
2021	0.02141725818330973
2078	0.008664782400491775
2082	0.02141725818330973
2146	0.01753597963642439
2158	0.01909397174999428
2160	0.007836383584536132
2195	0.02304662791947717
2218	0.015506466444222046
2243	0.024924899519945476
2251	0.013884825163710736
2293	0.016390828261674678
2307	0.019669853099699146
2315	0.013447729014842499
2316	0.019669853099699146
2354	0.029800731501170057
2378	0.08917061620755844
2386	0.009203572428885165
2388	0.02206132640687451
2448	0.04984979903989095
2467	0.07749954677294342
2541	0.029013150141527364
2545	0.015074705527646748
2576	0.03730241761169853
2591	0.05196742030338036
2617	0.04984979903989095
2654	0.01797307578529262
2671	0.04127790200627303
2733	0.16550700381554626
2777	0.6604464321003685
2806	0.030718012582488047
2816	0.01394181206980861
2818	0.010883278533406935
2848	0.01299185507584509
2849	0.05803940823661977
2874	0.020479078883256566
2924	0.01064932892840304
2955	0.1228744732995394
2972	0.09281010288265157
2980	0.025712480879588162
2998	0.028591608453630433
3019	0.04127790200627303
3031	0.02014195290559475
3079	0.029013150141527364
3264	0.020308107523978346
3272	0.009824999170144262
3335	0.018445175591188225
3350	0.017031561399542643
3403	0.008022328546417754
3410	0.021838730220001278
3421	0.09930420228932776
3433	0.010392849437606322
3495	0.03310140076310925
3537	0.07693102780332367
3539	0.04127790200627303
3585	0.04127790200627303
3620	0.031785278029081314
3628	0.05608858921823062
3635	0.03640880686061544
3666	0.0167483982767817
3702	0.014870126676313393
3751	0.03310140076310925
3829	0.11804388392958771
3839	0.010424306039624487
3845	0.023321007572412802
3848	0.013139932281593216
3851	0.020308107523978346
3977	0.029013150141527364
4013	0.02627986456318643
4028	0.037189651384691144
4048	0.049134659009676916
4072	0.015734808465838707
4073	0.10284992351835265
4099	0.012847404617731411
4107	0.037189651384691144
4130	0.021838730220001278
4186	0.03227238904477317
4195	0.018323560996067082
4234	0.018958377297895283
4265	0.0662028015262185
4276	0.006479723928757251
4310	0.00830170785964909
4446	0.04127790200627303
4449	0.039041052328671305
4481	0.04127790200627303
4488	0.04127790200627303
4521	0.04127790200627303
4595	0.013190129170941898
4663	0.023911309709002484
4770	0.024567329504838458
4815	0.017031561399542643
4861	0.07329424398426833
4915	0.013662228976837498
4940	0.026621676834352
5037	0.03070992745593389
5054	0.009911104332917428
5117	0.007386227302375181
5210	0.014418685731810774
5213	0.013343335158663346
5246	0.007329965201058269
5277	0.04127790200627303
5417	0.04697312410786826
5429	0.013040802235578403
5483	0.019374886693235855
5585	0.02206132640687451
5600	0.007775682202468832
5612	0.019232756950830918
5623	0.014356924969606335
5649	0.021624230258006277
5658	0.04127790200627303
5675	0.011234459561901501
5678	0.03479817807751578
5692	0.08255580401254606
5700	0.03070992745593389
5715	0.014672406523353429
5726	0.032107404568025716
5799	0.04127790200627303
5825	0.024567329504838458
5856	0.022614553045111577
5971	0.023911309709002484
6009	0.012346106242809567
6134	0.029800731501170057
6143	0.04127790200627303
6184	0.00549939656690074
6322	0.024924899519945476
6369	0.021023905860895184
6430	0.03204656250920427
6432	0.007636428879968582
6438	0.04127790200627303
6442	0.01017722912250744
6521	0.018825830171566815
6587	0.03070992745593389
6591	0.009601347772802573
6672	0.06141985491186778
6689	0.022533426212770113
6699	0.037189651384691144
6796	0.013190129170941898
6799	0.024567329504838458
6801	0.018445175591188225
6802	0.023911309709002484
6807	0.020174360123925338
6849	0.020436297365129412
6901	0.03933970619939829
7014	0.03070992745593389
7015	0.028350861367089114
7039	0.010951861851487983
7176	0.02486827840779902
7183	0.032089314185671014
7198	0.04119789556025344
7217	0.04127790200627303
7275	0.011685489331465987
7276	0.05391922735587787
7277	0.07056901825546939
7279	0.026149577028456397
7314	0.022533426212770113
7343	0.027108007884570923
7362	0.008457810325795227
7439	0.01942422689749093
7492	0.037189651384691144
7575	0.021624230258006277
7600	0.013662228976837498
7604	0.13805358643327748
7619	0.013291823050467054
7781	0.03479817807751578
7843	0.018445175591188225
7880	0.025712480879588162
7893	0.026149577028456397
7898	0.01581293012313236
7912	0.0129918105603793
7913	0.009341806749135267
8009	0.033921829567667365
8064	0.08255580401254606
8110	0.023321007572412802
8113	0.010815483546786638
8157	0.037189651384691144
8209	0.05426975708211811
8240	0.024924899519945476
8299	0.03070992745593389
8351	0.05608858921823062
8369	0.03479817807751578
8398	0.0896002105228853
8413	0.021624230258006277
8415	0.031785278029081314
8546	0.02769702740749943
8551	0.01756596946237171
8553	0.0384000902240937
8678	0.016304723098901512
8694	0.07844873108536919
8696	0.04127790200627303
8705	0.04127790200627303
8707	0.01820440343030772
8721	0.014401474415135824
8760	0.017642254563867348
8783	0.01266014765519981
8794	0.008187278948614606
8796	0.04721755357183508
8865	0.051424961759176324
8879	0.23513887248905566
8884	0.02206132640687451
8894	0.021624230258006277
8906	0.06357055605816263
8918	0.059601463002340115
8936	0.018696196406076872
8957	0.011381003718776166
9030	0.02206132640687451
9045	0.009656470593629332
9055	0.037189651384691144
9086	0.028318454148758526
9087	0.04127790200627303
9117	0.014937534254552477
9211	0.013828383595221094
9213	0.04061621504795669
9229	0.02278444702765876
9251	0.0185693506807701
9262	0.015215143088459913
9270	0.027134878541059056
9294	0.037189651384691144
9313	0.037189651384691144
9322	0.012943310777960756
9374	0.011607881647323954
9377	0.03070992745593389
9393	0.04127790200627303
9425	0.04127790200627303
9435	0.03791675459579057
9449	0.013040802235578403
9457	0.015657708035956085
9500	0.02141725818330973
9516	0.04344330017756463
9528	0.00907672670357839
9543	0.036175211152162406
9577	0.018323560996067082
9628	0.019374886693235855
9759	0.03310140076310925
9786	0.029800731501170057
9810	0.037189651384691144
9812	0.04127790200627303
9855	0.04984979903989095
9856	0.026420736428690146
9923	0.02014195290559475
9954	0.03295641820562573
9989	0.04629682662826128
10033	0.03310140076310925
10050	0.08614154981763801
10094	0.05727832097706347
10107	0.014607945784494987
10158	0.03868548829343581
10164	0.012753033022073663
10204	0.010424306039624487
10207	0.039760350712827026
10280	0.026149577028456397
10314	0.037189651384691144
10329	0.11261838284760815
10331	0.06141985491186778
10356	0.07269061058152992
10365	0.037189651384691144
10451	0.018696196406076872
10482	0.04127790200627303
10682	0.037189651384691144
10688	0.028962200118376417
10708	0.01753597963642439
10712	0.04127790200627303
10730	0.04127790200627303
10739	0.028318454148758526
10751	0.017642254563867348
10768	0.03486317156049047
10769	0.015892100424556722
10817	0.043248460516012555
10822	0.04127790200627303
10829	0.02278444702765876
10908	0.04127790200627303
10922	0.011803849802974834
10930	0.08255580401254606
10932	0.04127790200627303
10934	0.03070992745593389
11050	0.010781876054731505
11091	0.032107404568025716
11122	0.01684128364365555
11160	0.014418685731810774
11204	0.037189651384691144
11210	0.008236051164240598
11249	0.026149577028456397
11318	0.04585990821496189
11386	0.016478209102812866
11419	0.038465513901661835
11493	0.009940087678206757
11544	0.04127790200627303
11564	0.012847404617731411
11657	0.04127790200627303
11659	0.014666783237784402
11708	0.06141985491186778
11840	0.029800731501170057
11856	0.04127790200627303
11887	0.020479078883256566
12148	0.00632030614594065
12161	0.021023905860895184
12255	0.04127790200627303
12400	0.024230203527176638
12405	0.01753597963642439
12417	0.04421273864995478
12423	0.013884825163710736
12475	0.017031561399542643
12541	0.04127790200627303
12548	0.020308107523978346
12571	0.021023905860895184
12611	0.06141985491186778
12626	0.009712113448745466
12632	0.037189651384691144
12636	0.026790602247758834
12662	0.03162586024626472
12676	0.012609197632048867
12768	0.016478209102812866
12785	0.012006553563242432
12869	0.008855060156378868
12948	0.023321007572412802
12963	0.008952551613996513
