71
t_index	tf-idf
6	0.17052089021489933
114	0.05128243662247906
131	0.18447536933978262
583	0.07924870641200926
742	0.06997843797241886
758	0.19206814106231404
995	0.10601717076294565
1252	0.18412299078448383
1413	0.11126051913867686
1677	0.20323340638192228
1827	0.12887565279606356
2146	0.08159578967852517
2160	0.07292616894649123
2204	0.17737064733393199
2208	0.1619176617718631
2281	0.17280823358937733
2420	0.10161670319096114
2576	0.05785667116124467
2849	0.054012053454994984
3115	0.12167528884239653
3208	0.13499963765595735
3314	0.0625729552097396
3403	0.03732829567421892
3923	0.06184751696548076
4094	0.0811100398482259
4332	0.042351495792709054
5470	0.19206814106231404
5487	0.06680348942793526
5704	0.0987251735056126
5802	0.15009730457221762
6009	0.11489409878699247
6194	0.11431301203589693
6570	0.2254886960252531
6647	0.1619176617718631
7020	0.0758666914724947
7034	0.1428948273030775
7297	0.14789848726484914
7604	0.1284740474900856
7616	0.04970475233653034
7677	0.031617604482234496
7898	0.07357835417693327
7912	0.060451543854786474
8015	0.04865197096471981
8338	0.19206814106231404
8398	0.05955917966991932
8810	0.08063273827071052
8848	0.0783633345039799
8927	0.0695050934490451
9457	0.07285609804746164
9486	0.05032498548995204
9499	0.11059459723826061
9543	0.08416253274544594
10094	0.05330377804358006
10329	0.1429142628929919
10934	0.1428948273030775
10953	0.1723411481804887
11247	0.12167528884239653
11493	0.04625172476206389
11530	0.07321485020110574
11714	0.09015231612055398
11721	0.06460678543603987
11776	0.08640411679468867
11876	0.07793113424960069
12291	0.04200188407177285
12348	0.1048491583655064
12440	0.2120343415258913
12485	0.053655630926491435
12610	0.0633180909978534
12723	0.2577513055921271
12840	0.05586709380497635
12963	0.08331334019851185
