156
t_index	tf-idf
27	0.04086684816963532
76	0.03596605763529195
112	0.04706034706217453
114	0.061935946111555534
118	0.0930096945637827
129	0.03734791802217566
193	0.14522539766647496
478	0.020807161878312573
513	0.11598436831458676
583	0.0478559905984769
742	0.1901607520925427
995	0.06402068824860725
1181	0.04927332596988691
1413	0.06718699394537136
1440	0.11598436831458676
1845	0.033621024451651466
1996	0.026824814631805142
2023	0.056595698202455545
2063	0.023141999599347186
2103	0.05706256636966143
2146	0.19709330387954763
2160	0.06605699096226558
2195	0.12951475007696148
2209	0.04295302673465129
2214	0.040689598095611124
2243	0.0700350208129786
2275	0.03885556818899785
2281	0.05217693497101317
2293	0.04605563194065206
2348	0.06076066284528896
2535	0.06718699394537136
2576	0.10481388668063289
2638	0.11598436831458676
2816	0.0391742842412798
2823	0.05182802263231504
2849	0.032616309330129004
2878	0.07110459990749159
2906	0.04178270128767665
2972	0.052156338538815565
2975	0.09777737013392321
2986	0.039499250024546774
3003	0.07110459990749159
3048	0.06552833841542946
3108	0.08152235768838065
3314	0.03778598909448486
3496	0.02946885234047846
3717	0.05217693497101317
3794	0.05484958746194904
3815	0.09068030290860632
3839	0.029290649290752153
3905	0.08931159808815517
3923	0.03734791802217566
4099	0.0721983451989896
4217	0.07480269638311912
4276	0.036413996361327146
4846	0.07624471191388278
4980	0.039830715552555636
5110	0.03156705240118294
5194	0.09777737013392321
5524	0.0360991725994948
5548	0.09777737013392321
5558	0.10449703143918475
5600	0.021848435715828448
5619	0.06198883380978022
5630	0.04357071527160247
5639	0.05706256636966143
5656	0.07110459990749159
5686	0.04086684816963532
5688	0.031978818276849744
5704	0.05961726303208956
5714	0.11598436831458676
5726	0.0451083613270535
5802	0.06797954996691523
5856	0.031771656530113525
6184	0.015452433527906916
6194	0.06903030569145616
6454	0.02481353465116769
6501	0.08137919619122225
6570	0.2723321403114304
6591	0.026978266875771345
6834	0.04178270128767665
7183	0.022541472886071997
7343	0.03808460481204913
7394	0.034326353192541646
7643	0.055699657069969336
7677	0.019092952444948467
7790	0.11814769270059776
7815	0.045575229494259385
7897	0.07557197818896973
7912	0.09126232607942224
7966	0.10449703143918475
8082	0.10506670274641045
8159	0.06017910408925551
8201	0.12152132569057791
8306	0.08373533659609304
8398	0.0719321152705839
8413	0.06076066284528896
8492	0.08629003325852116
8678	0.045813690067943696
8771	0.10449703143918475
8783	0.03557301018677249
8810	0.09738353442770693
8822	0.07110459990749159
8927	0.1259163177257758
8957	0.031978818276849744
8968	0.03583400335936385
8980	0.05182802263231504
9033	0.10449703143918475
9205	0.04869176721385347
9254	0.05444036361005333
9315	0.056595698202455545
9363	0.08152235768838065
9374	0.09784892799038701
9394	0.055269172504518696
9432	0.07957037195325962
9441	0.04994430076159517
9486	0.06077959228645965
9834	0.07782426121275311
9856	0.02474602855398772
10056	0.0930096945637827
10094	0.06437720478754226
10103	0.020701265518369094
10164	0.03583400335936385
10174	0.09854665193977381
10330	0.11598436831458676
10421	0.03493796222687763
10478	0.043362250586546996
10506	0.07782426121275311
10507	0.07347617068518227
10510	0.2679347942644655
10745	0.06718699394537136
10878	0.0360991725994948
10913	0.03650505551317878
11062	0.08373533659609304
11178	0.0930096945637827
11493	0.027930072370761772
11594	0.03901416005897615
11659	0.013737112808227462
11716	0.0700350208129786
11904	0.251725518873994
11988	0.11814769270059776
12023	0.07224799972069099
12032	0.09777737013392321
12148	0.01775905945462838
12405	0.04927332596988691
12483	0.05614162256691007
12631	0.039830715552555636
12669	0.0680830350778576
12676	0.017714924344807047
12681	0.07347617068518227
12750	0.09777737013392321
12785	0.033736514284478276
12908	0.11598436831458676
12919	0.11598436831458676
12964	0.03557301018677249
12994	0.06903030569145616
