128
t_index	tf-idf
73	0.03349089382025626
348	0.03492186247611952
397	0.09296683479735322
413	0.019325280567952158
430	0.06472753421401882
535	0.061960268755881454
754	0.06715603352902873
778	0.024139408483304172
1001	0.11593092159638446
1040	0.02189500057690521
1130	0.04603440906020938
1182	0.11593092159638446
1248	0.09512916230257312
1680	0.04866932957679196
1829	0.04954909845748311
1885	0.054824312241786265
1964	0.04783393809535966
1968	0.10444887819686885
1995	0.05567399012951311
2006	0.11593092159638446
2088	0.10649098162900637
2218	0.0435506374647839
2301	0.08625026997698372
2322	0.06328618317795247
2406	0.03621666874431257
2453	0.06328618317795247
2496	0.057036271387423926
2583	0.0776753263350776
2706	0.10444887819686885
2794	0.027355619768023174
2805	0.05180413977843684
3047	0.04253405552455888
3244	0.05362631418563297
3314	0.03776857694541275
3403	0.045062171114891234
3478	0.07000274799832197
3609	0.05112791988476619
3723	0.2116900835159465
3724	0.060732663744444006
3875	0.09773231337649935
3916	0.06399118689654006
3923	0.03733070774048873
3924	0.14000549599664394
4008	0.0343105352771393
4060	0.05146257949056604
4090	0.15557679808163502
4247	0.08066690021454662
4389	0.03762133075746984
4544	0.06899849585924063
4706	0.04783393809535966
4831	0.3900804195804357
4846	0.07620957761353443
4972	0.03349089382025626
4984	0.0435506374647839
5049	0.06260996328428181
5077	0.042338016703189305
5117	0.02074456541310167
5158	0.05016269034811655
5320	0.07620957761353443
5486	0.06399118689654006
5694	0.3264916617851862
5835	0.06328618317795247
5995	0.03931784423983987
6087	0.07896209677655017
6375	0.057516452459725004
6430	0.030001424047856523
6454	0.024802100334514715
6464	0.05656961835758296
6521	0.05287322600056288
6646	0.026660479156051325
6723	0.0747682265774681
6745	0.09296683479735322
6802	0.06715603352902873
6983	0.06899849585924063
7020	0.04579257867665493
7341	0.0275939704567698
7494	0.06899849585924063
7616	0.030001424047856523
7867	0.05656961835758296
7911	0.0355566177997751
7912	0.03648810860691324
8153	0.2069954875777219
8617	0.0271986035490853
8836	0.20302328924801932
8854	0.17713987365240655
8994	0.11593092159638446
9179	0.11593092159638446
9242	0.03372096817254705
9374	0.03260127941947037
9391	0.03983744056409393
9441	0.0832021432416099
9443	0.13666268396372488
9555	0.05567399012951311
9656	0.04954909845748311
9668	0.04531925827418551
9899	0.04756458115128656
10103	0.020691726175088018
10158	0.03621666874431257
10213	0.02570524277776071
10219	0.035299789599830135
10359	0.07000274799832197
10372	0.044191946729997475
10426	0.0544152769641977
10481	0.03304011533602093
10700	0.05016269034811655
10804	0.048386158799752874
10855	0.04627982224621573
11015	0.04627982224621573
11050	0.060562808030943875
11072	0.26781132732099944
11091	0.04508757495806733
11161	0.07000274799832197
11163	0.11593092159638446
11234	0.04783393809535966
11318	0.04293323356468207
11503	0.08099110874595479
11634	0.026660479156051325
11699	0.022768581913327778
11766	0.06549814232359012
11904	0.03145119016516645
11932	0.08369675054347527
12144	0.048386158799752874
12148	0.017750875908345357
12275	0.04102710009750881
12662	0.08882271012879338
12862	0.10186284934521317
12881	0.061960268755881454
12948	0.06549814232359012
