241
t_index	tf-idf
27	0.07591160204490296
37	0.03126943320937633
76	0.04453880796811626
99	0.050388235882210065
107	0.055299807347673355
114	0.07669879301642778
126	0.09895096194271813
200	0.02294809569941948
232	0.03799487211591926
413	0.011971311703330925
493	0.01948287371994628
498	0.05860069810492654
528	0.05342891984208492
554	0.017812062294377783
567	0.028979651959986346
575	0.09563761488058359
578	0.046316209625876105
587	0.03298365398090604
596	0.07181500902948097
643	0.021403939671519327
705	0.03209078919345847
713	0.034488021390687455
731	0.04402642837648612
742	0.10466081729249985
744	0.046792532260004974
1040	0.04068948066173167
1181	0.030508976346211303
1249	0.055299807347673355
1252	0.1147404784970974
1279	0.04486046900145276
1416	0.02930034905246327
1616	0.011329760825979128
1677	0.15197948846367704
1691	0.03209078919345847
1720	0.03682848278188384
1832	0.02634830759123288
1845	0.020817410222271234
1917	0.017653784527776897
1988	0.07250291589687378
2017	0.2696663532189113
2023	0.03504283065468886
2078	0.015074928620045641
2103	0.03533190531303013
2146	0.061017952692422606
2160	0.24540634939090308
2204	0.022106520060014484
2214	0.0755823538233151
2251	0.024156722993167516
2275	0.024058526341842898
2281	0.032306828157313845
2287	0.02125413450358467
2291	0.03146869134895853
2420	0.03799487211591926
2535	0.16640292642758509
2576	0.0865313182890122
2603	0.046316209625876105
2709	0.02012846216247163
2733	0.1151791771941267
2816	0.04851173683819853
2818	0.03786930576210961
2849	0.12117187426662776
2878	0.04402642837648612
2953	0.04402642837648612
2972	0.016147037646273236
2980	0.04473439677862893
2983	0.08805285675297224
2986	0.12228540097216718
2989	0.0738274363205546
3099	0.05047687838085453
3117	0.046316209625876105
3134	0.05502245338935702
3172	0.046316209625876105
3496	0.01824647517310093
3588	0.02367487523745577
3626	0.09263241925175221
3627	0.04215554087089768
3663	0.07125872020787391
3839	0.018136135703988473
3854	0.05342891984208492
3858	0.03275117533502498
3863	0.05047687838085453
3905	0.055299807347673355
3923	0.023125022009173112
3985	0.08214877383051146
4014	0.05926278595789272
4076	0.033961676699046914
4083	0.017549606254740377
4099	0.06705547766121178
4186	0.028073639865479286
4234	0.03298365398090604
4235	0.03275304940529888
4255	0.026978043301181243
4276	0.022546757942374478
4332	0.03167077096642133
4449	0.033961676699046914
4571	0.04818709713146454
4846	0.09441814882664734
4858	0.02530386734830099
4972	0.020746396293481212
4980	0.14797389882569514
5009	0.04473439677862893
5054	0.017243270916540904
5110	0.019545635210740236
5142	0.05047687838085453
5358	0.07181500902948097
5384	0.05184710699483775
5484	0.046316209625876105
5573	0.05994694742795045
5581	0.05184710699483775
5600	0.013528078231684636
5675	0.019545635210740236
5686	0.02530386734830099
5726	0.027930120438480047
5744	0.048711962265499426
5765	0.016562165021246952
5778	0.022688297727859675
5802	0.042091465131341245
5856	0.019672321656337505
5911	0.0334610178074417
6184	0.009567812192796381
6194	0.04274207032014577
6442	0.017706272988799104
6501	0.025194117941105033
6570	0.29508878609628375
6598	0.03167189544965693
6807	0.017549606254740377
6969	0.10950124469791457
7020	0.056733689439586975
7183	0.06978595919323857
7224	0.06054163005829374
7297	0.055299807347673355
7311	0.05758958859706335
7341	0.01709346574860625
7409	0.03275304940529888
7562	0.0196087829285232
7596	0.283254446479942
7597	0.03209078919345847
7600	0.023769451683501624
7604	0.14411080613667868
7627	0.0369137181602773
7635	0.046316209625876105
7643	0.034488021390687455
7662	0.026721493144732017
7790	0.03657724631948822
7892	0.02866867447207811
7912	0.04520612469893242
7913	0.06501124363722373
8009	0.03934464331267501
8044	0.06470229881327216
8201	0.07524337312484024
8240	0.17345667265858283
8326	0.04160073160689627
8391	0.03321956027285754
8398	0.04453880796811626
8430	0.028822985225927612
8432	0.04818709713146454
8435	0.059602015888136975
8446	0.07181500902948097
8551	0.04584172865762777
8563	0.04160073160689627
8572	0.03799487211591926
8735	0.03762168656242012
8783	0.022026037516019267
8789	0.06054163005829374
8810	0.12059555103632003
8850	0.03625145794843689
8864	0.03593569544213643
8927	0.05197643800820316
8938	0.02476649474398571
8957	0.019800591723490628
8959	0.07598974423183852
8980	0.09627236758037543
8985	0.05184710699483775
9154	0.03625145794843689
9200	0.049268251087106495
9205	0.030148887759080006
9215	0.024559185233448116
9322	0.0450373655254751
9336	0.029138747732228083
9369	0.024559185233448116
9374	0.04039062475554259
9432	0.049268251087106495
9441	0.05154071567697027
9457	0.02724117237868045
9486	0.018816703631222526
9499	0.020675870436786033
9516	0.050388235882210065
9543	0.03146869134895853
9577	0.03187920496019453
9615	0.032306828157313845
9659	0.02552695160715074
9779	0.03504283065468886
9856	0.015322204964967856
9923	0.03504283065468886
9954	0.02866867447207811
10056	0.05758958859706335
10094	0.039860971010941396
10103	0.012817775289261885
10110	0.02163282957225305
10164	0.06656291650876336
10174	0.030508976346211303
10198	0.034488021390687455
10204	0.018136135703988473
10207	0.0345873918812912
10329	0.05343618688313335
10361	0.05758958859706335
10409	0.1036942139896755
10478	0.05369793296567619
10700	0.031073970694677867
10705	0.03167189544965693
10719	0.02866867447207811
10744	0.022688297727859675
10749	0.023488297883721306
10765	0.049268251087106495
11052	0.07598974423183852
11210	0.014329024974121007
11457	0.07181500902948097
11492	0.07306794339824914
11493	0.1037621756438736
11594	0.1449403379590051
11671	0.030693872731516057
11786	0.03167189544965693
11813	0.04549485364179395
11890	0.04336416816464571
11904	0.03896574743989256
11991	0.06054163005829374
12138	0.06054163005829374
12175	0.03799487211591926
12291	0.015704664329994004
12348	0.03920349940966729
12391	0.014178671049708446
12394	0.03920349940966729
12400	0.04215554087089768
12437	0.02963139297894636
12610	0.02367487523745577
12631	0.024662316470949193
12676	0.02193739501737481
12768	0.02866867447207811
12785	0.04177783805127331
12907	0.06643912054571507
12963	0.015575587511650859
