36
t_index	tf-idf
112	0.16494867806124947
131	0.1952298564653177
242	0.1804618635004611
413	0.06776722384468133
742	0.07405801896435749
746	0.16494867806124947
801	0.1696738964713833
1279	0.16929748496164995
1677	0.21508144365776735
2160	0.23153278749802184
2214	0.4278567309234243
2576	0.12245916239979047
3727	0.15651532244019256
4276	0.0638163649196271
4466	0.17701006642459324
4547	0.1464502872051677
4980	0.1396084875436131
5054	0.09761074049141805
5744	0.13787438388398454
5802	0.07942381503920846
5856	0.11136111549569461
7604	0.09064252476549571
8240	0.2454759648463825
8551	0.08650031465096193
8927	0.14711415910133946
9045	0.0951029485228218
9374	0.11432166235692401
9441	0.1167047121636465
9516	0.28523782061561614
10213	0.09013959384326703
10688	0.14261891030780807
11493	0.09789618656287283
11802	0.18540852378166828
11870	0.1622876864645543
12291	0.08890099342749244
12548	0.2000069161628287
