165
t_index	tf-idf
200	0.028687226162582832
701	0.04703056171502944
710	0.028687226162582832
778	0.018693234751163065
996	0.052698295789311976
1040	0.016955195316572105
1094	0.718202828812071
1204	0.06310073154041243
1300	0.04798120260071543
1338	0.0602382947864227
1343	0.08977535360150887
1387	0.03019812122665115
1616	0.028326482113376978
1680	0.075377754478942
1687	0.05072088452651135
1690	0.06587560630489411
1733	0.050124135923357724
1861	0.08977535360150887
1919	0.04066237773188507
1964	0.037041961260467764
1996	0.020763205023744284
2143	0.08977535360150887
2298	0.037253995536808186
2322	0.049007972977830064
2323	0.036031377360775343
2406	0.056091406813948336
2498	0.012570153975423442
2583	0.03007536639845733
2654	0.03908966191368329
2703	0.04614553622384033
2805	0.040116432290797914
2806	0.033404319351179365
2924	0.04632247394845162
3041	0.027534568792283852
3042	0.02233335091673362
3115	0.05687274328774758
3193	0.06481364308909374
3272	0.042736802587504945
3632	0.04123259523632558
3672	0.04123259523632558
3723	0.032785993313745446
3724	0.04703056171502944
3737	0.03985193257667858
3754	0.06679105435189435
3769	0.0409443183482901
3771	0.03177083704485294
3776	0.05134675409939056
3794	0.04245521341235841
3846	0.04066237773188507
3993	0.028687226162582832
4005	0.08088381291447673
4008	0.0265696191693027
4074	0.03163215697357706
4083	0.02193861879819297
4092	0.06912983547345485
4185	0.043806755102279826
4276	0.014092758562582377
4310	0.018055393379323405
4453	0.10474564324574304
4617	0.07199227222744459
4783	0.05200473328016193
4815	0.037041961260467764
4878	0.04492291804780749
4906	0.05503707691087247
4926	0.08977535360150887
5054	0.021555671505152793
5098	0.05687274328774758
5246	0.01594194922289793
5279	0.020355939653932998
5315	0.016911339610077892
5363	0.06158983647634412
5387	0.0578995136648622
5434	0.09910783683783443
5694	0.0842769239391131
5744	0.030447212192184932
5778	0.02836245484977604
5802	0.03507879682198936
5835	0.049007972977830064
5968	0.08088381291447673
6013	0.028687226162582832
6087	0.030573595299756656
6184	0.011960643525763698
6407	0.028578052893789063
6439	0.07493918716164241
6557	0.024996903351100917
6585	0.02467213203829412
6591	0.020881981628412642
6606	0.030701235971336543
6609	0.10400946656032387
6630	0.08977535360150887
6652	0.049553918418917216
6801	0.040116432290797914
6834	0.03234105454929343
6959	0.03527658427400756
7019	0.03456374635679037
7113	0.044539970754767316
7229	0.07568259503892649
7232	0.0578995136648622
7275	0.02541478335259362
7348	0.05503707691087247
7394	0.0265696191693027
7416	0.036426109479316
7591	0.05072088452651135
7616	0.023232701123710633
7662	0.033404319351179365
7664	0.037041961260467764
7733	0.04345528704382252
7911	0.027534568792283852
7931	0.08977535360150887
7996	0.014704577989856485
8065	0.08977535360150887
8113	0.023522606832985692
8220	0.05901567661038987
8242	0.05503707691087247
8489	0.08088381291447673
8585	0.05134675409939056
8617	0.02106223445361223
8618	0.05592210240206158
8798	0.02836245484977604
8836	0.13101543093221055
9161	0.05592210240206158
9211	0.03007536639845733
9234	0.053431511441799466
9242	0.026113066296628584
9358	0.052698295789311976
9368	0.03439155878281846
9391	0.015424790314666849
9397	0.038605537226729596
9454	0.04658041792650315
9486	0.023522606832985692
9749	0.06481364308909374
9787	0.06246736755799591
10063	0.026113066296628584
10177	0.04038650082708199
10207	0.021618707414088008
10219	0.08200705341798427
10241	0.05503707691087247
10271	0.047497077913761745
10375	0.05420919085338029
10462	0.08977535360150887
10550	0.04614553622384033
10705	0.03959277665836869
10715	0.028045703406974168
10894	0.02467213203829412
10913	0.028255999619270868
11018	0.04066237773188507
11050	0.023449513862261285
11119	0.042779984725165206
11229	0.03908966191368329
11234	0.037041961260467764
11235	0.053431511441799466
11318	0.0332469212825244
11393	0.041527499756466656
11437	0.034915214415247676
11503	0.21951450606475542
11659	0.02126586845698821
11841	0.03124247595423014
11862	0.033091431116253414
12148	0.027492081309528876
12469	0.029953775140644377
12563	0.17955070720301775
12628	0.07674031696467169
12650	0.06679105435189435
12676	0.013711878765985556
12862	0.02629374226449962
