278
t_index	tf-idf
17	0.0538289971814117
53	0.02819936510900002
105	0.04320858303727047
112	0.021840971556573628
129	0.017333378654047906
212	0.040837284879777114
413	0.008973106216165278
478	0.00965672076656906
495	0.0315977192147801
499	0.024053676583607023
557	0.013232408244867697
638	0.01627295391449556
640	0.2153159887256468
659	0.01774552157897975
701	0.05639873021800004
742	0.009806074863698546
751	0.03471635179188638
752	0.0538289971814117
1007	0.02648305775089798
1024	0.036929056818919774
1040	0.010166277539348007
1134	0.023147749033534136
1181	0.02286802750486034
1248	0.04417033297883284
1381	0.0538289971814117
1387	0.018106690947815026
1389	0.045379027000165745
1407	0.03300004443378434
1417	0.029385014187746705
1443	0.07385811363783955
1460	0.017266785213612818
1500	0.04311723101716927
1535	0.037834984368992665
1554	0.03712749169801475
1613	0.027172309160713306
1616	0.016984462490768192
1667	0.03300004443378434
1680	0.022598122817752496
1742	0.043166321973132346
1763	0.024381023616289625
1813	0.02286802750486034
1829	0.06901985021291844
1839	0.018485658941528954
1862	0.026702090941618892
1866	0.029385014187746705
1919	0.024381023616289625
1964	0.02221023419338744
2088	0.024722924095741523
2188	0.029385014187746705
2218	0.02022141383040335
2275	0.018033087569652016
2287	0.03186210687008733
2322	0.14692507093873353
2366	0.02766870682964466
2386	0.012002041049908227
2393	0.024215608760927675
2406	0.016816108531811428
2408	0.028479086637673814
2453	0.08815504256324011
2496	0.02648305775089798
2498	0.007537021640888387
2576	0.016214904625198027
2581	0.04063879194969684
2583	0.1081985254179121
2587	0.023147749033534136
2654	0.04687605710390941
2727	0.01818100548074002
2729	0.031181861489330352
2794	0.012701749965512337
2798	0.021721721193852662
2805	0.024053676583607023
2806	0.020029116456427846
2811	0.02022141383040335
2911	0.01880287892294895
2940	0.024381023616289625
2955	0.026706015226190472
2966	0.034533570427225636
3085	0.018331823927102447
3134	0.02062106186740294
3158	0.027172309160713306
3272	0.01281242085793738
3289	0.02648305775089798
3356	0.023587382649084186
3359	0.030054261699881204
3542	0.03538559930402088
3574	0.043166321973132346
3609	0.07121908333352767
3723	0.21624207290343625
3724	0.08459809532700006
3739	0.021962099954787453
3768	0.019658370263948753
3789	0.02605564255622207
3801	0.028479086637673814
3851	0.02648305775089798
3857	0.03410070376023406
4008	0.015931053435043665
4135	0.027604818583924117
4247	0.012485073825254774
4310	0.010825952561979596
4318	0.03538559930402088
4332	0.011869425793602456
4453	0.020935044006500737
4544	0.03203735283033015
4595	0.017200763397742135
4646	0.043166321973132346
4706	0.02221023419338744
4815	0.04442046838677488
4831	0.2616206345801306
4949	0.015187848676911314
4972	0.046651433566532334
4988	0.12949896591939705
5077	0.019658370263948753
5110	0.02930089286031916
5210	0.01880287892294895
5294	0.01939158649160184
5297	0.027929460421892177
5315	0.01013998180664898
5412	0.040837284879777114
5494	0.030054261699881204
5591	0.0414500146150303
5595	0.04843121752185535
5600	0.02027996361329796
5612	0.02508073253189374
5613	0.02766870682964466
5639	0.02648305775089798
5675	0.01465044643015958
5694	0.35372510198280355
5712	0.033507657770553485
5747	0.023895083453147056
5749	0.03300004443378434
5802	0.021033127462128345
5810	0.015986991822134353
5849	0.026706015226190472
5995	0.018256045044944505
6066	0.02233736922550498
6087	0.09165911963551222
6185	0.030412070136033417
6369	0.027416504093556098
6373	0.04063879194969684
6412	0.050532157426114784
6430	0.0278604974112579
6442	0.013271751012606695
6454	0.011516100886765655
6464	0.02626638161064042
6629	0.04849765957727203
6667	0.02022141383040335
6681	0.040047689396026064
6686	0.02626638161064042
6705	0.0538289971814117
6745	0.043166321973132346
6802	0.062363722978660704
6834	0.01939158649160184
6848	0.028479086637673814
6849	0.008883408472801944
6982	0.030787339406750942
6983	0.03203735283033015
7106	0.03300004443378434
7113	0.053412030452380944
7131	0.0315977192147801
7214	0.0538289971814117
7348	0.03300004443378434
7362	0.0220590401188005
7394	0.015931053435043665
7430	0.025850523885190674
7494	0.03203735283033015
7547	0.0538289971814117
7562	0.014697778852288169
7589	0.009178834524919246
7616	0.01393024870562895
7767	0.024722924095741523
7815	0.0423034402935166
7853	0.037834984368992665
7909	0.06820140752046812
7911	0.016509633952433947
7912	0.042355358439111895
7913	0.03654692206198429
7941	0.03410070376023406
7955	0.09075805400033149
7990	0.030787339406750942
8096	0.037834984368992665
8159	0.027929460421892177
8167	0.04849765957727203
8285	0.032503646764852984
8312	0.031640765085237235
8351	0.04876204723257925
8551	0.011453568068152712
8617	0.012628844260198713
8620	0.018884271156787993
8623	0.012035555239416244
8655	0.07216102975082107
8676	0.03521134474995221
8751	0.045379027000165745
8760	0.02300661673763948
8836	0.408493319080783
8848	0.021962099954787453
8854	0.027416504093556098
8879	0.023587382649084186
8895	0.024381023616289625
8930	0.03278076717942596
9045	0.025185297852001503
9051	0.020519186281050993
9117	0.01947949024064621
9158	0.037834984368992665
9172	0.03300004443378434
9198	0.014463976829097221
9242	0.031314611765686486
9391	0.027745955690386053
9441	0.03863238446109023
9443	0.0423034402935166
9485	0.023739694444509223
9486	0.01410407518451658
9499	0.015497615143487683
9555	0.025850523885190674
9619	0.07772408063455877
9655	0.031181861489330352
9740	0.032503646764852984
9869	0.12014306818807818
9981	0.0538289971814117
9989	0.02012466419847158
10103	0.01921514734153709
10158	0.016816108531811428
10172	0.0376057578458979
10204	0.02718790990587866
10212	0.05130146715797619
10219	0.01639038358971298
10241	0.03300004443378434
10283	0.033530702713139696
10359	0.032503646764852984
10419	0.0290710320486489
10480	0.01993474110891771
10534	0.03471635179188638
10576	0.04849765957727203
10655	0.036929056818919774
10659	0.03300004443378434
10715	0.016816108531811428
10749	0.03521134474995221
10769	0.020724304952082388
10796	0.013718348408010268
10846	0.036929056818919774
10855	0.021488627770258954
10859	0.023895083453147056
10894	0.014793326594331904
10895	0.0538289971814117
10915	0.13640281504093624
10953	0.016100104071292413
11031	0.08633264394626469
11072	0.1658000584601212
11099	0.025850523885190674
11102	0.040047689396026064
11117	0.038862040317279384
11255	0.043166321973132346
11310	0.04849765957727203
11318	0.23921689330701254
11482	0.1076579943628234
11503	0.20683166815243845
11615	0.0538289971814117
11620	0.0423034402935166
11634	0.0123789825663814
11659	0.006375471258585223
11671	0.04601323347527896
11755	0.027172309160713306
11783	0.03300004443378434
11863	0.04849765957727203
11894	0.028769366156094378
12041	0.045379027000165745
12044	0.0538289971814117
12073	0.0538289971814117
12144	0.08986656432247202
12148	0.04121039650510769
12469	0.03592036372867679
12470	0.05434461832142661
12610	0.01774552157897975
12676	0.032886383794034545
12771	0.036929056818919774
12839	0.017960181864338395
12862	0.01576563857968171
12881	0.028769366156094378
12994	0.03203735283033015
