54
t_index	tf-idf
198	0.0772660106940109
413	0.028630959795460535
465	0.07674932521779236
493	0.046595844131316816
615	0.17175499955126905
773	0.20039562292927146
1019	0.04862265564217117
1120	0.07574748596787835
1383	0.17175499955126905
1837	0.2936336661916507
2339	0.09086971277189856
2758	0.07888472829355396
2848	0.10811673821905078
3437	0.0958957063119756
4094	0.0725318357364416
4247	0.03983677871663365
4346	0.14863494121485366
4736	0.13786788810437084
4849	0.17175499955126905
4875	0.1022232590076443
5149	0.12399914668223938
5196	0.0812237977135196
6091	0.08911599162924388
6282	0.20742217495516505
6555	0.08061780016816009
6595	0.12399914668223938
6783	0.10698816866381773
6807	0.04197218179239526
6874	0.09086971277189856
6933	0.0812237977135196
7341	0.040881262032234515
7346	0.08670010945916089
7796	0.09949359799623175
7996	0.02813227333261045
8454	0.08248261997781013
9154	0.08670010945916089
9850	0.08911599162924388
9895	0.08828399149057271
10106	0.5202222942519878
10125	0.08828399149057271
10519	0.14421002722164447
10715	0.05365603790836991
11564	0.21382927591795642
11609	0.15474402153284744
11634	0.03949826778248454
11659	0.020342549935809823
11678	0.07574748596787835
11763	0.22578449024356237
11964	0.12072206549600416
12385	0.08380951899484546
12448	0.17175499955126905
12785	0.04995858562660477
12839	0.0573064925890052
12973	0.09086971277189856
