99
t_index	tf-idf
198	0.21670218379195996
465	0.05381326869948043
478	0.04320833927910963
772	0.06647296817571224
773	0.14050864254885548
879	0.062484234087486254
1047	0.08464503016876965
1362	0.12042709059791055
1387	0.08101715526492745
1500	0.06430837105059746
1703	0.062484234087486254
1837	0.10294153944119432
2022	0.08694277610887344
2078	0.025279253170295002
2185	0.06887792651069007
2275	0.04034391098150464
2298	0.04997351851778115
2339	0.06371386661918385
2816	0.04067483529019304
2848	0.03790336311220352
2966	0.03862952713472564
3142	0.12042709059791055
3272	0.05732830437978888
3726	0.10152268260500166
3937	0.04781976951598738
3985	0.06887792651069007
4013	0.11500612228925954
4014	0.04968908999723138
4038	0.15533595130448208
4048	0.071674476468748
4083	0.029429057392858924
4085	0.09273263346345068
4119	0.09657238364514995
4255	0.04523966937680114
4285	0.07382822547054177
4366	0.05974712299236769
4422	0.05586361238008584
4515	0.10171229922023751
4736	0.048333465385767826
4956	0.05829209888733502
5213	0.07785759226747689
5232	0.03527113795508109
5279	0.0273060087269719
6047	0.071674476468748
6091	0.062484234087486254
6667	0.09047933875360228
6668	0.08694277610887344
6669	0.049409286536166865
6670	0.13682565943880634
6834	0.043383166425916116
6959	0.2839257929881994
7039	0.03195174161720985
7135	0.0373437191945309
7286	0.06079032321600902
7341	0.02866415218989444
7709	0.08464503016876965
7996	0.03945023828363347
8148	0.10849973712153026
8329	0.05147076972059716
8454	0.05783320412664735
8565	0.03653696830966964
8800	0.04636474541095471
8848	0.09826792024611124
9104	0.38228319971510305
9262	0.04438974187437328
9381	0.048862969739628725
9516	0.042248192471609686
9528	0.026481088813530115
9744	0.048862969739628725
9895	0.4952069759532917
10106	0.052108158651746325
10151	0.12380174398832293
10204	0.15206306362947242
10213	0.053404347316690665
10226	0.061900871994161465
10461	0.053110822852610484
10493	0.06079032321600902
10519	0.05055688061110594
10731	0.06887792651069007
10894	0.06619173216309829
10986	0.07501542263249311
11237	0.08236693875246036
11564	0.03748193305978656
11634	0.027694457134459883
11645	0.07271767669238934
11678	0.053110822852610484
11763	0.05277006847583909
11777	0.04683621418295182
11964	0.08464503016876965
12425	0.07078722404330585
12609	0.09657238364514995
12675	0.03135831957989125
12677	0.04859618092714476
12768	0.04807470060407105
12791	0.06647296817571224
12798	0.04398001933428812
12840	0.03502877431875112
12971	0.04807470060407105
12973	0.06371386661918385
