257
t_index	tf-idf
21	0.05285774646807488
24	0.03695809630279549
65	0.04557504610449973
73	0.021150799320707018
205	0.03996768098678756
273	0.08595453134155923
371	0.06172174915572232
376	0.01986264729603863
555	0.05285774646807488
643	0.021821159986569447
949	0.05920751921495742
1025	0.04912639317486034
1036	0.050075819530734506
1040	0.013827542669189442
1258	0.018433862961796794
1309	0.03167968590608556
1319	0.03516028562666008
1327	0.05637774923117193
1447	0.02602454050691653
1469	0.05871216447173026
1514	0.06172174915572232
1569	0.05871216447173026
1616	0.011550608317319586
1794	0.05447039309941073
1873	0.04087795010884048
2063	0.014608336185319142
2224	0.02375933056011518
2226	0.03073657061757693
2248	0.03462368106223716
2271	0.032500616351796324
2304	0.03316156214188713
2339	0.03873549429846009
2377	0.0502286217270912
2487	0.05500783575679801
2498	0.020502782446105094
2500	0.05146080841541867
2545	0.026738100802322712
2592	0.12344349831144465
2593	0.04560639041176329
2594	0.06596352052804184
2752	0.03873549429846009
2806	0.02724236686982897
2816	0.024728680491032776
2845	0.04259220040798743
2848	0.023043735745950703
2887	0.06596352052804184
2890	0.06596352052804184
2891	0.028047494449359316
2899	0.028474553558156437
2905	0.05871216447173026
2946	0.04297726567077961
2948	0.027372325005925575
3035	0.03798792667388852
3041	0.044910768380344634
3047	0.02686190692682059
3146	0.06596352052804184
3206	0.05146080841541867
3237	0.03208210072687309
3343	0.04420945235910708
3403	0.05691702009039615
3426	0.04297726567077961
3432	0.018888782261286523
3452	0.06924736212447433
3488	0.035439275371427166
3494	0.02790892957034849
3500	0.06596352052804184
3533	0.06807379577827292
3536	0.027372325005925575
3554	0.05285774646807488
3628	0.0994846864256614
3747	0.036323872099192626
3755	0.06457853164335768
3756	0.0318789585105719
3772	0.06596352052804184
3836	0.04297726567077961
3851	0.036020619114893376
3858	0.01669479188648446
3927	0.033391494373909696
3968	0.06172174915572232
4008	0.021668434713256017
4013	0.02330638122493259
4053	0.06596352052804184
4074	0.025797107736241928
4083	0.01789169525157825
4099	0.022787523052249865
4276	0.011493127428631116
4287	0.01826824216090639
4373	0.06172174915572232
4465	0.06596352052804184
4468	0.0502286217270912
4619	0.04297726567077961
4829	0.041364619039443766
4949	0.020657573514036902
4953	0.06172174915572232
5158	0.03167968590608556
5232	0.021443447645788854
5272	0.03073657061757693
5493	0.05871216447173026
5494	0.04087795010884048
5496	0.03873549429846009
5532	0.036636178736520954
5600	0.013791776838037766
5665	0.06172174915572232
5667	0.05871216447173026
5712	0.022787523052249865
5765	0.016885006134337525
5798	0.05285774646807488
5841	0.029227503995001205
5862	0.06596352052804184
5899	0.031292178811970564
5995	0.024830744670561504
6184	0.009754314569400005
6196	0.05146080841541867
6251	0.06172174915572232
6252	0.06587315014883993
6373	0.027637187138252375
6421	0.03996768098678756
6430	0.018947063723568053
6432	0.027089564673472274
6454	0.04699046699584448
6467	0.04812930616515207
6585	0.02012096894961399
6619	0.05637774923117193
6637	0.06596352052804184
6640	0.06596352052804184
6646	0.016837127353181502
6669	0.030038879108561452
6670	0.04159227678609546
6701	0.043575228155504214
6807	0.01789169525157825
6834	0.026375237996217302
6849	0.02416532683277221
6854	0.03873549429846009
6867	0.04721903704309914
7198	0.01826824216090639
7202	0.3076660711416547
7234	0.03488854319456396
7288	0.11742432894346053
7440	0.035439275371427166
7498	0.0318789585105719
7516	0.06147314123515386
7521	0.06596352052804184
7590	0.17953848721016324
7612	0.06172174915572232
7640	0.026987195794630728
7678	0.05285774646807488
7912	0.01152182839429335
7913	0.016569621879253378
7996	0.011992087132634228
8015	0.037091503359860674
8071	0.05637774923117193
8082	0.03316156214188713
8113	0.019183491761711878
8264	0.06172174915572232
8273	0.05637774923117193
8399	0.017125321306578102
8402	0.02535655862503118
8437	0.03873549429846009
8491	0.03954062187799043
8580	0.03954062187799043
8587	0.06596352052804184
8617	0.017176973793462377
8620	0.025685219018108378
8623	0.032740037437751834
8653	0.02970674024648391
8656	0.025685219018108378
8658	0.10571549293614976
8701	0.05871216447173026
8717	0.042411641682971665
8721	0.012771993254122446
8794	0.029043657194272977
8893	0.024728680491032776
8908	0.04721903704309914
8927	0.026494799245257397
8934	0.04488462180254081
8940	0.03763326574622923
8966	0.06596352052804184
8968	0.02262013555450106
8977	0.05447039309941073
9045	0.017127743135917296
9048	0.036323872099192626
9095	0.056949107116312875
9125	0.02262013555450106
9143	0.03488854319456396
9328	0.02375933056011518
9336	0.02970674024648391
9368	0.028047494449359316
9384	0.05146080841541867
9391	0.012579444958141416
9397	0.031484138242148504
9448	0.02954454327001358
9481	0.031103678299140115
9499	0.04215779745100205
9523	0.04420945235910708
9535	0.036323872099192626
9589	0.043575228155504214
9781	0.01799790423917315
9934	0.05871216447173026
10050	0.025464968874164377
10182	0.5850110943323339
10184	0.15969445641529606
10185	0.056949107116312875
10276	0.03488854319456396
10284	0.036636178736520954
10358	0.025910206085575548
10372	0.02790892957034849
10381	0.06596352052804184
10384	0.04187503711854875
10411	0.1004572434541824
10451	0.03316156214188713
10481	0.02086611521196617
10556	0.02262013555450106
10678	0.03228926582167884
10787	0.06172174915572232
10817	0.038355034355451706
10894	0.02012096894961399
10916	0.04297726567077961
10928	0.03873549429846009
11042	0.04187503711854875
11073	0.03996768098678756
11080	0.025464968874164377
11091	0.028474553558156437
11103	0.04638167062319508
11186	0.017734376566370093
11214	0.04721903704309914
11237	0.050075819530734506
11308	0.05146080841541867
11438	0.03897348949202225
11485	0.038355034355451706
11492	0.024830744670561504
11530	0.02790892957034849
11659	0.008671522149879441
11681	0.05447039309941073
11746	0.04560639041176329
11812	0.028919790769567605
11827	0.036323872099192626
11841	0.012739654757205794
11876	0.02970674024648391
11903	0.12344349831144465
11978	0.06596352052804184
12074	0.031292178811970564
12144	0.030557737281244175
12148	0.011210367096177811
12156	0.03516028562666008
12423	0.024627602454260315
12485	0.02045310781169154
12532	0.056319553351814815
12535	0.02954454327001358
12676	0.011182506905485204
12680	0.04560639041176329
12727	0.03873549429846009
12824	0.06596352052804184
12839	0.02442832984977397
12840	0.021296100203993716
12869	0.04711882908180109
13001	0.028047494449359316
13002	0.08949588545425259
