166
t_index	tf-idf
73	0.02874752587188878
111	0.038312166244831594
264	0.11528923782628454
287	0.04082793473864059
413	0.01658821069662521
478	0.03570396133854773
493	0.02699670865242671
499	0.044467038011712305
535	0.05318473847394184
796	0.06198682463040833
1141	0.07662692932059818
1303	0.06198682463040833
1392	0.2048076643413496
1407	0.061005818595954275
1488	0.06826922144711653
1616	0.031398474015411244
1646	0.029763597146666456
1862	0.024681526101967576
1964	0.04105914223522376
2088	0.04570424823435287
2248	0.047059458700562086
2249	0.05622153744577645
2322	0.05432286155172434
2406	0.0932617350234206
2483	0.046031134992673785
2496	0.048958134594614205
2498	0.01393338048075743
2583	0.0666740477399406
2703	0.05114999505594225
2805	0.044467038011712305
2924	0.07701918237385891
3041	0.030520678116320112
3085	0.06777857086064155
3199	0.047788795373130244
3210	0.05318473847394184
3244	0.046031134992673785
3272	0.02368579303590694
3350	0.04105914223522376
3382	0.0740345086317484
3609	0.17554636881911997
3723	0.18170808415439313
3768	0.10902485049263587
3769	0.04538470787131037
3815	0.03890062047086891
3830	0.05374241574479203
3873	0.04937030686667275
3971	0.055560071774364915
4008	0.029451080220538817
4099	0.0619442223972571
4100	0.06417868509173637
4130	0.10529622144494524
4389	0.03229296253153789
4466	0.04332891493392981
4518	0.059226130406684785
4530	0.06994397227636825
4831	0.22322181096330027
4914	0.1990228857928087
4972	0.05749505174377756
5042	0.05023232519634418
5078	0.036680179200430395
5110	0.02708367496478451
5158	0.043058069645003944
5252	0.07979979581638029
5297	0.10326407889538988
5310	0.019802836246636646
5314	0.08389033217176045
5387	0.06417868509173637
5600	0.03749073077182918
5612	0.046365713905764425
5694	0.09341671146490156
5729	0.03812130502014812
5802	0.019441536829364798
5835	0.05432286155172434
6012	0.12397364926081667
6056	0.08389033217176045
6087	0.06777857086064155
6144	0.05764461891314227
6184	0.01325776894738155
6373	0.03756362774929793
6375	0.04937030686667275
6412	0.04670835573245078
6430	0.051504550379459675
6454	0.04257867973726045
6464	0.04855757436709246
6497	0.03812130502014812
6608	0.04417385344443638
6652	0.05492801448519476
6802	0.2305784756525691
6834	0.03584842469434084
6848	0.05264811072247262
7198	0.024829641480283823
7343	0.032675558198558746
7394	0.029451080220538817
7494	0.059226130406684785
7589	0.03393706424081266
7616	0.025752275189729838
7662	0.037026999997828706
7677	0.01638123545921234
7815	0.07820462210920434
7909	0.06304056201395387
7912	0.06264048083178331
7943	0.1990228857928087
8096	0.06994397227636825
8153	0.059226130406684785
8351	0.22536095472591364
8417	0.046031134992673785
8486	0.04105914223522376
8499	0.06677110578058615
8560	0.05163203944769494
8617	0.02334642256497987
8836	0.3775823601011394
8893	0.03361047360028911
8915	0.05264811072247262
8968	0.030744603181120506
9005	0.06994397227636825
9117	0.07202185744610204
9213	0.048958134594614205
9374	0.055967817914793924
9422	0.047059458700562086
9430	0.05264811072247262
9441	0.11426894860539619
9443	0.03910231105460217
9485	0.043886592204779994
9486	0.026073621018808047
9527	0.07662692932059818
9550	0.05114999505594225
9656	0.04253138173857078
9899	0.04082793473864059
10093	0.036852532192438746
10103	0.053283373392018024
10110	0.02997582418715829
10219	0.030300224898135684
10359	0.06008814873635621
10534	0.06417868509173637
10547	0.05264811072247262
10717	0.04855757436709246
10796	0.02536054386515866
10855	0.11917541477183428
10894	0.027347811620538016
10953	0.029763597146666456
10999	0.05374241574479203
11014	0.08389033217176045
11161	0.06008814873635621
11179	0.05492801448519476
11318	0.07370506438487749
11319	0.08389033217176045
11382	0.05691528224057412
11503	0.13904042134934444
11530	0.03793297183311821
11596	0.04507219094518273
11634	0.045769027151612324
11644	0.03446386654434873
11687	0.1124430748915529
11752	0.04816798978484363
11786	0.043886592204779994
11857	0.05492801448519476
11883	0.04037650165633215
11977	0.08389033217176045
12025	0.08389033217176045
12148	0.015236791444341955
12221	0.08965561935639232
12239	0.05163203944769494
12365	0.04507219094518273
12409	0.04670835573245078
12662	0.03812130502014812
12675	0.025912040328371834
