113
t_index	tf-idf
76	0.04706813835688301
290	0.2735068037502563
376	0.0411785872893848
754	0.0879264210403952
778	0.031605377542907244
1181	0.06448312315939511
1309	0.06567728319095763
1341	0.09454966906143993
1387	0.05105713565146385
1389	0.12795950093567435
1392	0.20826465409039632
1448	0.06737920919877415
1616	0.0478926827578617
1631	0.08197431717997218
1680	0.06372204758449587
1964	0.06262828162974775
1986	0.10668685597308332
1995	0.0728931480893728
2088	0.06971354914573398
2322	0.08285968208260713
2347	0.046051307064038746
2386	0.03384328145577305
2406	0.09483591860190686
2453	0.08285968208260713
2583	0.05084958929889697
2727	0.051266687313849986
2794	0.03581631634787456
2811	0.1140404364308078
2924	0.039159602320064164
2976	0.054435206600371856
3041	0.046553764168993685
3350	0.06262828162974775
3537	0.07072249517096375
3609	0.06694104422894978
3723	0.16629765430015034
3768	0.055432551433383444
3780	0.04621750273041949
3888	0.08575576812198615
3924	0.0916535830220609
3971	0.0847468220967564
4091	0.12795950093567435
4130	0.08030515315472198
4453	0.05903250819213093
4544	0.18067746051294523
4683	0.11688049600306136
4809	0.05105713565146385
4831	0.2269896167958869
4972	0.04384914171242912
5049	0.08197431717997218
5060	0.08197431717997218
5082	0.07072249517096375
5210	0.05302024221730603
5297	0.15751064107103657
5310	0.030205638452382978
5443	0.0734715404550282
5486	0.08378273322988462
5487	0.052793136180562306
5600	0.05718531653271817
5694	0.21373539957428886
5721	0.08112368155350866
5785	0.13675340187512816
6087	0.05169196424031118
6144	0.0879264210403952
6450	0.19231390900906215
6608	0.06737920919877415
7019	0.05843826750400579
7112	0.12172012892410573
7416	0.0615870371200161
7616	0.03928042953136906
7677	0.024986606439689293
7850	0.08575576812198615
7892	0.06059350028075229
7912	0.047773351577596115
7913	0.034351595270133754
7979	0.15178667482615055
8153	0.09033873025647261
8201	0.07951639611041753
8399	0.03550365305144049
8504	0.0682830244881745
8551	0.032296700718775745
8560	0.07875532053551829
8617	0.0356107372889128
8678	0.059955559339408444
8806	0.11688049600306136
8836	0.08860514969570085
8908	0.09789295503362953
9005	0.10668685597308332
9261	0.10958294201246235
9374	0.042684382475520234
9441	0.06536121590590496
9486	0.039770584366283994
9527	0.11688049600306136
9649	0.09033873025647261
10063	0.044150374726159326
10103	0.05418275416569763
10219	0.09243500546083898
10350	0.08681395010101654
10359	0.0916535830220609
10518	0.10184722305203894
10732	0.11292622798465195
10855	0.12118700056150458
10928	0.08030515315472198
11042	0.08681395010101654
11073	0.08285968208260713
11382	0.08681395010101654
11503	0.21208096886922412
11644	0.05256838361659338
11659	0.01797751460108039
11766	0.08575576812198615
12148	0.02324096446640682
12629	0.11688049600306136
12662	0.058147143289496
12910	0.06737920919877415
