197
t_index	tf-idf
14	0.06256136118341736
26	0.09516909141128461
27	0.10059788743078356
66	0.04467015698888059
73	0.05498615712764242
103	0.07631759566140664
111	0.03664034954567478
114	0.17787187454447703
200	0.03041076575561553
205	0.051952390863437226
213	0.042246252029716665
308	0.08574334353634563
318	0.06256136118341736
348	0.11467111195105957
357	0.25723003060903693
367	0.045350222678645954
413	0.06345742335503074
474	0.09516909141128461
478	0.05121893716148695
557	0.023394756279838683
583	0.039267456554929914
659	0.03137389239482312
660	0.024552773009200092
710	0.03041076575561553
742	0.06934814200190921
744	0.06200936044148935
778	0.039632662984602045
877	0.07631759566140664
1024	0.06529017756522376
1040	0.017973869979298143
1190	0.12549556957929248
1248	0.03904633819168595
1252	0.03041076575561553
1279	0.07926532596920409
1283	0.040189740755518455
1338	0.06385743473019993
1500	0.025410267792068147
1616	0.030028348065039352
1642	0.10753642959494043
1669	0.026239700435835542
1854	0.09516909141128461
1869	0.08574334353634563
1976	0.044022487930794975
2078	0.019977262124561804
2082	0.049378987369966904
2092	0.09516909141128461
2160	0.19874063757770438
2203	0.09516909141128461
2209	0.0352444091139416
2251	0.03201243597685941
2260	0.04891797780716951
2281	0.04281293734642432
2294	0.06385743473019993
2302	0.03041076575561553
2323	0.07639231277089588
2386	0.02121948023574068
2403	0.05586442969028478
2418	0.03609994149263338
2652	0.06529017756522376
2752	0.05035072064219335
2940	0.04310538904188638
2972	0.04279603727819061
2976	0.13652184314272686
2977	0.04847208606662494
2989	0.04891797780716951
3181	0.06529017756522376
3335	0.04252664298849823
3403	0.03699207961922887
3433	0.02396144159654634
3505	0.03201243597685941
3578	0.04847208606662494
3594	0.06870767172050064
3640	0.06028967960167638
3839	0.04806793398721977
3848	0.03029503331479863
3858	0.08680357049057742
4135	0.04880502407190682
4276	0.014939456923030428
4332	0.02098501788067654
4858	0.03353262914359452
4915	0.03149922489231536
4940	0.06137813873837621
4972	0.02749307856382121
4980	0.09804734201206952
5110	0.07770549788411013
5117	0.017029463881605308
5169	0.06870767172050064
5213	0.030763992880579457
5304	0.037591679993794945
5487	0.03310089511355924
5524	0.02962059031674696
5686	0.03353262914359452
5689	0.03882875787443979
5704	0.09783595561433903
5761	0.05313561330847837
5765	0.021948144519884125
5802	0.07437268888225636
5810	0.028264830589070658
5820	0.051952390863437226
5856	0.02606971722604139
5911	0.04434246692253123
5923	0.05313561330847837
6035	0.05512919767854887
6184	0.012679243593890603
6365	0.05746609991152866
6493	0.06137813873837621
6598	0.04197152592405424
6646	0.021885908806145694
6807	0.02325669946241752
6843	0.05035072064219335
6849	0.015705771187649247
6962	0.08868493384506246
6969	0.03627770192867089
7039	0.02525028383248802
7183	0.03699207961922887
7226	0.05050056766497604
7234	0.045350222678645954
7319	0.051952390863437226
7362	0.0390001470478121
7412	0.09516909141128461
7604	0.02121948023574068
7616	0.024628530752301165
7677	0.015666412318737336
7682	0.11985971848508374
7685	0.09516909141128461
7897	0.031004680220744676
7913	0.03230728370060693
7962	0.06529017756522376
7996	0.015588034697058497
8113	0.024935854108209254
8251	0.15585717259031168
8290	0.04467015698888059
8312	0.027970267164476963
8372	0.19033818282256923
8399	0.033390780909032886
8551	0.020249785868940634
8580	0.051397273798993226
8582	0.08574334353634563
8746	0.04721594934653815
8752	0.05512919767854887
8783	0.05837771257342337
8798	0.030066482057291528
8824	0.03041076575561553
8850	0.04804035203658966
8895	0.04310538904188638
8938	0.03282050415477767
8957	0.026239700435835542
8997	0.046438681815345786
9025	0.06870767172050064
9045	0.08905467458068302
9068	0.08741973086707876
9117	0.03443953044693647
9169	0.09516909141128461
9198	0.025572156367319417
9241	0.0289780229205917
9322	0.029841708679990926
9441	0.06830164262251942
9442	0.04985617597062266
9456	0.04043042809568367
9486	0.024935854108209254
9499	0.05479923570847425
9543	0.04170224029844671
9648	0.039267456554929914
9744	0.07722920832330135
9856	0.08121980876364468
9894	0.06529017756522376
9900	0.054431686855260945
9949	0.02381754099746419
10103	0.08493043756997253
10107	0.03367964116694739
10174	0.04043042809568367
10178	0.1561853527667438
10213	0.02110174374514993
10329	0.07081351688006826
10421	0.028667777987764893
10478	0.035580191105382956
10705	0.04197152592405424
10714	0.10059788743078356
10724	0.06689184778646766
10758	0.04370986543353938
11159	0.11172885938056956
11210	0.018988792259803162
11244	0.11110951077304877
11248	0.046438681815345786
11437	0.07402586788081358
11493	0.022917567679182925
11634	0.021885908806145694
11699	0.037382006863687194
11841	0.01655976796928493
11843	0.1409776364557664
12148	0.04371572420945133
12248	0.06385743473019993
12291	0.02081178649704254
12676	0.014535693721607347
12678	0.06385743473019993
12963	0.10320367091176266
12964	0.37945513172725187
