142
t_index	tf-idf
67	0.042529796982884865
198	0.492726029954328
208	0.020053859049094222
465	0.037648547855913005
478	0.015114592259843443
773	0.06553459745788229
785	0.06756344847825835
838	0.052481884062512356
879	0.04371488174078357
979	0.06423280565707991
998	0.1582516634540195
1190	0.02777509359420225
1387	0.0850211756558194
1426	0.07102674984974432
1447	0.0598958569328856
1448	0.03740031964676637
1665	0.04880550382545561
1666	0.045501656992022854
1703	0.04371488174078357
1720	0.02160337796798497
2022	0.060826434560970186
2185	0.14456400671004832
2298	0.03496220261125309
2339	0.04457515059888494
2378	0.045501656992022854
2397	0.022424512645757236
2441	0.04179995888733281
2467	0.03954618622452444
2480	0.03623060010042711
2505	0.03984345173822494
2509	0.021085507085422218
2600	0.060826434560970186
2686	0.052481884062512356
2818	0.02221391879239934
2835	0.03925608443708267
2848	0.02651774579981275
3035	0.04371488174078357
3169	0.04371488174078357
3293	0.05538514763749337
3330	0.04215934801206368
3335	0.037648547855913005
3433	0.021212901307263433
3717	0.03790200230417908
3726	0.14205349969948863
3858	0.01921165267243463
3937	0.03345540838887498
3944	0.06756344847825835
4004	0.04880550382545561
4013	0.0536399739738287
4038	0.16301294655848597
4067	0.04179995888733281
4083	0.10294498944088087
4094	0.03557970420002593
4276	0.013225799625429687
4285	0.05165130360816873
4307	0.029430057583880037
4310	0.01694466090033431
4346	0.03645562799092188
4405	0.03418524648442704
4515	0.14231881680010372
4606	0.03437483531011081
4812	0.05433764885282866
4875	0.05014450938579063
4956	0.040782002796322145
4984	0.0316503326908039
5213	0.0272351537015681
5310	0.01676630739195933
5630	0.0316503326908039
5689	0.03437483531011081
5953	0.06756344847825835
5989	0.05538514763749337
6047	0.05014450938579063
6091	0.4371488174078357
6181	0.1351268969565167
6215	0.084252549475174
6282	0.05087434748134269
6557	0.023459142758301268
6585	0.023154350741309292
6652	0.04650545829995358
6667	0.0316503326908039
6671	0.025470247015148034
6783	0.052481884062512356
6874	0.04457515059888494
6959	0.1986386269256207
7237	0.02845670816812875
7275	0.02385131559959942
7341	0.020053859049094222
7439	0.019823447391405142
7709	0.11843779595960104
7796	0.04880550382545561
8012	0.03227585736659317
8329	0.036009701395917804
8402	0.029179243478123194
8454	0.12138285998099335
8565	0.1022471842473197
8566	0.03623060010042711
8808	0.03925608443708267
8848	0.03437483531011081
9030	0.1350884786465663
9034	0.04502949288218878
9041	0.07102674984974432
9104	0.08915030119776989
9198	0.022638856140944453
9205	0.03537033124232574
9395	0.06487710323359842
9528	0.018526556062603516
9792	0.0533740433806466
9807	0.023536561942301703
9850	0.04371488174078357
9895	0.21653376554855458
9946	0.05165130360816873
9949	0.042171014170844436
10053	0.05087434748134269
10106	0.03645562799092188
10147	0.056532552735140594
10151	0.04330675310971092
10204	0.06383132264433003
10207	0.04057753365315951
10213	0.05604369073623027
10372	0.06423280565707991
10374	0.084252549475174
10421	0.0253793889112518
10493	0.08505959396576973
10502	0.07590799897671617
10754	0.06756344847825835
10894	0.023154350741309292
11046	0.05087434748134269
11066	0.030769063144215066
11179	0.04650545829995358
11465	0.08029648751043383
11569	0.084252549475174
11678	0.07431421298713006
11755	0.042529796982884865
11784	0.03842550398273905
12336	0.05780095022431462
12391	0.016634255154342234
12425	0.07428566196743687
12791	0.04650545829995358
12798	0.030769063144215066
12840	0.024506641542965984
12958	0.021085507085422218
12973	0.04457515059888494
