25
t_index	tf-idf
412	0.13151727185001127
1800	0.12602663133679007
1806	0.15732550758363376
2112	0.14307247074848706
2794	0.1011833156324391
2821	0.1472584697725073
3442	0.14080290923001465
3588	0.1413624670508732
5688	0.11822915504413609
6184	0.05712932052597679
6186	0.3614935284128418
7113	0.21274258863962445
7589	0.07311944522562262
7892	0.17118039735388588
8192	0.26288140775045027
8399	0.05015001121160375
9014	0.15378283566253215
9338	0.21840240870498429
9583	0.3095786094215755
9884	0.38580756055526255
9949	0.10731554478852016
9963	0.24839759416210863
10020	0.20756165976582336
10119	0.3095786094215755
11080	0.1491438848568572
