210
t_index	tf-idf
73	0.05426845775339241
96	0.07232666378210743
230	0.0249994236143293
242	0.04169483854257749
264	0.05440963128686683
412	0.028807872690360028
441	0.06781087413405523
478	0.016850136305333715
556	0.0328093853434413
660	0.024232301262394805
674	0.06987972846567664
708	0.03580419213396028
778	0.019557681507379535
804	0.0502000371416433
924	0.04254276178516884
1040	0.017739268473922012
1082	0.04969352467532385
1258	0.02364868812297573
1353	0.046210628190629696
1458	0.03769760622357801
1500	0.0752358111319806
1537	0.20581285914469546
1560	0.03353502083884807
1616	0.014818203557932664
1626	0.06987972846567664
1644	0.045106911710413554
1669	0.0517944205941954
1681	0.06505954265126677
1703	0.04873447482012173
1708	0.0753214705726264
1720	0.02408400155016557
1743	0.06601875099617313
1793	0.06302394420565414
1800	0.08281556711316944
1806	0.03446097329774563
1976	0.08689578072989464
1985	0.07918244804212993
1996	0.10861687565913324
2021	0.04873447482012173
2078	0.019716511614342597
2112	0.06267790480809493
2164	0.2592274068081105
2167	0.13658068315397617
2180	0.06443798635872687
2283	0.045106911710413554
2498	0.026302892059359217
2531	0.09482662368653315
2709	0.05265206463100664
2722	0.07918244804212993
2760	0.03943175524366845
2781	0.05096333331479854
2794	0.04432689386154677
2821	0.03225586411662825
2923	0.05306641245065218
2972	0.021118723896750995
3042	0.023366130583410267
3050	0.04169483854257749
3089	0.04700032580003129
3196	0.05950275671809657
3272	0.06706967398444812
3440	0.04873447482012173
3442	0.06168364392711106
3537	0.08752738574839783
3588	0.030964388910386453
3609	0.041423698262228636
3710	0.0753214705726264
3739	0.11496585230174745
3873	0.04659966955775482
3980	0.03580419213396028
4197	0.04169483854257749
4211	0.05758220209870439
4255	0.03528460515379655
4332	0.02071111377483723
4371	0.04546482591847612
4377	0.05372122462920088
4427	0.05306641245065218
4592	0.06174478748343433
4633	0.04873447482012173
4835	0.20738192544648842
4949	0.026501472557507004
4995	0.06781087413405523
5117	0.050421567327018836
5213	0.030362450027010518
5246	0.03335833200177999
5261	0.06443798635872687
5262	0.06987972846567664
5294	0.067673257508149
5310	0.03738302165678999
5315	0.08846692355812223
5429	0.05934808673868914
5688	0.0517944205941954
5689	0.03832195076724915
5712	0.029233971570397834
5765	0.04332333866786635
5901	0.14465332756421487
5905	0.07232666378210743
6184	0.03754124844855433
6217	0.09841086996229735
6349	0.08752738574839783
6367	0.07232666378210743
6606	0.032120978685775355
6646	0.021600245943425522
6657	0.13975945693135328
6677	0.06443798635872687
6769	0.06987972846567664
6782	0.039202331068947764
6807	0.02295314454017498
6849	0.015500773734793553
6883	0.039202331068947764
6901	0.08951659006938707
6946	0.045106911710413554
7032	0.07232666378210743
7113	0.04659966955775482
7132	0.06987972846567664
7135	0.029126171895256382
7157	0.12348957496686866
7176	0.08488078708616728
7275	0.026590060254721378
7589	0.03203253290794762
7616	0.07292121056342062
7617	0.07539521244715602
7640	0.03462170560688036
7641	0.040390805098870566
7677	0.015461928592191407
7717	0.02308939938967094
7804	0.1118047782684162
7913	0.021257064834982565
7996	0.01538457398381214
8211	0.05372122462920088
8312	0.027605189037723146
8399	0.07689488860718939
8413	0.049205434981148675
8486	0.07750984678516863
8617	0.044072465655188374
8794	0.009314981785985806
8894	0.049205434981148675
8968	0.029019231190795868
9014	0.16842488782694456
9051	0.03580419213396028
9095	0.10958948288810116
9198	0.02523837925719251
9266	0.02859979119821778
9391	0.016138091684404547
9441	0.0808921736111096
9461	0.030362450027010518
9462	0.04169483854257749
9495	0.03966516960346379
9528	0.02065388133245676
9534	0.058508154557601944
9615	0.04225412727588228
9659	0.03338672112661885
9668	0.036717536806679614
9779	0.04583254720582033
9802	0.039902715404695394
9884	0.29577889093117593
9885	0.10254857862554019
9899	0.23122014688110668
9925	0.05306641245065218
9949	0.02350666576698803
10207	0.09047375691457597
10213	0.020826316090761902
10284	0.04700032580003129
10349	0.04254276178516884
10352	0.04064167198050074
10367	0.04225412727588228
10380	0.06057700888922336
10505	0.058508154557601944
10564	0.045106911710413554
10681	0.030362450027010518
10702	0.06781087413405523
10708	0.039902715404695394
10718	0.06302394420565414
10719	0.07499156612189967
10720	0.05440963128686683
10796	0.023937322632262288
10808	0.06987972846567664
10913	0.05912533048267141
10922	0.02685938676556957
10976	0.05513526678227361
11050	0.024533909177621226
11090	0.05440963128686683
11091	0.03652982762936705
11152	0.07232666378210743
11231	0.0753214705726264
11236	0.0502000371416433
11238	0.06648008441743113
11263	0.0559023891342081
11437	0.0730596552587341
11438	0.0249994236143293
11454	0.06302394420565414
11485	0.049205434981148675
11703	0.03545557545824027
11752	0.04546482591847612
11760	0.042837740415301355
11767	0.030720364235073086
11830	0.05950275671809657
12148	0.014381710211853346
12158	0.07232666378210743
12423	0.09478379396621027
12452	0.04659966955775482
12564	0.06443798635872687
12582	0.03652982762936705
12590	0.05758220209870439
12680	0.058508154557601944
12716	0.051274289312770095
12795	0.04344789036494732
12838	0.038754923392584316
12862	0.027509665592479245
12878	0.05758220209870439
12958	0.11753332883494017
