88
t_index	tf-idf
65	0.02928194027560407
73	0.02717875220883568
139	0.05599411684278323
208	0.02239324186232603
333	0.03658976777566459
410	0.08476304616530049
540	0.05860415794911431
742	0.017138822442508198
772	0.31158331363944114
773	0.18294883887832292
847	0.08966347380394107
898	0.05135842298112168
1091	0.07544506217593962
1837	0.04021041290730267
2248	0.044491389373971145
2267	0.05252811773054942
2302	0.03006308169651346
2498	0.026346051288416703
2712	0.23793712484761279
2754	0.08091416109785846
2758	0.04321013374118856
2848	0.029611173285159217
3158	0.04749111020785703
3249	0.5163497579499774
3335	0.42040438991760815
3843	0.07244534134205373
3946	0.06602738925312468
3980	0.0358629416177068
4013	0.08984601724866567
4150	0.05767668613659664
4155	0.04590775176502545
4214	0.04383550274365724
4235	0.04290803093113956
4431	0.03568721350372412
4588	0.09408103015466134
5726	0.03658976777566459
5952	0.06612707818657876
6454	0.02012756490968141
6555	0.044159446353461855
6710	0.07544506217593962
6883	0.03926665640558275
6959	0.036968469136506706
7027	0.1120744465921845
7341	0.02239324186232603
7439	0.022135951534020665
7592	0.055225735754386315
7828	0.04667613285342236
7913	0.010645972296882347
8080	0.07931237494920426
8118	0.07544506217593962
8311	0.12908743948749435
8551	0.02001827154919481
8565	0.08563112170779891
8566	0.12137124164678768
8631	0.2099831728795302
8670	0.06184610171991028
8794	0.009330266319399864
8927	0.03404578581598619
8959	0.049775064538290094
9045	0.022009129751041558
9241	0.028646719305459162
9333	0.04749111020785703
9747	0.06312735735269287
9787	0.021821112570207503
9835	0.05252811773054942
10198	0.04518092560706766
10480	0.03484146236410099
10481	0.026812933464496987
11186	0.02278865299448375
11188	0.18816206030932267
11288	0.05380937336333201
11299	0.12625471470538574
11465	0.04483173690197054
11699	0.03695462111522579
11755	0.04749111020785703
11760	0.08581606186227912
11763	0.041225461637326134
11817	0.036968469136506706
11825	0.04483173690197054
12127	0.07544506217593962
12261	0.044491389373971145
12676	0.014369508199164207
12791	0.05193055227324019
12915	0.16952609233060098
12958	0.023545236794460054
13001	0.03604099732398905
13002	0.08625158052857092
13003	0.05767668613659664
