52
t_index	tf-idf
105	0.11926991575514567
412	0.09114405112320387
413	0.049537455164445666
556	0.10380427347779067
705	0.1327921342504436
1187	0.1462039180578412
1800	0.08733892946430197
1806	0.10902966511151427
2112	0.09915203079254017
2709	0.16658371557149257
2781	0.08062040378648357
2821	0.10205301028884617
3167	0.1882583403008637
3442	0.1951583602158668
3588	0.09796696466210877
4835	0.1640317997278591
5117	0.05317557876813426
5213	0.19212502965646672
5246	0.052770531688243257
5261	0.2038727116744529
5461	0.29717151120059115
5765	0.06853447036533916
6198	0.1916571228439828
6349	0.13846215940828388
6608	0.1319165957356541
6782	0.12403065320031735
6807	0.07262051599207656
6849	0.04904226455450857
7275	0.08412720499269563
7589	0.050673210902252165
8399	0.06950988446464293
8551	0.06323123798834465
8560	0.15418901326768372
8794	0.02947129020039392
9014	0.10657452392627233
9337	0.08356848491109456
9441	0.042655240382404376
9461	0.09606251482823336
9462	0.1319165957356541
9668	0.11616911417919425
9884	0.4010583195080671
9885	0.1622246285472132
10063	0.08643863891525698
10302	0.16591931551821484
10311	0.16591931551821484
11209	0.127011674404703
11857	0.1640317997278591
11887	0.1474347901404632
12838	0.1226151183371329
12880	0.12331698743370137
12958	0.07437177918102107
12971	0.11863137569874697
