70
t_index	tf-idf
22	0.08280689438125652
189	0.0758311626574699
268	0.08978262610504315
348	0.051118799483100316
493	0.09207682348886288
556	0.059277597962158965
577	0.09164878193315411
949	0.045744492285077216
1624	0.0814958692366665
1646	0.050756881443414135
1647	0.31210593463298036
2004	0.07389028239886548
2112	0.16986278179701286
2363	0.05685076840363913
2498	0.04752214174132471
2503	0.15699694160056277
2509	0.1274103737251125
2650	0.34160115962298493
2811	0.06374964409317678
2818	0.0447429551772658
2882	0.08280689438125652
3533	0.06311363016895556
3588	0.05594419333859123
3632	0.07794101961735625
4135	0.04351321264529931
4247	0.039360205943678714
4276	0.02663921505045633
4558	0.11386705320766163
4708	0.027865501774745498
4838	0.0814958692366665
5054	0.04074618650654985
5577	0.11642184115549946
5879	0.22308339984237835
5880	0.18527727208918277
6432	0.03139462010845485
6718	0.23855570219009542
6840	0.11642184115549946
7019	0.0653350490650317
7183	0.032981117359798466
7362	0.03477145486475091
7455	0.1697002712564121
7589	0.02893701889795574
7674	0.08419287494412765
7677	0.027935481790144327
7898	0.0650095668826978
8015	0.04298606017743152
8072	0.3489113526288213
8571	0.08643274861500932
8721	0.029603419698624973
8797	0.03891527495572725
8936	0.07686315067786725
9134	0.26134905318956625
9364	0.21005868386794874
9399	0.08978262610504315
9441	0.02435834388753173
9473	0.08643274861500932
9509	0.08804988496566357
9528	0.03731592229380962
9659	0.06032068603242079
9781	0.04171623820079387
9787	0.039360205943678714
10342	0.07849847080028138
11062	0.12251572811572448
11210	0.06771953266621522
11215	0.1526833339108772
11438	0.04516713028249865
12438	0.1262535828188343
12469	0.05662092726567096
12509	0.1424848231570842
12537	0.07739609649387046
