232
t_index	tf-idf
4	0.03825153354438104
323	0.02899351420446215
376	0.021438833366700244
413	0.013173157126496419
471	0.20024901876159687
492	0.04844640863878943
535	0.04223547249682517
643	0.023552762421224213
660	0.06116306392054323
736	0.10012450938079843
808	0.06661963410661315
924	0.07158614804394005
1020	0.04024937491913384
1040	0.014924817358802557
1046	0.18975202384676254
1119	0.06085156491691636
1187	0.03887900940191346
1213	0.02912874528014156
1222	0.07119800819116603
1262	0.05302478272334231
1305	0.06337122599759198
1353	0.03887900940191346
1410	0.05302478272334231
1537	0.057719767068245276
1575	0.058792851913039096
1599	0.06085156491691636
1616	0.03740159556401483
1793	0.05302478272334231
1964	0.03260620099633814
1976	0.036554598025019265
1998	0.030578381745950643
2044	0.058792851913039096
2089	0.04464707859161023
2164	0.17447942486217627
2167	0.028727815831445222
2191	0.05705223486973717
2450	0.15018676407119763
2480	0.1019476180703557
2526	0.06661963410661315
2531	0.03989087941686985
2545	0.057719767068245276
2576	0.0476092628958473
2580	0.11385121430805752
2620	0.04464707859161023
2688	0.051948572592102636
2719	0.06337122599759198
2754	0.06796507871357046
2781	0.021438833366700244
2818	0.02083557455683
2963	0.07531419682454456
3050	0.07015935870946853
3052	0.06661963410661315
3089	0.19771708156987852
3100	0.04313928752589101
3237	0.03462795272381941
3389	0.08929415718322047
3407	0.20024901876159687
3440	0.12300729370606343
3441	0.1332392682132263
3442	0.025948564930704885
3498	0.06085156491691636
3538	0.06661963410661315
3619	0.039543416313975704
3672	0.03629500820495456
3820	0.04223547249682517
3858	0.018019595072680056
3882	0.058792851913039096
3897	0.06521240199267628
3938	0.041809321550359275
3946	0.018486902856690624
3980	0.060247245151556925
4061	0.0477176616104439
4074	0.027844218641006918
4105	0.058792851913039096
4171	0.051948572592102636
4183	0.03073413124776407
4307	0.02760396149510284
4332	0.01742515994057131
4370	0.07119800819116603
4377	0.04519800052976827
4561	0.06337122599759198
4618	0.051948572592102636
4666	0.07712182688267624
4682	0.06084950270161398
4808	0.06661963410661315
4815	0.03260620099633814
4922	0.07119800819116603
4924	0.07119800819116603
4949	0.04459368076440884
5078	0.02912874528014156
5117	0.05656247395669851
5186	0.11967263825060956
5190	0.046387695634912164
5246	0.028065814171129144
5279	0.01791832390186695
5289	0.058792851913039096
5310	0.03145196045530034
5315	0.10420349349115425
5316	0.06661963410661315
5318	0.07119800819116603
5429	0.049932124116134596
5446	0.03073413124776407
5448	0.07119800819116603
5688	0.0435768965732587
5888	0.07119800819116603
6017	0.05554444380401794
6067	0.06337122599759198
6104	0.04922545267616312
6125	0.06661963410661315
6454	0.05071936166073167
6538	0.06337122599759198
6585	0.04343530789809228
6591	0.018381372557195554
6605	0.07119800819116603
6646	0.01817322546782371
6685	0.035079679354734265
6750	0.06661963410661315
6845	0.05096606971946505
6849	0.013041474469593431
6861	0.04464707859161023
6946	0.03795040476935251
6973	0.06085156491691636
7136	0.05554444380401794
7157	0.051948572592102636
7237	0.026691007121259
7240	0.058792851913039096
7331	0.025948564930704885
7403	0.06337122599759198
7431	0.03825153354438104
7457	0.04361985621554407
7460	0.06337122599759198
7562	0.021577383078658297
7616	0.020450594319259698
7640	0.02912874528014156
7641	0.1019476180703557
7996	0.025887421140158916
8002	0.06970311451103722
8053	0.21359402457349813
8217	0.07119800819116603
8271	0.03279284425164134
8399	0.02772643326724271
8455	0.04223547249682517
8486	0.06521240199267628
8496	0.03279284425164134
8513	0.04313928752589101
8520	0.04139867048258908
8547	0.19011367799277595
8571	0.04024937491913384
8579	0.06661963410661315
8595	0.033372030684799624
8646	0.05421447782848621
8715	0.03765709841227228
8821	0.04922545267616312
8977	0.058792851913039096
9048	0.0392063268083723
9076	0.02691241931048809
9134	0.1825546947507491
9145	0.06661963410661315
9160	0.05006225469039922
9198	0.042468290211575846
9205	0.03317564904178043
9229	0.04361985621554407
9241	0.024062247029001463
9368	0.030273183170965723
9461	0.025545248491225577
9462	0.1052390380642028
9534	0.04922545267616312
9589	0.04703310900194635
9648	0.03260620099633814
9714	0.04267833944909265
9779	0.03856091344133812
9787	0.03665794993927428
9872	0.04922545267616312
9939	0.08200486247070896
9949	0.0197771793015288
10037	0.14533922591636828
10226	0.040619626445215384
10258	0.04139867048258908
10378	0.04100243123535448
10380	0.15289820915839517
10431	0.0915543739258531
10453	0.05554444380401794
10654	0.05473742014473841
10681	0.025545248491225577
10688	0.027723451074230597
10708	0.033571888289015035
10829	0.04361985621554407
10878	0.024595810531985764
11008	0.06343326824080332
11015	0.03154683152423319
11017	0.02940416527223234
11050	0.020641443817806464
11056	0.05006225469039922
11096	0.05421447782848621
11097	0.034193604564756286
11156	0.04519800052976827
11186	0.05742502573831878
11220	0.07119800819116603
11237	0.02702477506194456
11238	0.027966291828395988
11261	0.0477176616104439
11279	0.03765709841227228
11282	0.06085156491691636
11441	0.026155757163211186
11459	0.051948572592102636
11485	0.04139867048258908
11519	0.025251942134145354
11699	0.01552029767625539
11767	0.051692754532508205
11782	0.03531250533231697
12440	0.04361985621554407
12564	0.10842895565697241
12568	0.1085530401433951
12577	0.06309366304846638
12582	0.06146826249552814
12590	0.04844640863878943
12631	0.027138260035848776
12646	0.033372030684799624
12659	0.04844640863878943
12680	0.04922545267616312
12716	0.04313928752589101
12749	0.042468290211575846
12776	0.024595810531985764
12834	0.06337122599759198
12838	0.06521240199267628
12869	0.016952636609190053
12878	0.04844640863878943
12891	0.04703310900194635
12948	0.04464707859161023
12958	0.059331537904586396
12982	0.02821447016708845
13036	0.04139867048258908
