148
t_index	tf-idf
84	0.05036830597916758
148	0.03969038364484682
198	0.04448777230605747
208	0.023538374254584042
388	0.07357372283404315
413	0.016484966789971262
465	0.04419027816065779
486	0.06950864570156311
488	0.05587161838155971
509	0.07615000847104783
535	0.05285372024208784
594	0.07139550436466992
613	0.05521426962795702
773	0.15384349494137084
849	0.04712431581677277
953	0.05971416414376799
979	0.037696879570084545
998	0.11144947827763174
1120	0.043613445009352096
1183	0.07139550436466992
1332	0.06784431840872807
1415	0.07357372283404315
1703	0.05131068511005228
1837	0.12680000784555454
1839	0.03396097921953174
2339	0.05232043242561788
2386	0.022049582759108687
2480	0.04252595086782276
2505	0.046766563797662475
2509	0.12374639611989521
2730	0.07357372283404315
2758	0.0454197880701619
2816	0.033401284275265085
2848	0.031125411996555812
2858	0.047868195459102
3335	0.04419027816065779
3505	0.03326475712649761
3529	0.14279100872933984
3553	0.04991968258597287
3987	0.04389891835439135
4003	0.06950864570156311
4021	0.04749136112787967
4038	0.12755848255249605
4046	0.07357372283404315
4088	0.04574464030730511
4094	0.04176195670256459
4099	0.03077934286357735
4135	0.025357134231809287
4255	0.037149826092543914
4328	0.04176195670256459
4346	0.08558015823642355
4350	0.06635552691325272
4423	0.03697208223986735
4510	0.06950864570156311
4515	0.04176195670256459
4637	0.06500875118575214
4658	0.07930312725935823
4736	0.07938076728969364
4748	0.04419027816065779
4915	0.032731469310027635
4970	0.07357372283404315
5024	0.05521426962795702
5127	0.12755848255249605
5153	0.07357372283404315
5196	0.14029969139298742
5279	0.022423096575694308
5573	0.1238239545506468
6020	0.06264820179988297
6047	0.05885751095814918
6263	0.05521426962795702
6449	0.031480169959087145
6454	0.021156836450490723
6555	0.046417646070788375
6646	0.02274208190390063
6663	0.07357372283404315
6667	0.037149826092543914
6670	0.028089559026241898
6671	0.0298959020870517
6694	0.07930312725935823
6874	0.05232043242561788
6893	0.06264820179988297
6933	0.046766563797662475
6959	0.1942947045148708
7050	0.05180654124907967
7237	0.033401284275265085
7331	0.03247218772405639
7341	0.023538374254584042
7346	0.04991968258597287
7449	0.05971416414376799
8022	0.06377924127624802
8113	0.025911340556868657
8276	0.04419027816065779
8312	0.02906445934517904
8454	0.04749136112787967
8565	0.09001007549465373
8566	0.04252595086782276
8721	0.017251263268875498
8728	0.04712431581677277
8880	0.09730684492153856
9198	0.026572534854098696
9211	0.03312953647765908
9241	0.03011163833818722
9516	0.03469329074826235
9519	0.06160102280687479
9617	0.2942948913361726
9714	0.05340792656714721
9850	0.2565534255502614
9895	0.05083164093014252
9902	0.06950864570156311
9914	0.06635552691325272
10068	0.03788404058403702
10106	0.29953055382748245
10125	0.3558214865109977
10151	0.05083164093014252
10189	0.05036830597916758
10204	0.0499483435379057
10421	0.02978925667539623
10519	0.08303240710451432
10562	0.06950864570156311
10697	0.06950864570156311
10812	0.07139550436466992
10853	0.06264820179988297
10858	0.07930312725935823
10979	0.07930312725935823
11036	0.06784431840872807
11103	0.06264820179988297
11279	0.04712431581677277
11373	0.05340792656714721
11499	0.06784431840872807
11564	0.0615586857271547
11658	0.06062612248793764
11659	0.01171271457579031
11678	0.13084033502805628
11763	0.13000087492511692
11787	0.06160102280687479
11827	0.049063029400354057
11841	0.017207583326917433
11853	0.07357372283404315
11909	0.07139550436466992
11942	0.046077136823764596
12385	0.09651071058627567
12425	0.02906445934517904
12479	0.07139550436466992
12512	0.07139550436466992
12655	0.05180654124907967
12676	0.03020865526534423
12785	0.08629458783205993
12840	0.08629458783205993
