288
t_index	tf-idf
73	0.021090661611029637
79	0.045476718533909916
187	0.07300670596510953
193	0.060941705968200005
194	0.1688540252174269
242	0.032408207899479034
323	0.0267855309215618
708	0.055659153166661764
849	0.03478934519027637
924	0.06613454886718613
1040	0.01378822705118454
1054	0.03718420847046103
1204	0.05131449076995646
1258	0.03676290054255526
1263	0.06154625675114577
1319	0.035060314981715246
1410	0.09797342586547135
1433	0.035338511479663645
1537	0.10664830725168789
1660	0.030470852984100003
1669	0.10064581188722224
1681	0.025284462751117013
1706	0.07300670596510953
1739	0.06577596756672519
1790	0.04029801283197742
1800	0.021456725501536066
1806	0.0267855309215618
1849	0.03562433074041329
1976	0.1350832201739415
2078	0.015325081707598035
2112	0.02435887319302385
2140	0.07300670596510953
2144	0.09095343706781983
2164	0.32238410265581935
2167	0.053080133290202045
2182	0.09797342586547135
2193	0.056217451331120036
2220	0.07124866148082658
2283	0.10518094494514572
2287	0.0216068252196293
2293	0.028989854650142744
2447	0.06577596756672519
2487	0.05485143290853853
2505	0.034525236135966954
2545	0.026662076812921973
2576	0.02199180434728435
2580	0.07012062996343049
2660	0.06154625675114577
2670	0.04738355211544166
2709	0.08184989396977702
2719	0.17563568750502245
2727	0.024658369852388565
2754	0.03139461992483389
2781	0.05941851650162319
2794	0.051681044057869996
2871	0.06154625675114577
2874	0.03622059304852711
2963	0.03478934519027637
2972	0.016414981291238084
3042	0.07264730544335843
3050	0.0972246236984371
3089	0.0365320117096801
3107	0.027829576583330882
3169	0.03787991624501913
3189	0.04408375237157209
3244	0.033770805043485376
3245	0.07370602794637546
3272	0.0173771144040499
3313	0.07300670596510953
3316	0.05131449076995646
3336	0.04345133144691147
3345	0.06154625675114577
3389	0.041247007718330515
3416	0.04799246092364386
3442	0.02397246789127001
3517	0.06577596756672519
3531	0.056217451331120036
3537	0.03401626931994616
3588	0.024067735680601887
3645	0.05270745693229428
3759	0.04799246092364386
3998	0.024163881526449525
4135	0.0748792278921621
4185	0.07124866148082658
4211	0.08951400423431255
4247	0.01693314312806516
4252	0.030470852984100003
4332	0.016098157577928252
4371	0.035338511479663645
4423	0.054588995475165186
4445	0.06905047227193391
4606	0.029786558504366754
4638	0.07300670596510953
4757	0.08152344505051902
4770	0.04345133144691147
4785	0.06577596756672519
4809	0.02455757920908706
4824	0.06577596756672519
4828	0.06577596756672519
4835	0.08059602566395484
4873	0.07300670596510953
4915	0.024163881526449525
4949	0.06179651455483957
5117	0.01306374836526381
5139	0.056217451331120036
5183	0.0422910533800996
5190	0.0857101382775953
5279	0.01655376494037248
5294	0.05260049145698157
5310	0.029056755706748053
5313	0.07300670596510953
5315	0.0275051258248303
5419	0.030295525320387554
5429	0.09225914768801277
5434	0.12089403849593225
5463	0.05854522916834082
5480	0.056217451331120036
5487	0.025392564759223968
5496	0.03862535832321825
5600	0.01375256291241515
5662	0.05131449076995646
5688	0.04025832475488889
5729	0.027967747483166782
5765	0.016836997282217527
6009	0.02183610368922875
6026	0.08816750474314418
6047	0.08690266289382294
6184	0.01945316058380293
6315	0.03685301397318773
6349	0.10204880795983849
6373	0.027558606791892017
6449	0.023240114585715642
6458	0.035338511479663645
6460	0.029301273311295742
6553	0.06577596756672519
6591	0.03396310081899177
6606	0.02496671990036182
6646	0.016789254633989496
6657	0.05431551835276141
6669	0.02995347007207667
6709	0.06577596756672519
6711	0.041755974534351314
6782	0.09141255895230001
6796	0.023328895976312613
6849	0.024096617968048333
6903	0.050085807537182
6969	0.027829576583330882
6973	0.056217451331120036
6986	0.037526263718771914
7020	0.02883756361801366
7031	0.0857101382775953
7113	0.10866177914558132
7157	0.04799246092364386
7176	0.0879672173891374
7198	0.018216300377206843
7275	0.0413353897468487
7362	0.014959017817091604
7386	0.10262898153991291
7390	0.05131449076995646
7394	0.0216068252196293
7416	0.029622275574803375
7432	0.05431551835276141
7589	0.04979594704354483
7616	0.037786383716020354
7641	0.06278923984966778
7677	0.012018115763440048
7767	0.03353098412687515
7800	0.030470852984100003
7911	0.02239153717641901
7912	0.011489068574656168
7913	0.00826125487692359
7996	0.03587397070285994
8150	0.05131449076995646
8151	0.03942819669713054
8179	0.03862535832321825
8226	0.05854522916834082
8233	0.07970808311198538
8242	0.044757002117156275
8275	0.06154625675114577
8326	0.0422910533800996
8340	0.03942819669713054
8399	0.04269157292599206
8402	0.07585338825335104
8409	0.04624979440424014
8455	0.03901905600585577
8486	0.030123095767661742
8554	0.050085807537182
8617	0.03425626958927897
8653	0.029622275574803375
8695	0.06577596756672519
8721	0.025471357723803073
8748	0.048986712932735675
8775	0.11243490266224007
8794	0.007240269463852606
8840	0.05854522916834082
8968	0.022555820105982394
9014	0.07854711476435851
9015	0.07300670596510953
9016	0.07300670596510953
9019	0.06154625675114577
9045	0.0341580882275793
9051	0.027829576583330882
9187	0.056217451331120036
9198	0.03923414363040396
9229	0.04029801283197742
9266	0.022229801371866285
9284	0.05854522916834082
9381	0.029622275574803375
9420	0.050085807537182
9461	0.09439946307100593
9462	0.12963283159791614
9468	0.02507156249571634
9482	0.06577596756672519
9500	0.03787991624501913
9528	0.016053672434056858
9534	0.045476718533909916
9546	0.04285506913879765
9618	0.03064917784663477
9726	0.0365320117096801
9761	0.02995347007207667
9779	0.03562433074041329
9884	0.1313717082721854
9899	0.08986041021623002
9902	0.05131449076995646
9949	0.05481318104317724
9963	0.0422910533800996
9986	0.025950545371424893
10020	0.035338511479663645
10063	0.042471098725548946
10119	0.05270745693229428
10161	0.057374927799840846
10196	0.05131449076995646
10219	0.022229801371866285
10258	0.03824598013552556
10380	0.0941695599087541
10481	0.041613573879592344
10516	0.08951400423431255
10536	0.03562433074041329
10541	0.05131449076995646
10613	0.06154625675114577
10615	0.04624979440424014
10672	0.05431551835276141
10688	0.025612188669661987
10702	0.05270745693229428
10708	0.0310152417371412
10717	0.03562433074041329
10731	0.041755974534351314
10750	0.041247007718330515
10780	0.04285506913879765
10794	0.027829576583330882
10862	0.06154625675114577
11005	0.04285506913879765
11050	0.019069507330106424
11080	0.025392564759223968
11082	0.048986712932735675
11137	0.04345133144691147
11160	0.051003597492220214
11183	0.04076172252525951
11186	0.12378766899574918
11209	0.06240641257930874
11237	0.02496671990036182
11238	0.10334614414083483
11324	0.06577596756672519
11341	0.050085807537182
11381	0.050085807537182
11391	0.06154625675114577
11453	0.04624979440424014
11659	0.008646866557738303
11699	0.028676717860934748
11703	0.05511721358378403
11812	0.02883756361801366
11830	0.04624979440424014
11841	0.012703432312485758
12074	0.03120320628965437
12148	0.022356985698354568
12275	0.025836536035208708
12391	0.014413951655664878
12423	0.02455757920908706
12473	0.06577596756672519
12528	0.03824598013552556
12568	0.02507156249571634
12582	0.028393592342028925
12795	0.06754161008697075
12862	0.08552991141633036
12873	0.03178831760747142
12878	0.044757002117156275
12948	0.041247007718330515
12958	0.01827106034772575
