242
t_index	tf-idf
73	0.025519466046336814
193	0.036869393311208636
194	0.12258689583459852
299	0.08833730247026389
338	0.15917637881081606
376	0.04793049620260665
708	0.03367347823412217
746	0.03584262408112868
778	0.05518140111229992
852	0.0550263237791464
969	0.07083907634055216
976	0.06208996327569629
1054	0.044992478805197335
1204	0.06208996327569629
1229	0.08833730247026389
1236	0.04086229861153284
1258	0.1779308035874926
1263	0.0744702863478978
1292	0.08833730247026389
1433	0.04275920596828227
1460	0.028336051347259996
1537	0.12904326597253096
1538	0.11192347397312817
1669	0.02435606266442374
1739	0.07958818940540803
1800	0.025962399283655617
1806	0.03241019459192444
1839	0.030336311853936634
1882	0.058070344098668826
1921	0.034893131338474416
1942	0.04146347423101507
1976	0.04086229861153284
2008	0.02699528248916674
2087	0.06377543684400228
2112	0.02947396572193397
2144	0.0550263237791464
2164	0.195040589843362
2167	0.03211318554667697
2182	0.0592733779747731
2283	0.08484518259795609
2287	0.026144018273618543
2302	0.028227704741831897
2447	0.07958818940540803
2450	0.16788521095969225
2517	0.1416781526811043
2626	0.08833730247026389
2670	0.028666785605542026
2709	0.024759365407551342
2781	0.0958609924052133
2794	0.04168899245229078
2871	0.0744702863478978
2949	0.06208996327569629
2972	0.01986194484737901
2996	0.037085164412115866
3042	0.02197560795876258
3052	0.0744702863478978
3089	0.04420332797630273
3172	0.05697206021818606
3189	0.05334085021084042
3196	0.055961736986564085
3245	0.04459173714598454
3336	0.05257562792376766
3360	0.06572117328304193
3403	0.017168286876911538
3442	0.058012839206356075
3568	0.043826514858911786
3588	0.02912169256900539
3672	0.04057211796895709
3676	0.07083907634055216
3910	0.04028845879489677
3946	0.0619963604372389
4048	0.05257562792376766
4185	0.04310504409581996
4211	0.05415547491726287
4332	0.01947859167697603
4371	0.04275920596828227
4423	0.03302603878020549
4458	0.04275920596828227
4470	0.051171704363833906
4606	0.036041404599270084
4737	0.07958818940540803
4757	0.04932123103381296
4758	0.07958818940540803
4809	0.029714397791996486
4835	0.0487601474608405
4915	0.029238027973453862
4917	0.08833730247026389
4972	0.025519466046336814
5110	0.024042448966006616
5117	0.03161398053732867
5139	0.13604498207925794
5190	0.05185415716067583
5279	0.020029871519722933
5310	0.01757917566434418
5315	0.016640448211921018
5429	0.05581627144539054
5463	0.07083907634055216
5485	0.044992478805197335
5487	0.061449442047236895
5496	0.046736254103165606
5525	0.0744702863478978
5561	0.04275920596828227
5574	0.0744702863478978
5614	0.051171704363833906
5688	0.04871212532884748
5765	0.020372579504149516
6009	0.026421442672530684
6026	0.05334085021084042
6075	0.0606032702255317
6150	0.04209472086419799
6184	0.0117690540052257
6325	0.07958818940540803
6349	0.12347792297034095
6421	0.04822294715333019
6430	0.022860552078426705
6449	0.02812028024635277
6458	0.04275920596828227
6557	0.024596494734486257
6585	0.024276925715349625
6591	0.020547487180897918
6606	0.030209453479282312
6608	0.03921357121774066
6646	0.02031481143063492
6670	0.025091550421772087
6709	0.07958818940540803
6744	0.0744702863478978
6782	0.07373878662241727
6830	0.08833730247026389
6845	0.05697206021818606
6849	0.02915663981567899
6876	0.08833730247026389
6903	0.0606032702255317
6946	0.16969036519591219
6959	0.034711512348511483
7019	0.034010092903426395
7113	0.13147954457673536
7175	0.08833730247026389
7176	0.07982951621271689
7198	0.02204152091288083
7275	0.07502304299016062
7386	0.06208996327569629
7390	0.12417992655139258
7430	0.042422591298978046
7569	0.07958818940540803
7589	0.030126271125566886
7591	0.049908420721636176
7604	0.01969622296534972
7616	0.022860552078426705
7641	0.03798714103830973
7717	0.021715345088028925
7753	0.04209472086419799
7800	0.036869393311208636
7911	0.027093511016272807
7912	0.01390164523059074
7913	0.019992053091547723
7924	0.0550263237791464
7996	0.0144690352248939
8069	0.04932123103381296
8211	0.05052426490991723
8233	0.09644589430666038
8242	0.05415547491726287
8340	0.047707679608994046
8348	0.07083907634055216
8361	0.0287789845845788
8399	0.0206625314244256
8513	0.04822294715333019
8617	0.0414497053141562
8653	0.03584262408112868
8721	0.015410029817337675
8794	0.008760645548098363
8821	0.0550263237791464
9014	0.12672151401948742
9019	0.0744702863478978
9101	0.07958818940540803
9182	0.06208996327569629
9219	0.06572117328304193
9321	0.07958818940540803
9368	0.06768132697325592
9441	0.012679710973569172
9461	0.028555575176611947
9462	0.07842714243548132
9761	0.03624336574034147
9847	0.03775553266803391
9884	0.15895830631259325
9899	0.03624336574034147
9912	0.08833730247026389
9949	0.04421555973668625
10119	0.06377543684400228
10161	0.06942302469702297
10196	0.06208996327569629
10207	0.02127241185071012
10445	0.03973957657814831
10456	0.06572117328304193
10475	0.04028845879489677
10481	0.050351961700984355
10516	0.05415547491726287
10613	0.0744702863478978
10631	0.0744702863478978
10649	0.12755087368800455
10654	0.030593918795774465
10688	0.030990463513292443
10731	0.05052426490991723
10736	0.055961736986564085
10875	0.08833730247026389
10890	0.08833730247026389
10940	0.06208996327569629
10965	0.08833730247026389
11080	0.030724721023618447
11160	0.06171378586639798
11168	0.08621008819163992
11183	0.04932123103381296
11186	0.14978170311357913
11238	0.06252384266225755
11269	0.08833730247026389
11341	0.0606032702255317
11381	0.0606032702255317
11441	0.058476055946907725
11621	0.05257562792376766
11699	0.017349254880410978
11715	0.03973957657814831
11740	0.08833730247026389
11812	0.034893131338474416
11813	0.055961736986564085
11841	0.015371011851087763
11897	0.0606032702255317
12031	0.07958818940540803
12133	0.05415547491726287
12148	0.02705170411198607
12161	0.044992478805197335
12216	0.0606032702255317
12263	0.0744702863478978
12275	0.031261921331128775
12423	0.05942879558399297
12528	0.04627721071429054
12568	0.030336311853936634
12582	0.034355931030964085
12664	0.04177515184506136
12804	0.05334085021084042
12838	0.036448610945963925
12862	0.02587256045578222
12869	0.018950384816252195
12958	0.04421555973668625
