255
t_index	tf-idf
81	0.019557203561603106
148	0.025871534095974532
198	0.11599453695072083
218	0.027892020414370482
388	0.047957840264309534
413	0.021490917507577312
451	0.051692459794962814
465	0.028804717494649176
473	0.04157346600775608
486	0.045308085538409364
488	0.03641901002746979
533	0.047957840264309534
594	0.04653800381467653
613	0.035990527883181266
744	0.021000506788462714
772	0.035581095807894744
773	0.22563088167596307
838	0.04015362955812307
849	0.061434444892870164
934	0.051692459794962814
998	0.16950858946315395
1040	0.012174303228666906
1183	0.2792280228880592
1190	0.0212505865413553
1319	0.03095647499098192
1387	0.0650492803919444
1415	0.047957840264309534
1447	0.0687390352207459
1448	0.028614799321283337
1674	0.06451181670505597
1703	0.03344603950395132
1720	0.016528637483695173
1733	0.035990527883181266
1784	0.047957840264309534
1837	0.16530506511100584
1841	0.054342214520862984
1963	0.054342214520862984
2052	0.042374902139734716
2130	0.04653800381467653
2204	0.019842829706672175
2278	0.054342214520862984
2378	0.03481309239893556
2386	0.014372663596774218
2480	0.02771985268989607
2498	0.009025721218219323
2509	0.016132417036414843
2600	0.04653800381467653
2686	0.04015362955812307
2712	0.054342214520862984
2730	0.047957840264309534
2754	0.02771985268989607
2758	0.11842461450651125
2760	0.02706166524739787
2835	0.030034635770916345
2845	0.07499964026122727
2848	0.06086578791419915
2879	0.04653800381467653
2891	0.024694098611728835
2924	0.016630414265982274
2966	0.02067729099084442
2993	0.04157346600775608
3249	0.2653393244019375
3258	0.038923711281855906
3332	0.05807683405151627
3335	0.028804717494649176
3356	0.05649264396513097
3432	0.016630414265982274
3505	0.02168309346398146
3529	0.04653800381467653
3618	0.039518156566295905
3717	0.057997268475360415
3946	0.015079927326783546
3980	0.024572100734428465
4013	0.04103967841335485
4021	0.03095647499098192
4038	0.04157346600775608
4083	0.015752540308767802
4085	0.049637150353502635
4088	0.02981790329890631
4094	0.027221855460328643
4118	0.11677113384556773
4135	0.033057274967390346
4235	0.029399162779089175
4247	0.014951104176789165
4276	0.010118993787206732
4285	0.039518156566295905
4307	0.022516791292968293
4346	0.027892020414370482
4350	0.043252776096949185
4405	0.05230992553749801
4510	0.045308085538409364
4515	0.21777484368262914
4606	0.026300016240263062
4682	0.02481773409327906
4736	0.025871534095974532
4943	0.039518156566295905
4970	0.047957840264309534
4984	0.024215512780450563
5091	0.027384881045016168
5117	0.011534625395370176
5127	0.04157346600775608
5129	0.054342214520862984
5153	0.047957840264309534
5213	0.02083748120377519
5310	0.038483456230675235
5324	0.038923711281855906
5445	0.05807683405151627
5524	0.0401260328180335
5689	0.026300016240263062
5859	0.042374902139734716
5917	0.05807683405151627
5943	0.05807683405151627
5952	0.045308085538409364
5956	0.029606153626627812
5989	0.042374902139734716
6020	0.040836216233641816
6047	0.03836531576977222
6153	0.026447390665570204
6161	0.05065914320711199
6187	0.036868401840395734
6263	0.07198105576636253
6430	0.016681727518915238
6442	0.015893164491868006
6454	0.02758148273343252
6458	0.031202108349832513
6555	0.06051318242327937
6560	0.051692459794962814
6574	0.05807683405151627
6602	0.09061617107681873
6658	0.051692459794962814
6663	0.047957840264309534
6667	0.024215512780450563
6711	0.036868401840395734
6893	0.040836216233641816
6904	0.05807683405151627
6934	0.09061617107681873
6959	0.3039548592426719
7027	0.025596567256665315
7050	0.03376925530156962
7237	0.06531625942767028
7275	0.018248523431808182
7331	0.04233293985722838
7341	0.015343108233481286
7346	0.032539337025302456
7396	0.045308085538409364
7449	0.038923711281855906
7548	0.054342214520862984
7662	0.07195569947772837
7913	0.007294267895909846
7996	0.01055829720363769
8082	0.029196721551341294
8276	0.028804717494649176
8305	0.02387221695508623
8329	0.02755084418516764
8454	0.03095647499098192
8527	0.047957840264309534
8533	0.03836531576977222
8546	0.043252776096949185
8565	0.03911440712320621
8566	0.05543970537979214
8714	0.03481309239893556
8721	0.02248991341847575
8968	0.019915641983709608
8999	0.025871534095974532
9020	0.051692459794962814
9035	0.051692459794962814
9048	0.031980941513218765
9051	0.024572100734428465
9083	0.03344603950395132
9104	0.06820845389289905
9154	0.06507867405060491
9198	0.017320876705195155
9211	0.04318990414580544
9266	0.019627784022521286
9391	0.011075429744287019
9468	0.022136914565321252
9499	0.018558677485220353
9516	0.022614259981126754
9519	0.04015362955812307
9617	0.047957840264309534
9714	0.03481309239893556
9765	0.04653800381467653
9787	0.014951104176789165
9807	0.01800770696755658
9850	0.23412227652765927
9895	0.033133782309742454
9902	0.045308085538409364
9914	0.043252776096949185
9920	0.05807683405151627
9946	0.039518156566295905
10020	0.031202108349832513
10023	0.045308085538409364
10091	0.05807683405151627
10106	0.11156808165748193
10125	0.13253512923896982
10152	0.08314693201551215
10204	0.08139504800718611
10207	0.07761417505279067
10213	0.11434333387432775
10283	0.04015362955812307
10358	0.022812347294787844
10372	0.1474326044065708
10378	0.03344603950395132
10421	0.01941764475414218
10481	0.018371334652310018
10493	0.06507867405060491
10519	0.02706166524739787
10542	0.043252776096949185
10562	0.13592425661522808
10643	0.043252776096949185
10731	0.07373680368079147
10755	0.04653800381467653
10761	0.032831764922123655
10812	0.04653800381467653
10820	0.049637150353502635
10853	0.040836216233641816
11091	0.05014019592799179
11103	0.040836216233641816
11111	0.036868401840395734
11237	0.022044343885828658
11373	0.03481309239893556
11465	0.09215166733930524
11499	0.044223220733656254
11519	0.020598228659228352
11564	0.0401260328180335
11572	0.054342214520862984
11645	0.038923711281855906
11658	0.039518156566295905
11659	0.007634743398186329
11678	0.02842871814238211
11752	0.031202108349832513
11755	0.032539337025302456
11763	0.08473896594769646
11825	0.030717222446435082
11942	0.030034635770916345
11998	0.035189091751202634
12015	0.047957840264309534
12298	0.030717222446435082
12336	0.044223220733656254
12391	0.02545357246120113
12425	0.07578078938801018
12468	0.032831764922123655
12479	0.04653800381467653
12512	0.04653800381467653
12525	0.07903631313259181
12610	0.0212505865413553
12655	0.03376925530156962
12676	0.009845511468019852
12733	0.054342214520862984
12798	0.023541257815205146
12839	0.04301529231563406
12840	0.037499820130613634
12958	0.032264834072829686
13002	0.01969890951169958
13003	0.039518156566295905
