98
t_index	tf-idf
111	0.06993291644043764
376	0.04927830387590489
412	0.0557107634889229
708	0.06924075586304898
732	0.13513851116553274
778	0.03782206970158911
1537	0.13267196831957204
1648	0.32730485124745934
1806	0.06664314139486018
1885	0.08589974192551954
2104	0.08063251714978789
2275	0.06085156578652123
2352	0.12767187157879406
2386	0.08100032650538637
2754	0.07811068224913893
2781	0.04927830387590489
2794	0.04286128876405344
2802	0.08171411045860548
2963	0.08655685255369965
2996	0.07625600175150087
3042	0.045187126053193784
3107	0.06924075586304898
3442	0.05964416281088599
3496	0.04615106380963092
3505	0.06109993594449319
3702	0.06543573841922494
3946	0.04249313388998796
4222	0.08342601544169273
4252	0.07581232456388325
4377	0.10389001894798733
4445	0.08589974192551954
4714	0.18164270264619745
4757	0.10141629246416052
4835	0.10026256992843549
5072	0.07064404266240025
5091	0.0771667788305893
5114	0.13513851116553274
5117	0.06500593413680124
5251	0.10026256992843549
5315	0.034216756703374436
5485	0.09251533859864972
5487	0.06317740307566158
5613	0.09336638151225822
6013	0.05804293809550275
6454	0.07772077499302674
6531	0.06758704481340981
6608	0.08063251714978789
6646	0.04177212965327453
6811	0.10810811381306056
6946	0.08723103288551677
7015	0.0623787405702345
7275	0.05142179618499551
7390	0.12767187157879406
7430	0.08723103288551677
7431	0.08792319346290545
7457	0.10026256992843549
7640	0.06695397724711072
7996	0.029751810270836176
8009	0.049757477180230734
8271	0.07537610448979042
8399	0.02124356272203383
8841	0.07625600175150087
8856	0.0621178892947128
9241	0.055308360336154244
9342	0.1398705729929229
9368	0.06958452888145149
9391	0.031209017710400713
9461	0.11743423685463975
9618	0.07625600175150087
9726	0.0908926550284314
9884	0.4085705522930274
9885	0.09915795712059716
9899	0.14905012315236388
10063	0.1585039015569823
10107	0.06428201588349992
10311	0.10141629246416052
10755	0.13113760989799267
10878	0.05653478455371415
11017	0.06758704481340981
11050	0.04744546139675714
11105	0.08589974192551954
11183	0.10141629246416052
11238	0.12856403176699985
11240	0.17873096048943626
11519	0.05804293809550275
11564	0.05653478455371415
11590	0.05057629850876407
11703	0.06856657553123187
11841	0.03160649076847423
11998	0.09915795712059716
12030	0.12461487372980362
12249	0.10662459670733584
12423	0.06109993594449319
12568	0.0623787405702345
12590	0.111356658534726
12727	0.09610095927160674
12776	0.05653478455371415
12843	0.08402269651185346
