94
t_index	tf-idf
242	0.07351301115745408
323	0.06075883737856289
376	0.04492724065553171
401	0.0744991044085333
443	0.16560442980459716
509	0.1275206003296064
516	0.16560442980459716
556	0.11569377866081124
557	0.04070938596436798
778	0.03448254290270833
1040	0.03127646219128128
1258	0.0416954792154472
1500	0.044216592241087614
1537	0.12095760162416992
1615	0.16560442980459716
1616	0.026126273696331467
1669	0.04565989403156926
1793	0.11111878773306336
1996	0.11490276309472522
2709	0.09283191757007607
2794	0.0390768205001152
3136	0.1136119139858439
3442	0.10875567726723767
3487	0.16560442980459716
3756	0.07210688582975629
4162	0.2792163437904411
4197	0.07351301115745408
4213	0.1492026172080541
4332	0.03651618260754608
4371	0.08015995197112068
4529	0.10491051102284238
4757	0.09246166810860959
4776	0.18943395027304064
4835	0.09140981433249833
5093	0.0843466303551466
5117	0.029633094255398458
5261	0.1136119139858439
5279	0.03754965749831037
5294	0.11931608583104696
5765	0.03819212629420271
5852	0.06440647619621474
6184	0.022063244217028107
6849	0.05465945389626193
6946	0.07952890620885332
7020	0.0654135564231217
7031	0.09721010138930085
7113	0.41080408845266325
7183	0.03218509371994625
7341	0.03941729851374508
7409	0.07552808451085315
7457	0.09140981433249833
7589	0.056477205125972874
7616	0.08571257183771334
7664	0.06832958743457002
7677	0.02726123829338756
7797	0.0625124405169227
7913	0.03747875993794883
8085	0.10886348070515263
8233	0.0904027341055914
8399	0.019367847099550164
8496	0.0687207172271437
8794	0.016423432345598066
8810	0.06952292332840396
9160	0.10491051102284238
9198	0.04449829573114727
9381	0.06719355422533888
9462	0.07351301115745408
9486	0.04339106153104414
9583	0.11955872048102563
9668	0.06473743003435094
9884	0.2979964176341332
9885	0.0904027341055914
9899	0.06794481775860356
9949	0.08289015346772516
9963	0.09593071880539636
10426	0.07773086584861781
10481	0.04719698062911383
10715	0.05173460793924118
10815	0.07165615194094589
11017	0.06161939816709064
11238	0.05860618913941224
11437	0.06440647619621474
11438	0.04407698821554191
11439	0.16560442980459716
11519	0.05291799520408912
11590	0.046110627920379656
11703	0.0625124405169227
11715	0.0744991044085333
11719	0.08216081769053266
11782	0.07400092150904834
11825	0.07891425311346575
12148	0.0253566834702483
12423	0.05570507323321324
12509	0.13904584665680791
