206
t_index	tf-idf
112	0.04062088077855388
194	0.04630973883161275
323	0.03673086679000867
376	0.027160106462853932
475	0.05296676386371059
557	0.024610264078025655
617	0.04565939920455867
643	0.029838169079123438
660	0.05165689442338584
746	0.04062088077855388
778	0.04169183429395292
943	0.1803965215214365
950	0.08028278476428538
960	0.04630973883161275
1040	0.018907727928579855
1046	0.14423411239974476
1213	0.0738043725986352
1220	0.05099052215989374
1258	0.10082556934168845
1428	0.030930685155294693
1510	0.054067692176553606
1537	0.14624629911249323
1660	0.04178453080562109
1667	0.061375056835705516
1707	0.09019826076071825
1796	0.07036730876785251
1839	0.03438051031895838
1921	0.039544809132344025
2057	0.055896349584819205
2139	0.054067692176553606
2144	0.18708600125276514
2164	0.11052093352698172
2182	0.13435047694083896
2220	0.04885146950199168
2224	0.06497683192789372
2251	0.03367568756637767
2315	0.03261557242828976
2366	0.05145958083927265
2386	0.11160984238379618
2422	0.06868242149485743
2450	0.06342211555567628
2480	0.04305128786727771
2498	0.028035424770997464
2500	0.07036730876785251
2501	0.061375056835705516
2509	0.025055015176282832
2670	0.06497683192789372
2709	0.05612017848337868
2727	0.033813901279730156
2794	0.11811660248071393
2802	0.04503734432828786
2972	0.02250978309650003
2996	0.04202906681240371
2998	0.03467245939189559
3047	0.03673086679000867
3050	0.08888243214178282
3089	0.10019233590021046
3245	0.050536356774986746
3416	0.06581182558125208
3442	0.032873327294520444
3569	0.04278880329095332
3757	0.054651651136705656
3839	0.05056537178504603
3861	0.05799351346301446
3946	0.023420409178423383
3971	0.055896349584819205
4014	0.0413076530453981
4211	0.061375056835705516
4332	0.022075324296949722
4371	0.04845952695572082
4682	0.038544050959287944
4757	0.055896349584819205
4809	0.10102706269913302
4815	0.0413076530453981
4835	0.05526046676349086
4915	0.033135811870844835
4972	0.05784304103707567
5072	0.0389359935055588
5112	0.05350663955924341
5117	0.017914253870414606
5183	0.05799351346301446
5190	0.1175338909968491
5246	0.035555596137919275
5279	0.04540019286371378
5315	0.0377176437410471
5429	0.12651451538562758
5446	0.0778719870111176
5675	0.027247599139562408
5688	0.027603021349305992
5725	0.061375056835705516
5849	0.04966912107198919
6026	0.06045183277141963
6184	0.02667602341505688
6217	0.052446524421155515
6309	0.09068998153411599
6349	0.13993902835932465
6373	0.037790981928096566
6454	0.0428363875611853
6585	0.05502666896937598
6591	0.046573433082627985
6606	0.03423674018368786
6646	0.023023022290298758
6654	0.07227747641402127
6657	0.0744826031295714
6782	0.04178453080562109
6804	0.07709071446685237
6807	0.04893006864505101
6849	0.049565360526135804
6861	0.11312363756574884
6986	0.05145958083927265
7198	0.024979923098084167
7241	0.08439807912600428
7341	0.07148745450359154
7343	0.032873327294520444
7431	0.04845952695572082
7494	0.05958459706842206
7589	0.03414246861290371
7619	0.032237444473192114
7640	0.0369021862993176
7641	0.04305128786727771
7674	0.04966912107198919
7717	0.024610264078025655
7722	0.0744826031295714
7996	0.016397933184823993
8002	0.04415221618012074
8043	0.032237444473192114
8057	0.16879615825200855
8059	0.07709071446685237
8113	0.05246286366684751
8208	0.08439807912600428
8235	0.08028278476428538
8399	0.07025129273528498
8472	0.08439807912600428
8557	0.08028278476428538
8566	0.04305128786727771
8571	0.05099052215989374
8617	0.02348772698758709
8794	0.02978563769887349
8868	0.061375056835705516
8968	0.061861370310589386
9014	0.1077112720893177
9111	0.05350663955924341
9163	0.09019826076071825
9199	0.08028278476428538
9266	0.03048361726894466
9337	0.028153281806128368
9368	0.03835203454540677
9391	0.017201083985158006
9461	0.06472475967086948
9468	0.10314153095687514
9499	0.028823203925012725
9618	0.04202906681240371
9648	0.0413076530453981
9668	0.039136066809570234
9761	0.041075046163460874
9884	0.2251867216414393
9899	0.041075046163460874
9925	0.22624727513149767
9949	0.050110030352565664
10063	0.08736061313933172
10161	0.03933897812728963
10188	0.0744826031295714
10207	0.048216564931413464
10217	0.05009616795010523
10311	0.055896349584819205
10325	0.05725976247398661
10427	0.06868242149485743
10481	0.028532244578304725
10564	0.04807803746658159
10615	0.06342211555567628
10660	0.0744826031295714
10681	0.03236237983543474
11050	0.026149921595520573
11051	0.05876694549842455
11052	0.05296676386371059
11080	0.0348206991438399
11119	0.04770645792452944
11149	0.03933897812728963
11162	0.08028278476428538
11215	0.04503734432828786
11238	0.07085902954125024
11422	0.2632473023250083
11438	0.02664609878169043
11488	0.06868242149485743
11554	0.04084616115172757
11703	0.07558196385619313
11748	0.03835203454540677
11767	0.032743869324573974
11812	0.039544809132344025
11854	0.08028278476428538
11904	0.054320212925707864
12048	0.06236200041758839
12066	0.07227747641402127
12133	0.061375056835705516
12391	0.019765781000654563
12423	0.03367568756637767
12548	0.04925445412372251
12568	0.03438051031895838
12604	0.06236200041758839
12636	0.03248841596394686
12703	0.06456712713313853
12716	0.054651651136705656
12804	0.06045183277141963
12862	0.11728674678856407
12869	0.042953402105064716
12958	0.025055015176282832
