180
t_index	tf-idf
27	0.035327434398656835
66	0.04706108888285099
230	0.02668580926577802
252	0.10026293551915434
287	0.04113626000119504
376	0.027200582968790007
412	0.03075116481994091
432	0.09033268256212386
478	0.017986795635110516
540	0.06245493804592722
638	0.030310319984906867
659	0.03305315311431086
778	0.04175396732647961
916	0.04311544688341775
1000	0.08452385695958564
1019	0.028383745452287966
1392	0.06878477840001694
1534	0.07238519100295772
1660	0.041846801983074056
1671	0.05252468508889674
1680	0.08418340484012071
1681	0.03472413150188211
1765	0.058079940767529994
1790	0.05534282102870856
1791	0.10026293551915434
1813	0.04259443213186625
1885	0.04741484331779547
1919	0.045412568071678074
2057	0.05597965150150606
2237	0.04814968781049951
2307	0.04777755450620198
2397	0.05337161853155604
2406	0.09396603096984685
2453	0.05473309808849417
2548	0.06878477840001694
2583	0.033588779113121615
2615	0.08452385695958564
2642	0.18066536512424772
2666	0.05664611244338902
2703	0.05153627067228775
2727	0.10159288166072176
2738	0.1843995708879547
2763	0.05664611244338902
2868	0.08040242960509336
2922	0.10026293551915434
2924	0.025866939155688558
2939	0.12932670209104932
2948	0.03748459036076497
2949	0.07047217664806288
2963	0.04777755450620198
2984	0.10026293551915434
3083	0.03840919029905084
3272	0.047729327819142325
3275	0.04510446314969389
3314	0.03266417917483575
3382	0.07459360400255514
3542	0.06590990445853655
3635	0.044218015901589046
3673	0.10026293551915434
3723	0.21969637333685108
4027	0.07459360400255514
4130	0.05304569984044824
4216	0.10026293551915434
4332	0.022108222989602796
4402	0.09033268256212386
4831	0.07496918072152994
4935	0.06146652362931823
5054	0.024073811079446228
5082	0.04671585948635853
5158	0.04338323648759271
5172	0.10026293551915434
5178	0.07459360400255514
5230	0.24120728881528009
5315	0.018886927033381937
5320	0.06590990445853655
5429	0.03167576475822677
5430	0.06466335104552466
5600	0.018886927033381937
5675	0.02728820603518797
5694	0.09412217776570198
5749	0.06146652362931823
5765	0.023122900157280368
5802	0.019588355839088127
5900	0.10026293551915434
5909	0.04259443213186625
5941	0.09033268256212386
5984	0.0878686339870144
6138	0.06590990445853655
6178	0.05106651295822552
6184	0.013357889247802209
6185	0.05664611244338902
6188	0.09033268256212386
6213	0.07720560218888693
6302	0.07238519100295772
6322	0.06054192369103238
6412	0.04706108888285099
6430	0.025946751767104526
6526	0.06062063996981373
6585	0.02755433740373449
6591	0.023321420562876106
6606	0.034287762944558556
6609	0.058079940767529994
6848	0.05304569984044824
6989	0.16904771391917128
7019	0.03860149287357453
7362	0.020543798257953442
7498	0.0873122543034194
7614	0.12137789920650986
7671	0.05664611244338902
7677	0.033009887240423835
7753	0.04777755450620198
7797	0.0378473015491715
7912	0.047335147906539254
7941	0.25406653226308273
8151	0.054148268858619536
8305	0.0371308359258205
8399	0.011725997952943238
8585	0.05734509627482596
8617	0.11761365286765861
8836	0.11705655217469098
9149	0.058079940767529994
9158	0.07047217664806288
9161	0.12490987609185444
9193	0.09033268256212386
9211	0.033588779113121615
9219	0.07459360400255514
9358	0.05885452544298645
9406	0.03766479810409679
9440	0.10026293551915434
9441	0.043174457727156425
9468	0.034431747339399146
9555	0.04814968781049951
9655	0.058079940767529994
9787	0.023254940969356767
9799	0.06351663306577068
9980	0.09033268256212386
10044	0.09033268256212386
10063	0.029163602005152892
10110	0.030202196251333375
10172	0.03502260743726259
10199	0.07720560218888693
10204	0.025320364492458114
10219	0.061058093556945595
10419	0.054148268858619536
10477	0.04853174583060502
10806	0.05017082589896784
10913	0.03155687339791875
10922	0.02867123991654404
10928	0.05304569984044824
10936	0.05252468508889674
10976	0.05885452544298645
11037	0.07459360400255514
11105	0.04741484331779547
11210	0.020005151102088916
11235	0.05967339555307591
11244	0.029264138043672745
11382	0.05734509627482596
11503	0.14009042974905037
11554	0.08181406776764064
11555	0.04974314259604542
11564	0.0624120140883291
11579	0.17656357632895936
11652	0.08040242960509336
11659	0.011875076579068975
11671	0.08570514225653829
11695	0.08452385695958564
11721	0.10117762258403767
11767	0.03279266727103632
11786	0.08843603180317809
11841	0.017446115366818553
12062	0.07459360400255514
12148	0.046055570906350304
12365	0.045412568071678074
12442	0.10026293551915434
12577	0.04002513539800035
12784	0.08040242960509336
12805	0.11934679110615182
12838	0.04136921353544935
12839	0.03345298353056222
12958	0.02509235448023211
