272
t_index	tf-idf
53	0.036731274996126766
73	0.020255380794004015
89	0.14023065346284172
99	0.02459783595411599
105	0.02814081699357877
202	0.025844693578432408
212	0.026596441714489626
287	0.028767183960432246
348	0.021120834406091953
430	0.039147383178196785
439	0.07011532673142086
478	0.012578427374751431
546	0.027841731849435447
554	0.01739049516819014
571	0.16867975965108872
638	0.06358934070914939
707	0.07655130055043184
710	0.022404971461720356
746	0.028449106188246993
750	0.04298443253230812
801	0.05852815257234861
837	0.05622658655036291
851	0.0631709566408919
1019	0.019849165356508578
1040	0.07945292410832872
1044	0.03571155405096122
1200	0.05622658655036291
1201	0.04810219436218484
1241	0.0631709566408919
1268	0.05622658655036291
1309	0.030338527245823033
1460	0.04498193725488158
1587	0.0631709566408919
1616	0.011061613621412652
1680	0.05887067743593953
1690	0.02572470881150876
1720	0.01797842218619126
1742	0.11245317310072582
1833	0.042337846369304946
1862	0.01739049516819014
1873	0.039147383178196785
1917	0.017235963441890628
1919	0.0317576682905948
2017	0.1974630169925848
2044	0.15649317136882163
2078	0.014718142626890742
2095	0.037095628177566835
2147	0.07011532673142086
2204	0.021583313820462347
2217	0.025145437179179206
2271	0.03112470362294859
2275	0.023489120978071983
2298	0.029095692351250164
2302	0.022404971461720356
2323	0.05628163398715754
2347	0.021272634405505635
2393	0.03154220604464497
2400	0.042337846369304946
2406	0.021903936647479458
2498	0.009817398848276664
2531	0.03539347627877597
2560	0.03266907890203774
2581	0.052934335111618776
2583	0.046978241956143967
2656	0.05622658655036291
2668	0.09620438872436968
2703	0.10812018732533743
2727	0.023681792460143472
2794	0.016544750887543005
2805	0.031331280184686935
2924	0.01808912616663215
2966	0.02249096862744079
3047	0.02572470881150876
3115	0.044418103830956374
3174	0.0631709566408919
3314	0.02284253481506881
3438	0.05399099871692613
3496	0.017814626576646928
3573	0.04522002036574489
3574	0.05622658655036291
3611	0.043675645086655744
3632	0.09660903926300342
3654	0.037095628177566835
3666	0.028449106188246993
3723	0.07681843204799603
3724	0.2203876499767606
3739	0.0286068828079487
3769	0.031977866347690106
3771	0.024813298200065826
3776	0.04010225853586817
3848	0.022319706195645328
3941	0.10812018732533743
3993	0.022404971461720356
3998	0.06962066398952661
4008	0.04150220421195358
4078	0.029095692351250164
4079	0.07011532673142086
4135	0.01797842218619126
4276	0.011006566184618012
4310	0.014101418209666806
4318	0.04609175326872576
4423	0.026213518354810214
4445	0.06631577689067839
4453	0.32722900908717484
4518	0.04173047203049341
4595	0.022404971461720356
4646	0.05622658655036291
4682	0.026994584500612682
4815	0.05786018349933137
4816	0.042337846369304946
5054	0.016835165664817436
5106	0.03637970880849875
5117	0.025092735601720914
5128	0.03449568716268999
5158	0.030338527245823033
5246	0.012450800065469444
5315	0.026415804664827337
5320	0.09218350653745153
5412	0.026596441714489626
5429	0.04430264452144237
5437	0.07011532673142086
5517	0.036731274996126766
5577	0.04810219436218484
5614	0.04061614596032809
5623	0.024386910094157957
5686	0.024704987866343217
5717	0.044418103830956374
5749	0.04298443253230812
5778	0.04430264452144237
5802	0.10958737345380162
5849	0.034786101939964426
5890	0.05622658655036291
5911	0.03266907890203774
6009	0.0209713001630721
6087	0.023878242054182694
6184	0.009341365921535958
6407	0.06695911858693598
6430	0.0907247014237904
6518	0.04061614596032809
6585	0.019269148264281236
6591	0.016309008051081316
6646	0.048372984043484196
6779	0.05622658655036291
6796	0.022404971461720356
6801	0.031331280184686935
6848	0.037095628177566835
6849	0.01157114418201104
6925	0.1356600610972347
6953	0.02829377581646165
6957	0.03508518708410775
6959	0.027551317072161012
6983	0.04173047203049341
7019	0.026994584500612682
7027	0.027841731849435447
7113	0.06957220387992885
7176	0.042241668812183907
7275	0.019849165356508578
7279	0.044418103830956374
7286	0.07078695255755194
7341	0.016688906011887758
7353	0.04810219436218484
7498	0.03052936364989842
7505	0.03961344899256671
7533	0.07011532673142086
7589	0.011955953397374453
7602	0.07011532673142086
7677	0.011542146742688943
7753	0.03341153764633836
7912	0.05517026047831141
7913	0.08727481057729843
7996	0.02296880488564556
8023	0.06682307529267673
8159	0.03637970880849875
8290	0.03291050283209747
8301	0.04704662862639715
8329	0.02996742525423103
8336	0.04522002036574489
8368	0.1263419132817838
8399	0.032800642569078525
8561	0.09218350653745153
8580	0.037866670702431396
8617	0.04934936119429522
8678	0.027695472196505772
8728	0.03341153764633836
8738	0.07011532673142086
8836	0.04092967335977366
8957	0.03866392212241004
8968	0.021662512717419723
8997	0.10264036254338064
9045	0.016402640585797795
9051	0.026727405779270134
9151	0.032433336065576045
9158	0.04928221645983393
9242	0.04078906073652256
9368	0.10744041807125357
9391	0.0361406834712265
9441	0.050320875378272636
9442	0.07346254999225353
9454	0.03637970880849875
9499	0.02018652410858376
9627	0.03870203838112378
9649	0.04173047203049341
9655	0.04061614596032809
9656	0.08990227576269309
9681	0.0631709566408919
9740	0.042337846369304946
9973	0.0631709566408919
10018	0.0631709566408919
10020	0.033938954591141664
10041	0.059108760546802856
10063	0.04078906073652256
10109	0.11821752109360571
10110	0.021120834406091953
10174	0.029786904905597787
10207	0.050653191762787826
10213	0.015546598536911812
10219	0.10674702862966334
10276	0.03341153764633836
10417	0.04609175326872576
10419	0.07573334140486279
10564	0.033671775869799116
10678	0.03092230061190242
10688	0.02459783595411599
10715	0.021903936647479458
10751	0.02996742525423103
10796	0.017868928109536844
10804	0.029264076286174306
10813	0.04928221645983393
10815	0.030338527245823033
10816	0.0631709566408919
10859	0.03112470362294859
10913	0.04413635961206133
11015	0.055980316781449525
11055	0.036040062441779146
11112	0.07011532673142086
11143	0.04609175326872576
11212	0.05622658655036291
11234	0.028930091749665685
11244	0.04092967335977366
11318	0.02596613274156849
11393	0.032433336065576045
11460	0.05622658655036291
11474	0.02293238840652365
11503	0.24491817945833355
11590	0.01952279746528041
11659	0.008304413490297211
11671	0.17980455152538619
11673	0.07011532673142086
11724	0.03961344899256671
11767	0.02293238840652365
11784	0.031977866347690106
11860	0.09044004073148978
11974	0.05216439045627387
11988	0.03571155405096122
12041	0.11821752109360571
12141	0.07011532673142086
12161	0.03571155405096122
12272	0.04928221645983393
12298	0.03341153764633836
12303	0.10432878091254774
12334	0.07922689798513342
12353	0.03870203838112378
12423	0.023584993559369445
12469	0.023394157155294054
12470	0.03539347627877597
12579	0.07011532673142086
12631	0.02407862089948974
12662	0.026860104517813392
12676	0.042836383092232144
12762	0.030151258087037853
12881	0.037473733740427395
12910	0.03112470362294859
