38
t_index	tf-idf
148	0.12113938627138596
208	0.07184168932558847
478	0.05414707656797169
504	0.15968767473266213
768	0.3018294618240878
1034	0.23241814373193315
2104	0.13398429390387345
3955	0.3018294618240878
4633	0.15660581563068598
4736	0.12113938627138596
4875	0.17963955246014057
4915	0.09990001959812891
5060	0.1630068256397785
5196	0.14273666103013335
5310	0.06006424219107417
5600	0.056856813462313104
5909	0.12822539516218084
6091	0.15660581563068598
6138	0.19841380953579446
6849	0.049810966930575726
6892	0.15968767473266213
6933	0.14273666103013335
6959	0.11860173220455938
7039	0.08008145782467391
7237	0.10194436803603547
7796	0.1748426492189577
8193	0.15236032398775481
8507	0.19841380953579446
8565	0.0915735274084806
9029	0.3018294618240878
9473	0.15372957158699416
10475	0.13765695233764935
10553	0.2719356342568212
10804	0.12597474486668556
11763	0.13225895676299865
12385	0.1472806152952708
12785	0.08779350267862004
12840	0.1755870053572401
