125
t_index	tf-idf
6	0.12724793314037489
65	0.0446093879943784
105	0.057524416018442485
135	0.06778012769345078
192	0.08928013633761651
742	0.1044401256076035
960	0.066299024549567
979	0.054635173154044675
1134	0.06163408525324479
1181	0.0608892879720719
1190	0.09449981406638272
1234	0.09421905521273917
1248	0.05880481217715071
1258	0.03608656119458339
1302	0.10347556052038884
1413	0.0830260215195893
1611	0.11493630610504561
1616	0.022611740943363753
1631	0.07740564601294521
1677	0.0758295094360171
1681	0.049638592106417544
1702	0.11493630610504561
1785	0.1291317302878179
2160	0.05441975032262635
2498	0.02006836317851427
2576	0.08634885513877583
2579	0.0961709760589954
2741	0.12082793945906585
2767	0.11493630610504561
2782	0.062016893932887625
2802	0.06447740956012801
2820	0.1316564136943891
2973	0.0758295094360171
3041	0.04395918519118405
3042	0.03565539436243199
3275	0.06447740956012801
3351	0.08654545773950098
3541	0.14332715447059022
3651	0.09243709109352122
3839	0.07239157269974178
3851	0.07051480629156633
3858	0.06536422998163947
3875	0.12082793945906585
3923	0.04615251945848719
4014	0.059137822247279356
4083	0.03502520100691812
4210	0.06937675418511642
4431	0.05436746126253779
4523	0.08654545773950098
4666	0.1398757521639937
4682	0.05518133000234411
4861	0.06362396657018744
4919	0.14332715447059022
5213	0.04633138232529262
5246	0.025451464429477825
5310	0.028522188876632694
6009	0.08573751041438919
6184	0.038190548595198985
6312	0.1103664002417677
6421	0.07824166691074892
6526	0.04332899183567018
6675	0.181595686017598
6711	0.0819755518762231
6723	0.09243709109352122
6752	0.07911327368730968
7014	0.10663251527629354
7015	0.04922062518969042
7039	0.03802759149654055
7072	0.06937675418511642
7331	0.09412575360228873
7381	0.06883059733681698
7415	0.14332715447059022
7604	0.06391419055142974
7677	0.02359402895530191
7892	0.05721644528151225
7898	0.05490643100142085
8027	0.09832872444754147
8113	0.037554052062743835
8307	0.28665430894118044
8398	0.04444489178412271
8502	0.07110846142494963
8533	0.08530388560772194
8559	0.1291317302878179
8927	0.051866838561383605
8980	0.06404624272797661
9103	0.1291317302878179
9211	0.04801559128004195
9262	0.05283076556072105
9397	0.06163408525324479
9441	0.020572814004173854
9787	0.03324323688770016
9856	0.12231916795791088
10057	0.09832872444754147
10110	0.04317442756938791
10164	0.04428170631456777
10258	0.07508471215484422
10329	0.17774503118547552
10333	0.090797843008799
10342	0.066299024549567
10372	0.054635173154044675
10386	0.14332715447059022
10477	0.06937675418511642
10692	0.14332715447059022
10714	0.05050102134839864
10761	0.073000236359923
10878	0.0446093879943784
10894	0.03938927932790617
10913	0.04511095595488813
10936	0.07508471215484422
10953	0.042868755207194596
11321	0.08413330026476916
11493	0.034514459622706606
11748	0.05490643100142085
11786	0.06321022183017291
11946	0.08097634550886446
12087	0.14332715447059022
12164	0.14332715447059022
12291	0.03134309778349807
12292	0.14332715447059022
12426	0.06778012769345078
12548	0.07051480629156633
12582	0.055742451899224534
12590	0.08786718523024334
12723	0.1923419521179908
12797	0.14332715447059022
