212
t_index	tf-idf
148	0.08290973808092664
157	0.025381598739162178
198	0.27879318950685056
348	0.020742383433753685
413	0.011478551001666826
465	0.030769874644426775
468	0.04221422147082806
478	0.02470608486239197
488	0.03890364046887576
540	0.04289304862134856
616	0.04620362962330086
772	0.038008560852007565
773	0.02678046649195397
879	0.035727843645066176
920	0.07517962585377716
998	0.2845433641651685
1034	0.10604713581152532
1162	0.03118862256954577
1269	0.06203903592674678
1387	0.09264955546452236
1400	0.051229689491812176
1428	0.021274355751479353
1447	0.024476216408117774
1448	0.030566999598412144
1573	0.03162598751278168
1674	0.03445651764277068
1703	0.035727843645066176
1784	0.051229689491812176
1837	0.08829137332277809
1894	0.2760954882214249
1966	0.04098272990002531
2052	0.04526586407770528
2107	0.03507166113317012
2220	0.033600404774415775
2235	0.03507166113317012
2509	0.05169907845973255
2608	0.06203903592674678
2686	0.04289304862134856
2727	0.023257453288170735
2758	0.06325197502556336
2760	0.028907905362604375
2806	0.02562158846947017
2845	0.020029093582012693
2848	0.043345507892403976
2858	0.06666164754051247
2869	0.03539428318836626
2966	0.022087967080142573
3041	0.021119406231975973
3101	0.03718816160231674
3258	0.04157922107936138
3272	0.03277973596427674
3289	0.03387758060036444
3325	0.06203903592674678
3403	0.01338268874206901
3433	0.03467428898278625
3437	0.03844592579524349
3447	0.034162791617563505
3496	0.017495417466810315
3549	0.05521909764428498
3553	0.03475928279689958
3599	0.058049627774273985
3717	0.030977021056316726
3820	0.036802265431054186
3839	0.017389619768522012
3872	0.033068432456690104
3919	0.038008560852007565
3959	0.058049627774273985
4013	0.02191977339234613
4021	0.033068432456690104
4038	0.044409751209350375
4094	0.029079024304217306
4119	0.05521909764428498
4130	0.03643093490440478
4307	0.024052964435705985
4332	0.015183572561184985
4346	0.08938473066671106
4348	0.05302356790576266
4422	0.01597112005701937
4500	0.06203903592674678
4515	0.20355317012952118
4612	0.03890364046887576
4678	0.05521909764428498
4736	0.027636579360308878
4965	0.038008560852007565
4989	0.04620362962330086
5087	0.10821933101666029
5126	0.058049627774273985
5301	0.04362220371351599
5310	0.054811907080712416
5324	0.04157922107936138
5491	0.05521909764428498
5499	0.11043819528856996
5688	0.03797112757460483
5859	0.04526586407770528
5956	0.03162598751278168
5989	0.04526586407770528
6047	0.08196545980005061
6069	0.04098272990002531
6090	0.04971298690381037
6118	0.058049627774273985
6175	0.04289304862134856
6187	0.03938369134083906
6263	0.03844592579524349
6270	0.06203903592674678
6280	0.058049627774273985
6430	0.03563962498190492
6555	0.03232080019263375
6585	0.018923876493453656
6594	0.058049627774273985
6667	0.025867578560469864
6669	0.028251722850708323
6671	0.02081664107784708
6874	0.03643093490440478
6919	0.06203903592674678
6928	0.06203903592674678
6932	0.07876738268167811
6959	0.1894034962253185
7039	0.07307871147713081
7122	0.058049627774273985
7123	0.05521909764428498
7163	0.04839915936182318
7237	0.023257453288170735
7275	0.019493500623532542
7662	0.02562158846947017
7701	0.04620362962330086
7733	0.033330823770256236
7852	0.058049627774273985
7996	0.011278620645207973
8295	0.03232080019263375
8300	0.06203903592674678
8312	0.02023770403544084
8329	0.029430457774259365
8340	0.03718816160231674
8353	0.06203903592674678
8454	0.033068432456690104
8494	0.03539428318836626
8527	0.051229689491812176
8565	0.0626743902728278
8566	0.029610996621942973
8830	0.18611710778024038
8937	0.044409751209350375
8968	0.042548711502958705
8970	0.051229689491812176
9021	0.040420343056877577
9034	0.036802265431054186
9076	0.023450382825262864
9083	0.07145568729013235
9104	0.03643093490440478
9198	0.018502566638587264
9262	0.025381598739162178
9516	0.024157082773854924
9528	0.01514161475287081
9625	0.05521909764428498
9667	0.06203903592674678
9758	0.06203903592674678
9792	0.04362220371351599
9806	0.021119406231975973
9816	0.06203903592674678
9850	0.035727843645066176
9895	0.3893371150720289
9914	0.04620362962330086
9954	0.027488620314377904
9991	0.058049627774273985
10030	0.04157922107936138
10106	0.1489745511111851
10110	0.020742383433753685
10204	0.034779239537044024
10206	0.05302356790576266
10213	0.15268028797680774
10226	0.07078856637673252
10441	0.058049627774273985
10480	0.025500861910171948
10481	0.03924938089793113
10519	0.05781581072520875
10550	0.07078856637673252
10580	0.03718816160231674
10731	0.07876738268167811
10736	0.04362220371351599
10769	0.02651088548779443
11046	0.04157922107936138
11198	0.06203903592674678
11289	0.03718816160231674
11320	0.058049627774273985
11426	0.040420343056877577
11499	0.04724028133933937
11530	0.026248494174228303
11564	0.02143178456824652
11645	0.08315844215872276
11659	0.016311223836734206
11674	0.035727843645066176
11678	0.03036822331985494
11687	0.03890364046887576
11748	0.026378815167382143
11763	0.030173383465090704
11784	0.06280975007178691
11787	0.04289304862134856
11841	0.011981711904546567
11942	0.03208370218641396
11964	0.04839915936182318
11987	0.06203903592674678
12336	0.04724028133933937
12391	0.013595051470813446
12475	0.028411711597537873
12525	0.08442844294165612
12628	0.029430457774259365
12676	0.02103441241786265
12798	0.10058929438631756
12839	0.02297497193977522
12840	0.06008728074603808
12958	0.03446605230648837
12994	0.08196545980005061
12995	0.06203903592674678
