122
t_index	tf-idf
24	0.07537707798997964
76	0.09260883263146616
95	0.13453445736488714
147	0.10019466206726015
205	0.08151521068989251
213	0.06628592212652624
413	0.02489175737946395
570	0.09016642283370652
613	0.08337173019356792
638	0.04514182836230016
742	0.02720244589463447
1021	0.10495576767743339
1181	0.0634368276363895
1201	0.10244268823353224
1279	0.031092552428275248
1616	0.047115581756869356
1677	0.15800426249198274
1691	0.06672586584616563
1827	0.10019466206726015
1845	0.043285308858624756
1955	0.09301551732384325
1998	0.057780352285167855
2078	0.031345058505034606
2146	0.253747310545558
2160	0.08504491765814116
2204	0.045965734371867115
2393	0.06717507221603257
2576	0.044980797300097713
2654	0.06501803345614818
2798	0.06025692784597495
2849	0.16796716295344535
3336	0.08887290471344311
3771	0.05284459483106944
4007	0.09154344992344615
4021	0.14342078499482946
4083	0.03649061621848615
4276	0.023440556987540884
4295	0.10244268823353224
4330	0.06810289293590527
4445	0.07061597237980641
4458	0.07227939993701389
4754	0.08887290471344311
4831	0.05582662753607953
4965	0.08242328451852317
5113	0.09154344992344615
5117	0.026719854720332486
5600	0.02812871717806888
5765	0.03443744541985445
5856	0.04090434447747929
5916	0.09016642283370652
5995	0.05064300288217534
6184	0.0198941992036761
6365	0.09016642283370652
6439	0.12464673111809746
6442	0.03681637085843406
6526	0.04514182836230016
6557	0.041577476468607294
6591	0.06946621248067339
6807	0.03649061621848615
6849	0.04928586446671065
6969	0.05692104765368785
6986	0.07675410507971928
7439	0.03513380373420366
7589	0.02546245597861412
7639	0.06092374819248836
7717	0.036707232439072486
7786	0.11974511252116027
7892	0.059610317318130025
8292	0.13453445736488714
8312	0.043886377182489396
8399	0.017463787489938407
8620	0.052385727372305686
8783	0.045798388302525896
8841	0.12537620236734806
8957	0.20585527190550595
8980	0.06672586584616563
9045	0.03493251436900236
9067	0.13453445736488714
9315	0.0728639985460785
9391	0.02565613217498868
9441	0.02143355751798043
9443	0.05867572202621627
9486	0.11737581471694852
9555	0.07171039249741473
9620	0.06305918035360072
9856	0.031859216262849224
9954	0.059610317318130025
10094	0.24864684269430337
10103	0.05330359121064738
10158	0.09329712221315219
10167	0.12922322273728415
10204	0.07542035508424777
10207	0.14383402394542807
10329	0.07407267374655101
10376	0.09459672314360192
10400	0.07900213124599137
10655	0.10244268823353224
10769	0.057490055093287015
10878	0.04647579486332943
10894	0.04103728269235266
11186	0.03616976033058915
11264	0.22218780075469252
11438	0.03974376457208926
11493	0.03595850598635702
11659	0.0353716271546085
11841	0.05196576914199346
12136	0.16303042137978502
12148	0.022863859328192203
12291	0.032654457917035355
12326	0.149323802208614
12389	0.08151521068989251
12529	0.2690689147297743
12592	0.149323802208614
12626	0.03513380373420366
12664	0.07061597237980641
12776	0.04647579486332943
12785	0.0868679919445654
12838	0.06161208254582989
12839	0.0498222665249152
12963	0.032386070548538655
12992	0.09630455553361938
12994	0.08887290471344311
