52
t_index	tf-idf
99	0.09513232939341337
114	0.07240315833216276
208	0.06454447890863987
478	0.0972943391034974
512	0.32278587582687174
1279	0.05646398528108225
1677	0.1434676418456788
1827	0.18195321652216673
2046	0.2174567780008851
2146	0.23040219102001472
2160	0.10296088299510309
2204	0.16694728134619163
2217	0.09725018155797475
2453	0.14803138684724979
2556	0.24431418546202502
2849	0.07625697052844513
2972	0.060970791185624526
3116	0.20174620176952962
3666	0.11002714815632539
3672	0.12454541343519236
3856	0.19577331789342714
3923	0.1746389547075447
3985	0.15509580906102682
4276	0.04256798369249537
5517	0.14205850297114728
5639	0.13341234895356888
5995	0.09196754675980055
6646	0.06236096893985825
7020	0.10711246260113523
7183	0.052701990778370456
7362	0.05556285051355898
7604	0.12092413978526485
8398	0.08408868610359016
8755	0.22860360923066955
9254	0.12728163574089005
9374	0.07625697052844513
9441	0.07784655692119449
10063	0.07887601106197113
10094	0.07525699119569684
10103	0.04839958373455693
10329	0.06725788064205686
10451	0.12282303883249067
10510	0.20881062398330666
11167	0.08286820572161284
11493	0.13060108573762386
11594	0.18243030648848815
12291	0.05930040113118762
12655	0.28411700594229455
12785	0.07887601106197113
12869	0.0581725487809625
12963	0.058813010446251604
12964	0.08316974069518546
