92
t_index	tf-idf
81	0.03220765772567271
106	0.1492306716172436
656	0.05098047620981891
773	0.04128653321166727
1580	0.07897906771947281
1714	0.16348925796345515
1837	0.045371934529093966
1862	0.026329936639726673
1866	0.05795093451014454
1870	0.09564346901795008
1919	0.09616487464328372
2131	0.10615753562261421
2217	0.038071243015383296
2357	0.06231466642099554
2386	0.02366953068075522
2757	0.06231466642099554
2785	0.08949313432413694
2794	0.025049444445140828
2818	0.027989359256325605
2848	0.033412146717347
2869	0.054566161078586174
2878	0.06508022768325031
2972	0.02386868354260419
3114	0.08949313432413694
3600	0.047756218474550645
3739	0.04331201639221433
3977	0.0746153358086218
4024	0.06725086595953418
4099	0.03304065243329701
4100	0.06846500111480867
4257	0.07282873302565968
4310	0.06405040990493929
4332	0.04681599351583103
4422	0.02462213191319
4634	0.08949313432413694
4851	0.2989672620486469
5196	0.05020242916773516
5732	0.06508022768325031
5750	0.05312043987150333
5899	0.045371934529093966
5959	0.10615753562261421
6052	0.04331201639221433
6081	0.205395003344426
6091	0.05508039987565035
6119	0.6369452137356852
6333	0.10615753562261421
6434	0.08512940241328594
6646	0.024412906640886637
6933	0.05020242916773516
6959	0.04171384574361809
7015	0.036456038573026074
7050	0.05561268577984059
7498	0.18489093100082363
7589	0.018101813224744186
7797	0.04007239805639278
7828	0.05266761246095429
7891	0.06410126920395766
7957	0.06410126920395766
8047	0.04808243732164186
8240	0.06410126920395766
8247	0.10615753562261421
8351	0.04808243732164186
8386	0.061494542814483036
8551	0.022587873151403016
8566	0.09130053024503657
8769	0.08174462898172757
8910	0.06846500111480867
9190	0.0697848411699806
9198	0.02852477690239754
9241	0.03232389271398341
9441	0.015237581765803048
9499	0.030563241334699762
9528	0.023343311833664015
9806	0.03255906938996526
9949	0.026567569568932272
10350	0.0607164957723993
10372	0.04046640960515477
10804	0.08861406958031855
11210	0.021181282292997202
11289	0.057331722340840933
11465	0.10117292932211383
11564	0.03304065243329701
11659	0.012573229164260352
11763	0.04651727776714116
11941	0.07664081898916887
12003	0.15795813543894563
12017	0.10615753562261421
12389	0.23180373804057816
12768	0.042378269844308036
12839	0.03541973185245452
12869	0.022773235031381303
12973	0.056164331727182416
