222
t_index	tf-idf
37	0.03632773196766195
101	0.029921249343103917
129	0.13432920188710382
154	0.07516886389470326
167	0.037281954573488534
208	0.01985858963147363
212	0.03164783966601732
342	0.03033002373364065
412	0.025589078696561823
413	0.013907850518043158
478	0.014967417712494381
638	0.05044447375917272
746	0.033852376229585396
806	0.04897483045041525
1036	0.028532000964997955
1328	0.05598208119636238
1416	0.03404011898167864
1428	0.05155364289731013
1554	0.3740469965853775
1616	0.013162519185684184
1636	0.09322952231860646
1646	0.07486298568886188
1781	0.07516886389470326
1786	0.030753313821749784
1845	0.024184937851344537
1900	0.16997665311196988
1903	0.07516886389470326
2008	0.02549630454452022
2063	0.04994087757833565
2209	0.030897817631897147
2214	0.02926964353967519
2218	0.06268429104518697
2224	0.027074993432822138
2251	0.028064434434638384
2302	0.026660293589421093
2315	0.027180962293872353
2392	0.06424537872938595
2408	0.04414111126129482
2498	0.023363987410265883
2561	0.09543756732667763
2591	0.026259535907828185
2654	0.03632773196766195
2670	0.027074993432822138
2788	0.028772845891182886
2798	0.16833772167684116
2829	0.07033514470558282
2848	0.026259535907828185
2849	0.07038661911302813
2858	0.04038489828312378
2900	0.04201269201330325
2931	0.04658255113475393
2953	0.05114836200724195
2966	0.026762623989166616
2967	0.08343216142772682
3031	0.04071153291739168
3041	0.05117815739312365
3083	0.0319615793089011
3134	0.0319615793089011
3158	0.08423134752521792
3175	0.083497663891267
3255	0.050378971295632534
3314	0.027180962293872353
3350	0.03442471421723264
3403	0.01621497648328324
3496	0.02119811558478292
3533	0.015514726469086845
3633	0.045058596031045096
3688	0.054845848667777496
3789	0.04038489828312378
3846	0.15115730217095222
4083	0.020388517690465933
4214	0.03887383817079907
4235	0.03805134528509796
4287	0.18735851237721599
4310	0.016779666519069016
4422	0.058053655986672316
4458	0.04038489828312378
4522	0.054845848667777496
4595	0.026660293589421093
4650	0.09666054497085097
4688	0.04658255113475393
4689	0.08343216142772682
4697	0.3030078990183141
4716	0.031494012778541525
4893	0.06023415242596664
5072	0.032448235384368106
5113	0.05114836200724195
5315	0.015716447328851458
5483	0.11748334549476215
5527	0.04328921905521376
5600	0.04714934198655437
5675	0.022707434200008297
5715	0.02965631803194892
5718	0.05598208119636238
5728	0.06424537872938595
5765	0.019241343060725266
5776	0.049656239815297376
5808	0.04459102950068552
5810	0.07433703128183082
5812	0.054845848667777496
5856	0.11427307037000724
5873	0.047718783663338815
5904	0.045058596031045096
6027	0.03859332126666422
6069	0.049656239815297376
6161	0.03278407219460221
6260	0.11271847246757169
6309	0.037789325542738054
6432	0.03086996848570791
6442	0.02057052761322423
6481	0.08343216142772682
6497	0.0319615793089011
6503	0.07516886389470326
6522	0.04459102950068552
6547	0.04038489828312378
6585	0.0229288910642681
6671	0.02522223687958636
6807	0.020388517690465933
6880	0.04605262307576162
6959	0.03278407219460221
6969	0.03180367741937835
7020	0.03295560635361763
7028	0.10075794259126507
7039	0.022136239041137488
7058	0.06690556636167969
7113	0.041392942282273804
7183	0.06485990593313296
7202	0.12521482026046293
7226	0.044272478082274976
7276	0.03632773196766195
7385	0.08343216142772682
7405	0.031342145522593484
7589	0.02845343751140529
7640	0.030753313821749784
7717	0.020509548358159317
7767	0.03831925360173036
7843	0.037281954573488534
7913	0.009440973145898191
7917	0.05380854963953568
8012	0.0319615793089011
8015	0.0211338490228249
8069	0.04658255113475393
8076	0.03655922309315337
8399	0.009757597351857447
8433	0.02739576843641307
8437	0.04414111126129482
8486	0.03442471421723264
8551	0.035504876182815524
8620	0.17561786123805118
8645	0.08343216142772682
8794	0.06619351717932126
8797	0.07652988361355799
8824	0.026660293589421093
8894	0.0437075573599195
8915	0.04414111126129482
9002	0.09784491367921491
9151	0.03859332126666422
9159	0.057238127983438816
9205	0.03502592152219019
9251	0.07506588214539753
9262	0.030753313821749784
9369	0.028532000964997955
9430	0.04414111126129482
9449	0.05271693881634249
9481	0.035444259826895926
9499	0.024020501887461285
9621	0.05285432703370909
9697	0.10446639489083058
9806	0.05117815739312365
9807	0.2097664252168645
9949	0.020880192254061056
10094	0.023154539789068083
10103	0.014891242256044514
10158	0.07819229532833015
10177	0.037532941072698764
10204	0.021069927055348055
10207	0.02009121005345358
10276	0.03975731031156509
10283	0.051970854892943064
10360	0.07516886389470326
10415	0.045545252106512106
10556	0.025776821448655066
10597	0.057238127983438816
10742	0.08343216142772682
10794	0.0636073548387567
10796	0.042525460953381826
10904	0.028064434434638384
10953	0.049908657125907925
11018	0.037789325542738054
11165	0.02926964353967519
11210	0.04994087757833565
11459	0.054845848667777496
11503	0.02914348978708462
11559	0.16686432285545363
11634	0.01918678269834086
11699	0.016385895803423235
11777	0.032448235384368106
11802	0.03805134528509796
11841	0.014517499473103677
11894	0.04459102950068552
11904	0.022634520098873578
12140	0.08343216142772682
12148	0.012774796610560236
12245	0.07516886389470326
12275	0.05905205601942897
12417	0.08936414325622315
12424	0.051970854892943064
12437	0.03442471421723264
12447	0.08343216142772682
12504	0.031342145522593484
12518	0.028772845891182886
12604	0.051970854892943064
12628	0.03565906596943664
12675	0.02172511490813286
12676	0.012743048473628055
12677	0.033667544335368234
12686	0.03703614342420646
12749	0.02241841596315043
12768	0.033306261585116154
12798	0.030469457116956512
12869	0.0178981191511855
13002	0.10198521817808089
