202
t_index	tf-idf
122	0.126117064158511
148	0.0600424909847658
230	0.01990879285657253
289	0.050190383168488735
393	0.04451898982273072
409	0.05565012459324318
413	0.012468996000741897
465	0.033424902135206214
466	0.046594143428169504
613	0.041763293547774326
616	0.050190383168488735
773	0.08727378469748133
879	0.07762135472687647
998	0.2528964328470419
1008	0.0673921726486346
1387	0.05032198473439233
1447	0.02658818560476804
1448	0.03320452169371674
1536	0.0673921726486346
1603	0.0673921726486346
1687	0.042260502858790405
1751	0.045856742599109636
1837	0.09590973466092235
1839	0.0256876049230038
1873	0.041763293547774326
1938	0.0630585320792555
1958	0.03711058233671839
2041	0.04083330962121854
2089	0.042260502858790405
2135	0.04516695019059764
2415	0.0673921726486346
2480	0.032166028482460335
2509	0.09360002588927788
2515	0.0673921726486346
2593	0.046594143428169504
2686	0.09318828685633901
2696	0.0673921726486346
2869	0.07689667022619463
2895	0.05759879065450106
2915	0.0630585320792555
3041	0.04588345546512134
3101	0.04039700117435519
3259	0.059983765162622285
3432	0.01929787957169357
3450	0.04039700117435519
3505	0.025160992367196166
3546	0.05565012459324318
3683	0.0630585320792555
3717	0.03364992250415773
3778	0.059983765162622285
3937	0.02970217485070607
4008	0.022137734334549863
4013	0.023811155844203985
4014	0.03086326124547325
4036	0.0630585320792555
4067	0.07422116467343678
4090	0.050190383168488735
4135	0.019179778118755715
4141	0.05565012459324318
4325	0.04516695019059764
4346	0.06473162271955564
4366	0.03711058233671839
4405	0.030350135218572997
4515	0.1579407704431117
4605	0.08257637975190721
4674	0.045856742599109636
4736	0.0300212454923829
4776	0.042781975682476416
4803	0.0673921726486346
4806	0.08903797964546144
4875	0.04451898982273072
4943	0.045856742599109636
5054	0.017960126795314647
5087	0.07837147188431438
5091	0.031777328456144865
5110	0.020358207464171895
5196	0.07074713639292818
5213	0.024179746602610016
5301	0.04738621482523313
5310	0.04465607963604428
5412	0.028373671813321556
5443	0.03620682682268933
5689	0.030518454803398987
5859	0.049171701033786645
5870	0.05565012459324318
6008	0.0630585320792555
6091	0.1164320320903147
6282	0.09033390038119528
6404	0.049171701033786645
6430	0.019357423306425287
6585	0.0411135064488789
6667	0.02809960364967132
6670	0.04249309126590291
6689	0.08166661924243708
6779	0.059983765162622285
6783	0.046594143428169504
6796	0.023902118714450284
6806	0.05565012459324318
6892	0.03957443596847266
6913	0.0673921726486346
6933	0.03537356819646409
6959	0.14696176974011824
6975	0.05565012459324318
7026	0.11519758130900212
7039	0.09923053016615457
7237	0.025264259573837433
7286	0.03775854270458531
7439	0.035199062209569906
7449	0.04516695019059764
7617	0.0300212454923829
7717	0.018387706721692095
7741	0.042781975682476416
7796	0.08666040428802751
7957	0.13550085057179292
8076	0.032776941767339286
8249	0.0630585320792555
8403	0.04824171710723086
8494	0.038448335113097316
8507	0.049171701033786645
8565	0.15885881562435936
8566	0.06433205696492067
8572	0.03957443596847266
8676	0.024464778767297905
8760	0.03196991155364078
8808	0.06970419074555619
8810	0.031402269877425906
9021	0.04390807653785176
9035	0.059983765162622285
9125	0.02311004731738666
9195	0.059983765162622285
9198	0.02009908997978084
9211	0.025058713378644546
9315	0.036499669051839434
9381	0.030350135218572997
9623	0.05565012459324318
9679	0.04039700117435519
9689	0.033424902135206214
9747	0.050190383168488735
9792	0.09477242965046626
9801	0.17995129548786687
9949	0.018720005177855572
10075	0.04516695019059764
10106	0.22656067951844475
10151	0.038448335113097316
10152	0.04824171710723086
10189	0.26668512571121517
10204	0.05667033216561131
10213	0.06634181962160506
10219	0.04555203571814989
10220	0.0673921726486346
10439	0.05257535767660996
10475	0.06822938908743642
10630	0.05400255091418184
10731	0.042781975682476416
10761	0.03809787510160217
10768	0.03158815408862234
10853	0.04738621482523313
10894	0.0411135064488789
10922	0.02139001185066468
11046	0.04516695019059764
11055	0.038448335113097316
11081	0.04451898982273072
11084	0.045856742599109636
11091	0.02909126156582711
11113	0.126117064158511
11183	0.041763293547774326
11270	0.0673921726486346
11271	0.05759879065450106
11289	0.04039700117435519
11360	0.11996753032524457
11368	0.0630585320792555
11448	0.20076153267395494
11515	0.0673921726486346
11548	0.0673921726486346
11579	0.04390807653785176
11942	0.06970419074555619
12122	0.04824171710723086
12241	0.0630585320792555
12385	0.2189980143110366
12391	0.029536244146989844
12425	0.021983946462011322
12460	0.1347843452972692
12474	0.059983765162622285
12525	0.045856742599109636
12582	0.02909126156582711
12609	0.059983765162622285
12628	0.03196991155364078
12650	0.05565012459324318
12684	0.0673921726486346
12685	0.0630585320792555
12778	0.042781975682476416
12785	0.04351467144874571
12791	0.041288189875953604
12792	0.08166661924243708
12798	0.054634400685169705
12839	0.024957403873765497
12840	0.04351467144874571
12854	0.15772607302982988
12885	0.033424902135206214
12958	0.018720005177855572
12973	0.03957443596847266
12975	0.050190383168488735
