62
t_index	tf-idf
99	0.058507038160004535
616	0.1119024820508078
772	0.09205450595971933
773	0.06486071971750092
1208	0.16677239836579982
1400	0.12407530437684292
1703	0.08653074260187224
1938	0.14059279504722796
2104	0.07403148089870773
2686	0.10388444896186871
2915	0.14059279504722796
3447	0.0827402783495167
4063	0.16677239836579982
4067	0.0827402783495167
4141	0.12407530437684292
4310	0.033540845415919805
4346	0.07216152569684445
4366	0.0827402783495167
4823	0.12841997272119288
5060	0.0900675470765859
5149	0.12040193963225379
5196	0.07886750071003769
5600	0.03141557847680634
6090	0.12040193963225379
6091	0.08653074260187224
6217	0.08736695829148367
6595	0.12040193963225379
6783	0.10388444896186871
6892	0.08823358841008423
6933	0.07886750071003769
6959	0.1310640466345235
7050	0.08736695829148367
7445	0.1119024820508078
7796	0.0966072952940234
7996	0.02731615794253025
8076	0.07307816570132987
8193	0.08418494501387454
8249	0.14059279504722796
8507	0.10963126888012319
9195	0.13373741702502973
9448	0.06729799420047507
10106	0.5772922055747556
10189	0.08494150702972852
10226	0.17144575746447188
10493	0.08418494501387454
10804	0.0696058966807601
11113	0.14059279504722796
11360	0.13373741702502973
11367	0.16677239836579982
11471	0.14059279504722796
11564	0.05190652568895842
12261	0.07886750071003769
12385	0.08137821038788598
12425	0.0490145326468767
12474	0.13373741702502973
12583	0.14059279504722796
12650	0.12407530437684292
12785	0.048509290359405384
12798	0.06090534337529479
12839	0.11128807005291877
12869	0.035776518383330416
12973	0.08823358841008423
