119
t_index	tf-idf
258	0.06542455503729955
556	0.05935679388195333
711	0.07162609415425596
749	0.07133759270104528
1201	0.11657738279536733
1233	0.045885613163770864
1500	0.02268536115076018
1610	0.08496349691082825
1616	0.013404107469280335
1843	0.6321112991976853
1845	0.024628834459733958
1921	0.0335604820815482
1986	0.05971860420736596
1996	0.019650320885666123
2008	0.0259642703165781
2063	0.08476250895019276
2230	0.19437850627329878
2286	0.04638120145079368
2378	0.045885613163770864
2406	0.026542485650988355
2496	0.041800763774672574
2505	0.04017966233383727
2509	0.08505373082595696
2752	0.04495128864111139
2760	0.03566879635052264
2794	0.1002419839180643
2800	0.1432521883085119
2818	0.044802732557109086
3042	0.04227261749466277
3199	0.040802374580017925
3363	0.07975977681512128
3433	0.02139190191770347
3494	0.064774820691061
3780	0.025870522922778093
3815	0.06642718969810851
3839	0.02145664994942246
4008	0.10058207138824309
4262	0.06321112991976853
4666	0.12437628878612646
4708	0.0418540958672948
4850	0.06813356844185339
5039	0.1699269938216565
5110	0.023124212324002906
5117	0.015203284810663544
5399	0.339853987643313
5687	0.05971860420736596
5694	0.03987988840756064
5698	0.08734437609247969
5777	0.05292474141371383
5916	0.051303639972878526
6027	0.039301673073150384
6052	0.06932980027011339
6057	0.04638120145079368
6066	0.07051444762350483
6153	0.03485914791380568
6184	0.022639133314105088
6407	0.02704630181170485
6417	0.03304379869422138
6439	0.03546126604619228
6459	0.0547961656852811
6497	0.03254821040719859
6526	0.02568517234279329
6557	0.04731419561049413
6563	0.031317768102596795
6796	0.02714962351764964
6801	0.037966237216306244
6899	0.06542455503729955
6932	0.048594626568324695
7011	0.08496349691082825
7018	0.05292474141371383
7498	0.03699450056181935
7562	0.023198921650051673
7619	0.0273589429645918
7798	0.05700959080281212
7815	0.03338579954018514
7898	0.03254821040719859
7941	0.05382442903079421
8178	0.051303639972878526
8179	0.04495128864111139
8240	0.10260727994575705
8270	0.030200637768167234
8285	0.051303639972878526
8399	0.019873381637842438
8433	0.08369579238097295
8461	0.051303639972878526
8742	0.09379576967624095
8794	0.02527816879669632
8836	0.04959726122913365
8856	0.02905568469479601
8915	0.04495128864111139
8920	0.042515100811768146
8930	0.025870522922778093
9236	0.05971860420736596
9241	0.025870522922778093
9364	0.07011310866219471
9414	0.05700959080281212
9444	0.07162609415425596
9541	0.04638120145079368
9709	0.05382442903079421
9787	0.0197063959376491
9949	0.04252686541297848
9989	0.031764698099349835
10172	0.17807038164585998
10213	0.01883886788154779
10396	0.08496349691082825
10534	0.0547961656852811
10861	0.07162609415425596
11215	0.03822183038667833
11480	0.1699269938216565
11497	0.04921733881450535
11602	0.08496349691082825
11659	0.010063021065733958
11666	0.06813356844185339
11781	0.047437539333853
11843	0.03146492417307321
12242	0.08496349691082825
12532	0.04357134706735959
12776	0.0528883673586365
12913	0.03987988840756064
