429
t_index	tf-idf
34	0.03597129796382012
65	0.01668546637755948
81	0.016264805641067984
99	0.05642164670695769
106	0.03768060208249452
112	0.02175185141592919
129	0.017262651345077665
139	0.03190662726335073
160	0.033961558873418264
202	0.019760548218577315
208	0.012760140914900164
230	0.014268572478111002
344	0.05360935274905985
348	0.0161487411499611
412	0.06576907144162963
413	0.04468246127417178
468	0.03286539068939418
503	0.039884278363590354
562	0.03768060208249452
577	0.028952410289623955
581	0.05360935274905985
660	0.0138307327484029
879	0.05563099348858635
900	0.03524121151529117
920	0.0585302225050936
946	0.03457469480806857
949	0.014450964663055541
979	0.04087091913517544
995	0.029591122574795608
1097	0.025949324825658805
1115	0.0859803712760326
1130	0.02128746015230717
1166	0.031054626678631275
1171	0.06791740754605066
1177	0.04829976919353808
1200	0.0429901856380163
1210	0.0412808815193419
1213	0.03952109643715463
1236	0.02479814663958618
1397	0.039884278363590354
1447	0.019055673344748093
1458	0.021516137129821672
1460	0.01719632963324962
1500	0.02862752999555337
1521	0.05360935274905985
1551	0.03597129796382012
1554	0.5361519459497339
1560	0.019140316303924675
1584	0.10921853395441214
1616	0.01691515890314954
1636	0.014976162258885086
1637	0.05360935274905985
1671	0.056168600218692244
1681	0.03713312810861217
1720	0.013746089789226314
1726	0.05360935274905985
1800	0.015755828879628172
1828	0.03190662726335073
1832	0.0196688092793984
1845	0.015540036867077296
1858	0.033961558873418264
1862	0.013296567717975657
1890	0.026597043707828952
1900	0.05460926697720607
1917	0.013178414580675944
1976	0.02479814663958618
1978	0.028952410289623955
1998	0.020743962059665673
2003	0.02211960730941694
2063	0.1176615781639236
2078	0.011253318449450673
2083	0.027061434971450964
2115	0.03768060208249452
2158	0.02479814663958618
2163	0.03870346722038968
2204	0.016502347461447495
2238	0.0412808815193419
2244	0.029931627959769398
2267	0.029931627959769398
2291	0.023491136433403004
2302	0.01713057721352282
2307	0.02554606804347054
2315	0.03493026599660513
2316	0.02554606804347054
2381	0.02462204440424762
2383	0.039884278363590354
2401	0.03768060208249452
2480	0.023053296703694905
2498	0.02251880248457678
2506	0.03524121151529117
2509	0.026833143786783104
2607	0.05409842462055881
2670	0.017397042684504593
2688	0.07048242303058234
2721	0.10572363454587352
2754	0.023053296703694905
2818	0.01413457297018188
2821	0.018410229855395727
2835	0.07493517850476053
2845	0.03118683527929918
2849	0.04522693681036584
2881	0.0412808815193419
2900	0.053990528053856485
2906	0.03862492169745168
2924	0.0138307327484029
2973	0.028362880259216683
2994	0.03768060208249452
3085	0.01825702255105465
3175	0.02682572068534345
3209	0.02682572068534345
3210	0.028651975317896487
3264	0.026374995990671727
3294	0.02364282673410218
3335	0.02395552769702502
3339	0.0292651112525468
3363	0.025162982727486943
3403	0.0104189365256113
3466	0.020743962059665673
3472	0.04856307803854767
3496	0.013620853595940854
3498	0.0412808815193419
3505	0.03606561641370588
3519	0.04519386191911213
3533	0.03987596293100681
3536	0.04008509459450958
3631	0.027815496744293174
3663	0.026597043707828952
3688	0.03524121151529117
3698	0.04519386191911213
3700	0.03066171440829835
3737	0.0237975816917195
3745	0.03870346722038968
3767	0.0412808815193419
3771	0.01897195546375206
3801	0.028362880259216683
3815	0.04191351314544075
3839	0.013538486029582051
3840	0.05360935274905985
3872	0.0257450431231095
3897	0.02211960730941694
3946	0.03762379722831795
3980	0.10217729783793861
4008	0.01586604818932611
4014	0.02211960730941694
4083	0.013100646299873947
4090	0.03597129796382012
4094	0.04527827169736711
4135	0.027492179578452628
4146	0.05360935274905985
4147	0.04519386191911213
4155	0.02615920397812085
4195	0.0237975816917195
4204	0.03286539068939418
4214	0.024978392834920177
4247	0.024868259185302694
4276	0.008415490829947725
4308	0.024978392834920177
4310	0.03234533467809989
4328	0.022639135848683555
4330	0.024449899859446456
4332	0.011820993658001043
4355	0.04829976919353808
4401	0.04829976919353808
4431	0.020335325986620998
4566	0.03597129796382012
4595	0.03426115442704564
4652	0.04519386191911213
4663	0.031054626678631275
4697	0.10816543821850161
4702	0.05360935274905985
4720	0.039884278363590354
4775	0.027061434971450964
4794	0.0412808815193419
4846	0.03524121151529117
4861	0.0237975816917195
4936	0.029931627959769398
4949	0.09075525607239567
4972	0.015487025514575228
4984	0.02013890215092394
5054	0.012871969322359449
5070	0.03286539068939418
5081	0.0735567421783288
5091	0.04554943310764869
5110	0.029181333174709237
5117	0.009592805004420814
5187	0.022374967951163734
5203	0.03524121151529117
5210	0.037452310897826656
5232	0.03140261658911991
5246	0.019039470079760767
5291	0.04519386191911213
5310	0.010668293041263618
5315	0.07069024559324082
5411	0.033393883664867896
5482	0.04519386191911213
5585	0.2005638272252754
5600	0.02019721302664023
5682	0.0429901856380163
5764	0.0412808815193419
5899	0.022912740285573226
5949	0.06573078137878836
5954	0.04829976919353808
6009	0.048103227088496195
6069	0.03190662726335073
6087	0.0730280902042186
6153	0.021995049933081257
6315	0.027061434971450964
6317	0.04829976919353808
6399	0.0859803712760326
6412	0.025162982727486943
6413	0.0412808815193419
6430	0.013873407565543127
6432	0.019835504697265353
6442	0.013217596813752593
6454	0.04587644184800621
6467	0.03524121151529117
6548	0.10791389389146037
6646	0.012328471229717948
6670	0.015227335904154454
6671	0.016206553574299894
6681	0.039884278363590354
6724	0.04519386191911213
6807	0.026201292599747895
6907	0.03915631206726556
6946	0.0257450431231095
7003	0.03457469480806857
7030	0.06792311774683653
7039	0.014223645018735829
7095	0.02462204440424762
7234	0.02554606804347054
7237	0.01810681950594014
7263	0.039884278363590354
7276	0.023342391762374712
7331	0.017603156730051448
7334	0.03457469480806857
7394	0.01586604818932611
7424	0.03524121151529117
7439	0.025227062932295295
7562	0.029275611747494358
7575	0.028084300109346122
7589	0.0731310488602701
7674	0.026597043707828952
7717	0.013178414580675944
7760	0.03190662726335073
7825	0.0257450431231095
7860	0.13584623549367306
7911	0.01644226786040741
7912	0.033746024934818146
7982	0.0412808815193419
7996	0.008780838803301896
7998	0.0367783710891644
8013	0.11022322853548962
8014	0.024978392834920177
8027	0.0367783710891644
8043	0.017262651345077665
8145	0.033961558873418264
8202	0.04829976919353808
8254	0.09086392917132585
8270	0.03811134668949619
8276	0.02395552769702502
8295	0.025162982727486943
8312	0.015755828879628172
8328	0.03768060208249452
8337	0.039884278363590354
8340	0.028952410289623955
8399	0.006269746216177712
8565	0.016264805641067984
8576	0.06386238045692151
8595	0.022639135848683555
8617	0.02515462677026142
8623	0.011986445227396295
8637	0.05360935274905985
8639	0.09038772383822426
8656	0.018807215568985895
8686	0.0429901856380163
8720	0.0367783710891644
8752	0.031054626678631275
8794	0.05316582285898762
8797	0.01229357317452967
8820	0.033961558873418264
8855	0.0292651112525468
8892	0.03066171440829835
8893	0.09053409752970071
8927	0.038800011828690896
8930	0.04897051226453563
9045	0.012541265742772648
9051	0.02043545956758772
9056	0.033961558873418264
9060	0.04519386191911213
9111	0.05730395063579297
9125	0.0331258040099449
9143	0.02554606804347054
9188	0.04829976919353808
9198	0.014404957858904062
9210	0.027061434971450964
9241	0.016323504088178543
9247	0.05360935274905985
9249	0.0412808815193419
9257	0.031054626678631275
9266	0.016323504088178543
9317	0.024281539019273834
9350	0.04829976919353808
9399	0.028362880259216683
9422	0.02535213085277657
9449	0.0677465600913154
9450	0.05360935274905985
9486	0.01404652476095378
9536	0.03768060208249452
9555	0.0257450431231095
9577	0.0237975816917195
9590	0.05360935274905985
9611	0.026597043707828952
9618	0.022505913188771397
9628	0.025162982727486943
9683	0.024116799124507673
9689	0.02395552769702502
9698	0.028651975317896487
9744	0.02175185141592919
9781	0.02635682916135189
9786	0.03870346722038968
9787	0.012434129592651347
9883	0.07536120416498904
9949	0.013416571893391552
9974	0.0429901856380163
10001	0.023053296703694905
10093	0.03970679834393032
10094	0.05951181750790767
10103	0.02870511246436542
10158	0.08373745948769608
10164	0.01656290200497245
10200	0.02554606804347054
10207	0.012909611215622998
10213	0.011886746077727843
10219	0.016323504088178543
10276	0.02554606804347054
10283	0.033393883664867896
10288	0.04519386191911213
10352	0.023196480496174267
10418	0.04519386191911213
10421	0.0161487411499611
10432	0.031054626678631275
10461	0.04728565346820436
10584	0.07847761193436255
10603	0.0735567421783288
10635	0.02682572068534345
10656	0.0429901856380163
10678	0.02364282673410218
10681	0.034659104586323555
10749	0.017533833995711078
10751	0.022912740285573226
10755	0.07740693444077935
10767	0.039884278363590354
10769	0.020639741270137024
10780	0.03146878753364263
10789	0.029591122574795608
10794	0.02043545956758772
10806	0.02682572068534345
10855	0.02140094533707685
10879	0.03146878753364263
10894	0.014732963741733015
10896	0.04829976919353808
10953	0.016034409029498733
10992	0.05360935274905985
11008	0.021516137129821672
11055	0.027555807133872404
11075	0.03870346722038968
11125	0.028952410289623955
11148	0.027061434971450964
11210	0.021393014211622475
11215	0.048233598249015346
11240	0.026374995990671727
11264	0.039884278363590354
11280	0.03524121151529117
11295	0.04519386191911213
11296	0.08344649023287953
11318	0.01985339917196516
11386	0.02140094533707685
11400	0.02535213085277657
11410	0.017000741734680552
11412	0.04169924084519814
11441	0.017743713148173124
11453	0.033961558873418264
11504	0.05360935274905985
11519	0.01713057721352282
11624	0.0292651112525468
11645	0.032371018526972745
11659	0.006349456715515655
11699	0.010528760770461434
11746	0.033393883664867896
11773	0.033961558873418264
11779	0.024449899859446456
11808	0.033961558873418264
11824	0.04829976919353808
11868	0.03286539068939418
11921	0.0429901856380163
11944	0.039884278363590354
11995	0.04829976919353808
12144	0.022374967951163734
12149	0.029591122574795608
12239	0.027815496744293174
12338	0.04829976919353808
12417	0.03828063260784935
12425	0.015755828879628172
12532	0.06873044894613156
12535	0.02163308764370032
12577	0.02140094533707685
12578	0.03870346722038968
12626	0.025227062932295295
12628	0.022912740285573226
12631	0.09205114927697863
12662	0.020536919459676235
12664	0.02535213085277657
12676	0.008188048457942342
12686	0.0237975816917195
12749	0.07202478929452032
12751	0.031054626678631275
12768	0.02140094533707685
12776	0.06674186551023792
12785	0.03118683527929918
12792	0.0292651112525468
12795	0.02479814663958618
12798	0.01957815603363278
12804	0.032371018526972745
12814	0.05360935274905985
12839	0.01788689694065249
12840	0.03118683527929918
12878	0.03286539068939418
12958	0.013416571893391552
12982	0.03828063260784935
