399
t_index	tf-idf
112	0.02404670253585989
150	0.03348340078034652
205	0.032352621922264874
273	0.03478878917090814
313	0.04996187833555001
367	0.02824121438933298
376	0.016078208754630192
446	0.02846118162157617
478	0.02126391595209569
549	0.059265215362430165
556	0.020701791360643804
617	0.027029398909975775
643	0.08831782599347142
736	0.037544551416213136
744	0.019307729256179823
756	0.035786206811383316
778	0.012340342186405187
779	0.0627104085635794
878	0.03200693056504201
949	0.015975561894204626
959	0.03633273593685593
967	0.044092126197788295
993	0.037544551416213136
1036	0.040534852579037176
1040	0.011192975150050808
1075	0.08331191789829005
1171	0.02502759673245773
1179	0.03633273593685593
1223	0.041655958949145026
1225	0.053395463224668455
1279	0.012340342186405187
1300	0.031674799278451425
1309	0.025643742029328787
1344	0.03895920922349343
1387	0.03987059000585601
1435	0.050354962787883074
1437	0.11687762767048028
1442	0.053395463224668455
1454	0.059265215362430165
1472	0.07157241362276663
1500	0.04747166240998835
1604	0.04065854130866985
1680	0.02488031889331261
1748	0.059265215362430165
1779	0.059265215362430165
1806	0.04348779300964619
1808	0.032352621922264874
1813	0.025177481393941537
1840	0.045636072963736084
1859	0.04278673780722668
1862	0.014699374437061888
1917	0.014568755976499762
1922	0.08331191789829005
1926	0.030185310978645612
1928	0.07953264165194875
2037	0.025177481393941537
2107	0.030185310978645612
2110	0.059265215362430165
2116	0.059265215362430165
2196	0.06779313737642532
2204	0.018243368482106698
2217	0.02125426521244016
2224	0.019232455317876155
2226	0.02488031889331261
2240	0.03976632082597437
2304	0.026843275762805246
2307	0.05648242877866596
2340	0.04065854130866985
2363	0.019854258381652442
2386	0.01321413336411117
2397	0.031547854151047265
2498	0.008298189342691234
2508	0.0486311176817678
2509	0.014832039222882095
2532	0.03976632082597437
2581	0.04474292450314254
2585	0.02824121438933298
2591	0.037306406169113376
2677	0.04996187833555001
2818	0.015625790429795925
2857	0.04278673780722668
2879	0.04278673780722668
2882	0.028919037033146425
2891	0.02270359353816186
2899	0.02304928489538471
2900	0.01492165130038455
2966	0.0190105667555509
2975	0.09992375667110003
2998	0.020525362847961293
3033	0.059265215362430165
3034	0.059265215362430165
3035	0.030750071031074327
3037	0.07953264165194875
3055	0.041655958949145026
3083	0.02270359353816186
3129	0.03976632082597437
3172	0.038222374060026584
3272	0.014106353846806648
3403	0.011518149079848241
3411	0.11853043072486033
3432	0.01528989463445235
3466	0.022932479425574234
3494	0.045182858967628914
3533	0.022041466737647234
3544	0.03348340078034652
3546	0.044092126197788295
3628	0.05368655152561049
3666	0.02404670253585989
3717	0.026661155575907973
3727	0.045634526390395946
3736	0.035786206811383316
3745	0.04278673780722668
3755	0.0784115352818409
3768	0.021643679213285347
3801	0.0313552042817897
3815	0.04633544812204724
3823	0.053395463224668455
3829	0.06779313737642532
3846	0.026843275762805246
3856	0.04278673780722668
3896	0.059265215362430165
3916	0.03271302790056695
3923	0.05725165650561865
3937	0.14119990401873597
3979	0.0299164546736216
4000	0.059265215362430165
4008	0.07015975494370036
4021	0.02846118162157617
4029	0.059265215362430165
4083	0.0289655660639428
4099	0.11067484021873313
4155	0.028919037033146425
4158	0.047525711086906744
4276	0.055820022161280944
4295	0.04065854130866985
4329	0.047525711086906744
4332	0.013068125224691115
4422	0.013745947868504554
4487	0.021349952810208288
4516	0.04278673780722668
4603	0.045636072963736084
4605	0.03271302790056695
4606	0.024180063753466364
4650	0.03433093375933788
4655	0.053395463224668455
4669	0.02965587219661327
4708	0.009731598845632792
4745	0.037544551416213136
4899	0.05931174439322654
4949	0.016721677346052743
4984	0.022263584839836485
5146	0.08818425239557659
5210	0.020701791360643804
5232	0.03471563709805564
5246	0.01052408056431306
5419	0.04918646332266501
5480	0.045636072963736084
5483	0.02781771303015362
5516	0.124188934126813
5517	0.03104723353170325
5599	0.047525711086906744
5600	0.011164023797747726
5603	0.053395463224668455
5613	0.09138895139728266
5623	0.020613117646741442
5630	0.022263584839836485
5631	0.026661155575907973
5650	0.045636072963736084
5651	0.053395463224668455
5673	0.041655958949145026
5684	0.059265215362430165
5687	0.041655958949145026
5724	0.053395463224668455
5733	0.03895920922349343
5765	0.027335797631087545
5832	0.047525711086906744
5849	0.029403069474217707
5886	0.03389656868821266
6013	0.018937877362452827
6019	0.038222374060026584
6153	0.0243155588408839
6168	0.059265215362430165
6233	0.03527282161197942
6252	0.07998346672772393
6260	0.08006845839540659
6407	0.0188658066099877
6417	0.02304928489538471
6432	0.01096408926263843
6442	0.014612071990638903
6449	0.05659741982996311
6532	0.027029398909975775
6547	0.028687015332959687
6585	0.016287312274927523
6670	0.03366768280080029
6774	0.053395463224668455
6843	0.0313552042817897
6849	0.019561096949985455
6854	0.0313552042817897
6887	0.04278673780722668
6890	0.03200693056504201
6911	0.03976632082597437
6932	0.03389656868821266
6953	0.023915409017519065
6980	0.053395463224668455
7015	0.04070507033946623
7027	0.023533317336455993
7080	0.03527282161197942
7095	0.027219704947970002
7106	0.03633273593685593
7202	0.24904632523576015
7215	0.026843275762805246
7226	0.01572425970557757
7238	0.04996187833555001
7286	0.0299164546736216
7314	0.032352621922264874
7331	0.019460314687037638
7357	0.03271302790056695
7405	0.04452716967967297
7440	0.08606104599887907
7461	0.04996187833555001
7589	0.010105809756442914
7590	0.03633273593685593
7593	0.026661155575907973
7625	0.03633273593685593
7628	0.041655958949145026
7709	0.041655958949145026
7760	0.03527282161197942
7787	0.20827979474572514
7849	0.04065854130866985
7892	0.023658775368887438
7911	0.018176950398098177
8015	0.030024443628007484
8096	0.041655958949145026
8179	0.0313552042817897
8255	0.059265215362430165
8279	0.09952127557325044
8287	0.03895920922349343
8310	0.053395463224668455
8312	0.034836182266018346
8336	0.07644474812005317
8349	0.04065854130866985
8361	0.019307729256179823
8399	0.027724853273933255
8411	0.03691698566946496
8432	0.03976632082597437
8438	0.059265215362430165
8482	0.09992375667110003
8491	0.06401386113008402
8525	0.059265215362430165
8533	0.03527282161197942
8540	0.044092126197788295
8556	0.03433093375933788
8565	0.03596153132674662
8574	0.053395463224668455
8589	0.04996187833555001
8617	0.06952118876902678
8623	0.039753096506695236
8656	0.02079140343814626
8681	0.059265215362430165
8682	0.059265215362430165
8721	0.04135416003554855
8728	0.02824121438933298
8734	0.059265215362430165
8760	0.02533006682479935
8796	0.03389656868821266
8797	0.013590562549275926
8798	0.018723479523570796
8800	0.022817263195197973
8824	0.018937877362452827
8880	0.0291575954085326
8898	0.038222374060026584
8903	0.03433093375933788
8930	0.12631959815830146
8936	0.08052982728841573
8940	0.03046298379909422
8999	0.023786120058851556
9003	0.04996187833555001
9038	0.059265215362430165
9045	0.05545754813657386
9205	0.02488031889331261
9242	0.0344770905545528
9336	0.09618681014343956
9352	0.11853043072486033
9364	0.024453257196767202
9391	0.010182678020704487
9406	0.022263584839836485
9444	0.04996187833555001
9445	0.04065854130866985
9448	0.023915409017519065
9473	0.09055593293593683
9497	0.04996187833555001
9549	0.1089982078105678
9550	0.12185193519637688
9551	0.03895920922349343
9552	0.059265215362430165
9618	0.04976063778662522
9628	0.02781771303015362
9703	0.044092126197788295
9704	0.04996187833555001
9747	0.03976632082597437
9779	0.028919037033146425
9781	0.029137511952999524
9782	0.02824121438933298
9963	0.03433093375933788
9984	0.037544551416213136
10005	0.044092126197788295
10053	0.035786206811383316
10093	0.04389592178478381
10167	0.025643742029328787
10182	0.07892478075606957
10184	0.193901706726253
10185	0.13829570937230828
10213	0.013140814617789187
10366	0.053395463224668455
10384	0.03389656868821266
10507	0.037544551416213136
10556	0.01831031161570465
10569	0.059265215362430165
10591	0.031674799278451425
10643	0.07953264165194875
10654	0.020525362847961293
10663	0.053395463224668455
10700	0.025643742029328787
10725	0.09225021309322298
10740	0.03478878917090814
10768	0.02502759673245773
10774	0.047525711086906744
10815	0.025643742029328787
10833	0.033089457085731716
10848	0.027414386218456488
10882	0.03976632082597437
10913	0.018653203084556688
10996	0.047525711086906744
11008	0.023786120058851556
11018	0.08052982728841573
11031	0.047525711086906744
11040	0.03478878917090814
11042	0.03389656868821266
11066	0.021643679213285347
11069	0.038222374060026584
11073	0.032352621922264874
11081	0.03527282161197942
11085	0.041655958949145026
11097	0.10257496811731515
11111	0.06779313737642532
11149	0.023287843270770884
11210	0.011825003749234498
11214	0.07644474812005317
11232	0.029403069474217707
11318	0.021947960892391906
11373	0.03200693056504201
11412	0.02304928489538471
11419	0.02761364864258481
11438	0.015773927075523633
11466	0.03478878917090814
11474	0.01938367830607953
11619	0.044092126197788295
11638	0.059265215362430165
11643	0.04278673780722668
11659	0.021058000165058682
11719	0.029403069474217707
11730	0.031674799278451425
11749	0.059265215362430165
11751	0.059265215362430165
11782	0.02648286978450316
11839	0.03633273593685593
11841	0.01031236297938611
11849	0.06092596759818844
11896	0.03348340078034652
11988	0.060370621957291225
12033	0.0313552042817897
12074	0.02533006682479935
12076	0.03895920922349343
12144	0.024735558747749416
12243	0.03976632082597437
12251	0.045636072963736084
12275	0.020973523625043535
12391	0.02340184885221055
12423	0.019935295002928004
12425	0.017418091133009173
12469	0.019773989891567072
12470	0.0598329093472432
12480	0.059265215362430165
12518	0.020438508114261473
12532	0.015196321723247938
12582	0.04609856979076942
12588	0.053395463224668455
12675	0.015432221720869261
12676	0.02715569748786851
12735	0.04996187833555001
12776	0.036891613406244375
12788	0.041655958949145026
12798	0.021643679213285347
12862	0.01735781854902782
12871	0.03271302790056695
12973	0.0313552042817897
13001	0.04540718707632372
13002	0.018111049191576332
13021	0.059265215362430165
