551
t_index	tf-idf
65	0.01084962146825292
73	0.010070342698259835
76	0.010809613709920497
93	0.053685276542586764
101	0.025003052005505382
135	0.01648506652089601
202	0.012849174444717084
258	0.026842638271293382
280	0.029387029611010286
376	0.009457026286942557
410	0.03140662663518071
460	0.08386230815514474
471	0.022083293922424297
556	0.024353133868600746
566	0.02104905488478333
569	0.03140662663518071
617	0.0158983963893543
626	0.05186901138842233
627	0.02516669054063221
631	0.03652328541406792
638	0.021076422751071335
643	0.01038951558313796
645	0.020747087333535332
651	0.029387029611010286
659	0.03447549689214768
677	0.03485915055197982
706	0.046780228708988514
710	0.02227810408097044
711	0.029387029611010286
744	0.011356594873435714
745	0.013842039499937082
749	0.014634331062147152
801	0.014549184730065941
908	0.0692101974996854
911	0.026842638271293382
912	0.08386230815514474
916	0.014990263812272085
1040	0.0065835853880577356
1124	0.016611172981454758
1130	0.04152611849981125
1133	0.02795410271838158
1135	0.023914908670040744
1148	0.029387029611010286
1171	0.014720958274017279
1213	0.012849174444717084
1279	0.021775362335638045
1309	0.04525010456723243
1369	0.029387029611010286
1429	0.025934505694211164
1435	0.014809118790234837
1456	0.10457745165593947
1458	0.027981470584669578
1522	0.025934505694211164
1560	0.04978348989022072
1567	0.06971830110395964
1573	0.016010332316505206
1616	0.01099897761451508
1636	0.029214471063494167
1646	0.010426275448384764
1671	0.03652328541406792
1679	0.02795410271838158
1681	0.012072793615539089
1714	0.053685276542586764
1727	0.023390114354494257
1800	0.010245130426347518
1829	0.014898867869417009
1843	0.07780351708263349
1845	0.010104813002844253
1862	0.06916808834833571
1866	0.019029457860612917
1885	0.01648506652089601
1897	0.07550007162189663
1906	0.03140662663518071
1914	0.025934505694211164
1921	0.013769323768600825
1966	0.020747087333535332
1978	0.03765225198121388
1991	0.07550007162189663
1993	0.03485915055197982
1994	0.03140662663518071
1996	0.03224883716201419
1998	0.013488633221655982
2003	0.014383138049790403
2008	0.02130544153303433
2017	0.08181037060270402
2023	0.034019721672885
2030	0.01924144470957036
2045	0.06971830110395964
2049	0.04782981734008149
2063	0.06955337687570476
2121	0.024501578801582456
2173	0.017294563416736207
2217	0.012501526002752691
2219	0.022915380150103453
2224	0.04524927826956464
2230	0.11962554262617081
2232	0.0398640941441657
2251	0.011725722172026928
2252	0.016362074120540804
2267	0.03892571246660866
2275	0.011678057318976226
2286	0.019029457860612917
2291	0.015274966392565788
2298	0.014465469496725596
2323	0.013990735292334789
2347	0.010576089422206699
2356	0.07780351708263349
2357	0.14323669327269137
2377	0.04782981734008149
2386	0.007772408512084797
2389	0.02795410271838158
2397	0.009278051136049764
2406	0.1742392508731402
2435	0.029387029611010286
2483	0.048374525122460106
2487	0.03928559025792152
2488	0.020193079214986816
2496	0.06860071303978306
2509	0.043620215087506256
2561	0.019937590437695135
2562	0.02795410271838158
2583	0.011678057318976226
2596	0.020462384753241622
2644	0.029387029611010286
2668	0.023914908670040744
2751	0.02795410271838158
2752	0.01844278772907121
2760	0.029268662124294305
2781	0.009457026286942557
2788	0.012021706612485467
2794	0.008225533402177103
2811	0.013095196752640505
2847	0.029387029611010286
2848	0.01097160974822708
2849	0.009802845451596251
2864	0.029387029611010286
2900	0.008776751859978758
2924	0.008993348555756057
2982	0.023390114354494257
2994	0.09800631520632982
2998	0.024145587231078177
3041	0.021382966268771925
3042	0.008671886110215545
3085	0.0118715161646727
3110	0.02795410271838158
3126	0.01687338821369619
3198	0.018630770005625172
3199	0.016740555298187694
3208	0.024501578801582456
3251	0.05062016464108856
3264	0.017150178259945765
3356	0.015274966392565788
3363	0.06544829648216322
3365	0.03485915055197982
3375	0.03485915055197982
3403	0.027099396527907174
3432	0.008993348555756057
3505	0.011725722172026928
3528	0.06971830110395964
3533	0.0064822746588817474
3608	0.020193079214986816
3628	0.01578892079277124
3639	0.03140662663518071
3688	0.022915380150103453
3723	0.012730575052848888
3727	0.013420864296897064
3730	0.017294563416736207
3738	0.020462384753241622
3760	0.08052791481388015
3763	0.021714166623833082
3815	0.04088100461887018
3832	0.029387029611010286
3858	0.007948743355927525
3883	0.01744325920913391
3888	0.01969456959966267
3924	0.02104905488478333
3941	0.07167197365409889
3942	0.03485915055197982
3946	0.008154880598653854
3961	0.023914908670040744
4008	0.1547519977770255
4024	0.044166587844848594
4054	0.08816108883303087
4064	0.03140662663518071
4076	0.04945519956268803
4086	0.04945519956268803
4087	0.01422244865869313
4088	0.06449936682994681
4099	0.01084962146825292
4100	0.02248198177741204
4121	0.03140662663518071
4135	0.035753239977110225
4148	0.038058915721225835
4152	0.043428333247666165
4183	0.02711467383928675
4185	0.0170098608364425
4247	0.008085215978673836
4262	0.025934505694211164
4276	0.00547212094096954
4310	0.0630970623620054
4332	0.015373056247372192
4353	0.02516669054063221
4371	0.01687338821369619
4380	0.04152611849981125
4423	0.013032542604096886
4451	0.053685276542586764
4466	0.0303564921776521
4469	0.019937590437695135
4476	0.03140662663518071
4530	0.04900315760316491
4635	0.02248198177741204
4674	0.021370517330323843
4678	0.05590820543676316
4706	0.014383138049790403
4708	0.01717205955619139
4716	0.013158649064655635
4733	0.02248198177741204
4736	0.013990735292334789
4748	0.04673080183144138
4760	0.03485915055197982
4815	0.014383138049790403
4816	0.02104905488478333
4830	0.03140662663518071
4831	0.013032542604096886
4837	0.029387029611010286
4851	0.17998281532594884
4915	0.03461321968641888
4972	0.02014068539651967
5023	0.08816108883303087
5027	0.08816108883303087
5064	0.014990263812272085
5074	0.03485915055197982
5081	0.04782981734008149
5107	0.026842638271293382
5108	0.02795410271838158
5110	0.009487490841441952
5128	0.017150178259945765
5158	0.015083368189077474
5166	0.03485915055197982
5170	0.01687338821369619
5187	0.014549184730065941
5210	0.012176566934300373
5224	0.03485915055197982
5246	0.024760595676169034
5315	0.026266226078933846
5323	0.021714166623833082
5429	0.011012945579926473
5454	0.06281325327036141
5498	0.023914908670040744
5505	0.03202066463301041
5536	0.03938913919932534
5560	0.017754669301851163
5600	0.006566556519733461
5631	0.015681799693577005
5698	0.01791799341352472
5717	0.022083293922424297
5737	0.022915380150103453
5744	0.02364488495153333
5765	0.008039308380583437
5766	0.020747087333535332
5802	0.006810427419912086
5824	0.03485915055197982
5856	0.02864695409466824
5892	0.03485915055197982
5899	0.029797735738834017
5909	0.014809118790234837
5914	0.023914908670040744
5923	0.07785142493321733
5973	0.08052791481388015
5995	0.011822442475766665
6009	0.03127882634515429
6013	0.01113905204048522
6034	0.01687338821369619
6045	0.018630770005625172
6052	0.05688979463477252
6066	0.028930938993451193
6081	0.02248198177741204
6087	0.0118715161646727
6097	0.03485915055197982
6176	0.025934505694211164
6178	0.017754669301851163
6184	0.009288470758106867
6327	0.025934505694211164
6343	0.015083368189077474
6355	0.06971830110395964
6373	0.02631729812931127
6407	0.011096660813266818
6414	0.023390114354494257
6417	0.02711467383928675
6432	0.0064489572160391535
6435	0.021370517330323843
6442	0.008594660700768314
6454	0.014915436497196297
6511	0.018086854978946278
6521	0.0317967927787086
6526	0.010538211375535667
6548	0.023390114354494257
6552	0.02516669054063221
6557	0.009706125147856511
6585	0.009580018687297765
6600	0.17516570609973897
6603	0.02516669054063221
6608	0.015474230529284592
6661	0.03485915055197982
6679	0.014066781641737856
6703	0.03485915055197982
6747	0.11181641087352633
6762	0.029387029611010286
6771	0.022083293922424297
6834	0.012557808399706081
6841	0.02516669054063221
6867	0.04496396355482408
6880	0.01924144470957036
6883	0.014549184730065941
6899	0.08052791481388015
6903	0.023914908670040744
6959	0.013697654343146641
6962	0.016242045682863547
6986	0.03583598682704944
7003	0.06744594533223612
7012	0.025934505694211164
7023	0.046780228708988514
7039	0.009248837333047738
7051	0.02516669054063221
7057	0.02795410271838158
7115	0.022083293922424297
7183	0.0067748491319767935
7198	0.06958317036274601
7250	0.03140662663518071
7256	0.04900315760316491
7289	0.025934505694211164
7293	0.03140662663518071
7308	0.020747087333535332
7312	0.02248198177741204
7318	0.026842638271293382
7343	0.04578537581047155
7362	0.07142613097007197
7392	0.10457745165593947
7414	0.03485915055197982
7439	0.008201870938989962
7498	0.01517824608882605
7508	0.02795410271838158
7527	0.06971830110395964
7528	0.03485915055197982
7562	0.009518142871302544
7589	0.03566475966671302
7599	0.05590820543676316
7600	0.01153773989547296
7616	0.00902109759205636
7664	0.014383138049790403
7682	0.029268662124294305
7787	0.024501578801582456
7798	0.023390114354494257
7800	0.014549184730065941
7882	0.029387029611010286
7884	0.028766276099580806
7898	0.013354005049637402
7909	0.022083293922424297
7910	0.02104905488478333
7911	0.010691483134385962
7912	0.010971572154956867
7917	0.02248198177741204
7977	0.029387029611010286
7990	0.019937590437695135
8014	0.016242045682863547
8178	0.02104905488478333
8204	0.01791799341352472
8227	0.05033338108126442
8270	0.024781667822153363
8288	0.028930938993451193
8295	0.03272414824108161
8328	0.024501578801582456
8340	0.01882612599060694
8351	0.03157784158554248
8354	0.021714166623833082
8359	0.06971830110395964
8395	0.029387029611010286
8398	0.010809613709920497
8399	0.008153727514506414
8421	0.025934505694211164
8433	0.04578537581047155
8455	0.018630770005625172
8491	0.01882612599060694
8516	0.02104905488478333
8571	0.1953013623203628
8617	0.008178320355479227
8619	0.021714166623833082
8620	0.01222927577677788
8677	0.020747087333535332
8678	0.013769323768600825
8706	0.029387029611010286
8721	0.006081015996542321
8794	0.024199523586034884
8813	0.01844278772907121
8832	0.021370517330323843
8836	0.16279164196518833
8849	0.053685276542586764
8850	0.01759653096798421
8853	0.026842638271293382
8856	0.011921078157008692
8869	0.01744325920913391
8892	0.03987518087539027
8903	0.020193079214986816
8920	0.01744325920913391
8921	0.07191569024895202
8924	0.10457745165593947
8930	0.02122851544987746
8936	0.01578892079277124
8961	0.017294563416736207
8967	0.03485915055197982
8983	0.01946285623330433
8997	0.0170098608364425
8999	0.013990735292334789
9083	0.036173709957892555
9093	0.038058915721225835
9117	0.012614734037976735
9143	0.033222345962909516
9151	0.048374525122460106
9186	0.06971830110395964
9241	0.01061425772493873
9262	0.012849174444717084
9293	0.05532836318721362
9328	0.03393695870217348
9369	0.023842156314017385
9391	0.0059893396822293865
9416	0.026842638271293382
9428	0.09421987990554212
9449	0.011012945579926473
9471	0.025579043532128844
9495	0.014720958274017279
9528	0.007665287412890562
9561	0.05590820543676316
9576	0.018086854978946278
9611	0.017294563416736207
9620	0.014720958274017279
9656	0.029797735738834017
9659	0.012390833911076682
9668	0.04088100461887018
9675	0.02516669054063221
9676	0.11181641087352633
9683	0.015681799693577005
9689	0.015576933943813792
9697	0.058196738920263766
9709	0.022083293922424297
9727	0.07174472601012223
9770	0.023390114354494257
9787	0.016170431957347672
9882	0.026842638271293382
9897	0.024501578801582456
9899	0.014302145385052041
9935	0.03140662663518071
9949	0.008724043017501251
9954	0.027831665080975464
9990	0.023914908670040744
10025	0.06281325327036141
10093	0.02581910040748336
10094	0.009674297952452351
10103	0.006221774035653228
10145	0.043428333247666165
10158	0.021779906359142526
10172	0.34094387416041044
10174	0.014809118790234837
10204	0.11444312011156645
10207	0.008394394967598659
10213	0.015458566457097813
10219	0.031842773174816194
10231	0.029387029611010286
10240	0.024501578801582456
10241	0.021370517330323843
10325	0.019937590437695135
10445	0.015681799693577005
10461	0.015373602073807816
10481	0.009934798575680871
10504	0.022915380150103453
10586	0.03938913919932534
10635	0.01744325920913391
10641	0.03485915055197982
10681	0.011268434357218155
10708	0.014809118790234837
10715	0.021779906359142526
10737	0.029387029611010286
10745	0.020193079214986816
10768	0.014720958274017279
10772	0.013990735292334789
10842	0.029387029611010286
10879	0.020462384753241622
10904	0.011725722172026928
10928	0.07377115091628483
10949	0.042741034660647687
10957	0.02516669054063221
10962	0.029387029611010286
10963	0.044166587844848594
11015	0.013915832540487732
11018	0.01578892079277124
11072	0.08052791481388015
11125	0.01882612599060694
11158	0.02516669054063221
11160	0.012176566934300373
11171	0.03485915055197982
11210	0.027821350750281904
11240	0.03430035651989153
11245	0.01882612599060694
11248	0.0170098608364425
11289	0.03765225198121388
11302	0.02795410271838158
11303	0.017754669301851163
11304	0.03140662663518071
11400	0.03297013304179202
11426	0.020462384753241622
11438	0.009278051136049764
11444	0.03485915055197982
11467	0.01882612599060694
11474	0.034203801818179946
11495	0.05647837797182082
11534	0.029387029611010286
11613	0.02104905488478333
11621	0.020747087333535332
11659	0.008257390034365642
11699	0.006846261668953478
11777	0.013557336919643375
11778	0.022915380150103453
11781	0.01946285623330433
11810	0.015083368189077474
11829	0.03485915055197982
11843	0.05163820081496672
11845	0.07017034306348277
11846	0.023914908670040744
11968	0.02516669054063221
12055	0.02795410271838158
12144	0.014549184730065941
12150	0.028133563283475712
12151	0.029387029611010286
12180	0.02795410271838158
12204	0.02795410271838158
12303	0.025934505694211164
12469	0.01163084427227835
12556	0.05590820543676316
12626	0.016403741877979924
12641	0.03485915055197982
12655	0.01826164270703396
12662	0.013354005049637402
12678	0.023390114354494257
12751	0.12115847528992091
12785	0.030418570561643776
12795	0.032249683414973404
12862	0.010209678752607466
12913	0.016362074120540804
12958	0.008724043017501251
12969	0.10457745165593947
12982	0.06222936236277589
12993	0.021370517330323843
