230
t_index	tf-idf
76	0.027168146360531286
112	0.035548583326185226
157	0.06458847860690843
202	0.032294239303454216
407	0.057593954652964456
543	0.05550264583982687
566	0.052903259932019865
570	0.052903259932019865
645	0.05214431526955632
660	0.0678098079332338
782	0.1752252262873783
852	0.054574906445717906
1130	0.06957927732744335
1300	0.04682530753690955
1351	0.05214431526955632
1462	0.05371120173310788
1520	0.06746445754930319
1554	0.06042907610132797
1616	0.013822040346044463
1681	0.030342936642262865
1720	0.02246493914185563
1786	0.032294239303454216
1845	0.025396748299629245
1877	0.08761261314368915
1896	0.10428863053911264
1968	0.07893527484077183
1973	0.07893527484077183
1998	0.06780282282116253
2000	0.05878711924638587
2011	0.07385935732749384
2057	0.04891661635004714
2063	0.2622160754589403
2139	0.09463260390983448
2158	0.04052707814594237
2217	0.031420483403682226
2235	0.04462337573939744
2488	0.05075190902326879
2607	0.029470630931074913
2645	0.12021220302259705
2754	0.11302652217655769
2816	0.029591586006685346
2821	0.03008744302057384
2848	0.027575296162239776
2877	0.1752252262873783
2908	0.08761261314368915
3041	0.0268712450232679
3272	0.020853624084385413
3389	0.04949898893243992
3403	0.017027444062977307
3432	0.02260326931107793
3498	0.13492891509860638
3505	0.029470630931074913
3649	0.10150381804653758
3768	0.03199615967517037
3801	0.04635284569510322
3866	0.033731085613938186
3930	0.052903259932019865
3951	0.07893527484077183
4078	0.03635652512727324
4113	0.057593954652964456
4295	0.060106101511298526
4308	0.0408216506295226
4310	0.07048171382633021
4389	0.028431613000372925
4413	0.07385935732749384
4487	0.031561939744212494
4633	0.04545826857982426
4718	0.05371120173310788
4736	0.03516336053385183
4748	0.039150004115824553
4775	0.04422592162910254
4861	0.07778375270716262
4949	0.0988795764580673
4956	0.08481684783371102
5054	0.04207276569505272
5112	0.0936506150738191
5187	0.10970078786721388
5210	0.030603753428882833
5246	0.031115796797009043
5272	0.03678093027690694
5273	0.08761261314368915
5315	0.06601574243086686
5446	0.03407408660254656
5585	0.04682530753690955
5715	0.031142277444772958
5750	0.04384069883676915
5930	0.07385935732749384
5949	0.05371120173310788
6126	0.0702579365378545
6352	0.1752252262873783
6381	0.08761261314368915
6442	0.06480370328773681
6501	0.030736228241151922
6526	0.05297204446186902
6548	0.05878711924638587
6557	0.024394713417796917
6585	0.024077766034716588
6591	0.04075784510311284
6606	0.0299616253490826
6752	0.048360135716776026
6791	0.08761261314368915
6992	0.08761261314368915
7060	0.06746445754930319
7146	0.06325224474863524
7237	0.029591586006685346
7271	0.08761261314368915
7331	0.028768460755661186
7343	0.028768460755661186
7372	0.05075190902326879
7394	0.1037181663906536
7416	0.035548583326185226
7424	0.11518790930592891
7589	0.014939562697619577
7619	0.02821198012239008
7627	0.045033863430190564
7640	0.032294239303454216
7677	0.014422490553149361
7682	0.03678093027690694
7847	0.08761261314368915
7910	0.052903259932019865
7911	0.0268712450232679
7912	0.013787600838938312
8090	0.08761261314368915
8113	0.022955933559863324
8204	0.09006772686038113
8251	0.09565468483748375
8270	0.1557113872238648
8271	0.03635652512727324
8399	0.04098604602210721
8433	0.028768460755661186
8496	0.03635652512727324
8502	0.043466976966638995
8504	0.039413566544069245
8674	0.04731630195491724
8676	0.0286551681006602
8752	0.05075190902326879
8794	0.07819898559814019
8797	0.020091122452743866
8798	0.055358373648711844
8803	0.04310408915424927
8841	0.03678093027690694
8856	0.0299616253490826
8865	0.054574906445717906
8913	0.07385935732749384
8954	0.07385935732749384
9210	0.04422592162910254
9243	0.06518201902457652
9254	0.041123321924145174
9341	0.05550264583982687
9438	0.05010978094346855
9441	0.03772707275078017
9468	0.03008744302057384
9485	0.15455585460799967
9495	0.03699865320707348
9515	0.08761261314368915
9526	0.04731630195491724
9668	0.03424917691035571
9683	0.039413566544069245
9863	0.1752252262873783
9909	0.047827342418741876
9915	0.1752252262873783
9996	0.08761261314368915
10093	0.03244598362122785
10103	0.01563738281115908
10172	0.030603753428882833
10204	0.02212565677883163
10207	0.021097900184770344
10213	0.0194262536710723
10258	0.04589756814280059
10345	0.05371120173310788
10349	0.03968279741385871
10358	0.03100545911094139
10378	0.04545826857982426
10419	0.09463260390983448
10421	0.02639154062821487
10424	0.06325224474863524
10468	0.1752252262873783
10541	0.06158059823493719
10550	0.045033863430190564
10564	0.04207457072035147
10584	0.04275142490546388
10623	0.08761261314368915
10676	0.052903259932019865
10705	0.03863896365199992
10715	0.027370066107949863
10769	0.033731085613938186
10829	0.048360135716776026
10878	0.027268699133562804
10888	0.06325224474863524
10922	0.050107494622041726
11008	0.03516336053385183
11015	0.06995021012483439
11050	0.022884601441295175
11055	0.045033863430190564
11099	0.04207457072035147
11121	0.07893527484077183
11142	0.04682530753690955
11150	0.04174939002363156
11165	0.061472456482303844
11186	0.06366554773866565
11203	0.06518201902457652
11353	0.024394713417796917
11519	0.02799613420743625
11555	0.043466976966638995
11659	0.010376780661632367
11699	0.034413854932470345
11812	0.03460687990058072
11862	0.032294239303454216
11896	0.04949898893243992
11950	0.08761261314368915
12144	0.03656692928907129
12148	0.013414890544335976
12159	0.054574906445717906
12169	0.08761261314368915
12171	0.08761261314368915
12277	0.05650468072165919
12334	0.04949898893243992
12532	0.02246493914185563
12626	0.02061402341289644
12631	0.06017488604114768
12676	0.013381551635317282
12734	0.05650468072165919
12745	0.07385935732749384
12749	0.09416685227675606
12776	0.05453739826712561
12785	0.025483987349102188
12811	0.04207457072035147
12842	0.041123321924145174
12869	0.01879492227407818
12982	0.09384182284198575
