137
t_index	tf-idf
194	0.11231382165766769
277	0.04872460074300616
323	0.1336236435164835
470	0.0876463547478396
578	0.0782964985847528
873	0.1093777640351931
874	0.07980586619344647
970	0.1023442481685624
1040	0.0229282137634576
1044	0.061833002696489364
1046	0.05830121548845992
1428	0.03750769863886379
1500	0.032414391135257924
1537	0.04433592471860867
1581	0.1093777640351931
1635	0.10778214133716262
2088	0.05575811660963687
2158	0.056156910828833846
2164	0.20103268876213318
2366	0.1248036013758518
2576	0.07313961240221285
2607	0.040836390605463506
2709	0.03402670732228338
2794	0.0286465166086676
2802	0.05461395795401571
2885	0.1093777640351931
2972	0.02729619976314001
3042	0.030200999417133584
3050	0.05389107066858131
3089	0.18224542660473292
3245	0.061282264867573884
3266	0.14065018056072945
3352	0.066272623792848
3389	0.1371779281786082
3442	0.07972683742561995
3446	0.1093777640351931
4176	0.0670108962540444
4332	0.0267693588722021
4377	0.06943531655455659
4390	0.06778199140154167
4405	0.09851678015133818
4605	0.0670108962540444
4708	0.019934662196750524
4809	0.08167278121092701
5078	0.04474896291112648
5246	0.0646740564347605
5251	0.0670108962540444
5279	0.027526980788315596
5310	0.024158998239721157
5446	0.09443046626862496
5630	0.04560576839539644
5689	0.04953157343076859
5810	0.03605578979265729
5878	0.1093777640351931
5911	0.0565650892973993
5970	0.1093777640351931
5987	0.08145919134646139
6026	0.07330613965947869
6162	0.1023442481685624
6184	0.016174168824772267
6454	0.051944995959699224
6501	0.04259008316211091
6526	0.07340145190220274
6591	0.08471501442030646
6667	0.04560576839539644
6718	0.170660028902767
6736	0.0934830661383662
6782	0.050669475356102056
6849	0.020034932906777207
7076	0.3070327445056872
7257	0.0973538892432883
7341	0.0288961149369734
7386	0.0853300144513835
7431	0.11752764764901669
7439	0.028564108926204965
7462	0.0934830661383662
7617	0.04872460074300616
7641	0.05220559205958658
7717	0.059686642169543405
7733	0.05876382382450834
7756	0.18064074675331518
7867	0.05923910792621728
8399	0.028396443032501214
8433	0.07972683742561995
8504	0.05461395795401571
8566	0.05220559205958658
8927	0.043932492941695364
8968	0.03750769863886379
8976	0.0782964985847528
9014	0.21769115433702915
9262	0.04474896291112648
9324	0.0876463547478396
9391	0.02085867387475742
9441	0.01742568143920182
9461	0.03924382482992442
9462	0.16167321200574392
9761	0.04980912790458457
9884	0.05461395795401571
9885	0.132545247585696
9925	0.0685889640893041
9949	0.03038264279972823
10063	0.10593672704257946
10065	0.0876463547478396
10196	0.0853300144513835
10247	0.0876463547478396
10317	0.0973538892432883
10478	0.04538756697074699
10583	0.1752927094956792
10666	0.1093777640351931
10674	0.06778199140154167
10708	0.0515747303721252
10768	0.05126769962182923
10806	0.060748475534910966
10878	0.03778525311267977
10922	0.03471607424069873
11008	0.04872460074300616
11050	0.03171036702582727
11186	0.11762540506388391
11402	0.09032037337665759
11422	0.07980586619344647
11441	0.04018171726768178
11468	0.0578506243226424
11605	0.1023442481685624
11659	0.01437873078851602
11699	0.023843018928723998
11703	0.04582674953073761
11748	0.04650710279109901
11773	0.0769080149811779
11812	0.14386051678652673
12222	0.09032037337665759
12391	0.023968720815983086
12440	0.0670108962540444
12528	0.06359860516403
12776	0.03778525311267977
12842	0.05698310433245148
12862	0.035556567295480214
12958	0.03038264279972823
