43
t_index	tf-idf
202	0.1665333010124722
638	0.06829089038699643
659	0.1489413016687391
707	0.12331681103872598
1764	0.13260262339055046
1908	0.1587778582740917
2188	0.12331681103872598
2727	0.0762981975451066
2781	0.061284474426829376
2811	0.08486095165132017
3723	0.16499617905099065
3993	0.07218452494488498
4346	0.09774492150140991
4453	0.17571152760672049
4870	0.1587778582740917
5011	0.1308574396645659
5093	0.11505578432074832
5434	0.12469055181405767
5694	0.10603133401401958
5909	0.09596770001973222
6375	0.11207415494863865
6606	0.07725229763420992
6907	0.08249808952549532
7072	0.10934480851596996
7091	0.3175557165481834
7131	0.13260262339055046
8276	0.20188676249026172
8617	0.05299806191421969
8836	0.13186756486936035
9268	0.15157522264454343
9391	0.03881278569522187
9648	0.0932072122086606
9819	0.3099521063682911
10138	0.19043710041951128
10219	0.06878369440528288
10352	0.09774492150140991
10749	0.14776752256120848
11119	0.43058228872100274
11232	0.11207415494863865
11503	0.15781588889565495
12365	0.20463424404092515
12391	0.044599806776075494
12887	0.07725229763420992
