62
t_index	tf-idf
202	0.09354437625622188
638	0.1534402718590239
945	0.14896996119807587
949	0.06840936095261627
1800	0.07458645218956872
1908	0.1783760440133992
1964	0.10471191618290769
2188	0.13853798730213193
2217	0.09101343103480516
2666	0.2867602485687567
2703	0.1304463197104775
2727	0.08571579684589886
2811	0.09533546434821014
3126	0.12284139985571263
3350	0.10471191618290769
3568	0.12590763355286388
3723	0.18536190131520763
3724	0.1329481503884344
3888	0.14338012428437835
3977	0.1783760440133992
3993	0.0810943675561351
4067	0.25181526710572777
4346	0.10980972164093443
4453	0.09869993059086464
5093	0.12925728984557547
5246	0.0450654337409989
5310	0.05050258764204704
5688	0.06997166492966714
5694	0.11911893829827759
5712	0.07898725923836426
5778	0.08017628910326625
6184	0.03381089606883279
6575	0.1329481503884344
6591	0.05903014407449739
6606	0.08678766291927346
6652	0.14008129093191488
6907	0.09268095065760382
7091	0.1783760440133992
7308	0.1510426488564695
7341	0.060405177509380334
7616	0.06567526583331383
7912	0.03993754144288801
8276	0.11340297199852632
8617	0.2381587641348928
8836	0.14814417331711144
8957	0.06997166492966714
9391	0.043603505203491086
9468	0.08715210982545589
10219	0.15454753495239673
10352	0.10980972164093443
10372	0.09673933625799297
10804	0.10592076685285698
11015	0.10130984528902336
11119	0.24186484853480475
11167	0.07755378556209579
11234	0.10471191618290769
11244	0.07407208665855572
11503	0.17729533733267702
11554	0.10354206757311106
11671	0.10846652504912477
11785	0.16077048097866964
12391	0.0501048268502591
