108
t_index	tf-idf
204	0.2687390210633348
333	0.05401933999239823
638	0.12596881524320655
701	0.14552738374180887
771	0.08153256982490789
827	0.1730406135743185
847	0.06618737929700635
998	0.05217793803023999
1448	0.06165722110741505
1535	0.09762677755064865
1669	0.03829610755592269
1763	0.06291110750386154
1919	0.06291110750386154
2008	0.04244586885620521
2021	0.0720672484789587
2159	0.1388966222994131
2171	0.07011354771813899
2406	0.0867822473978957
2580	0.066702904388551
2670	0.045074046653525
2782	0.0600998263350479
2948	0.051928291969795176
3042	0.03455321402275897
3083	0.05320916219109065
3264	0.06833505103881544
3314	0.04525046203839478
3350	0.05730975257710609
3666	0.056356932801884176
3946	0.032493200564914664
3999	0.11138339246690347
4210	0.06723217842426801
4360	0.0952891847411627
4524	0.10333628860403309
4528	0.1533354448402327
4595	0.04438366051788117
4935	0.08515103285568927
5011	0.08045951930480581
5054	0.06670004279239304
5236	0.0952891847411627
5246	0.07399412459319102
5251	0.07666772242011635
5304	0.054864003640991164
5446	0.05401933999239823
5662	0.09762677755064865
5689	0.05666948414516367
5737	0.0913065536927037
6027	0.06424958763533041
6045	0.07423448315987674
6178	0.07074365143789041
6184	0.018505000755886743
6213	0.10695475163481448
6375	0.06891035509157654
6458	0.06723217842426801
6526	0.0839792101621377
6591	0.03230771697073178
6722	0.2777932445988262
6908	0.06950283491357849
7121	0.06334731407656408
7157	0.0913065536927037
7362	0.05691962184141659
7416	0.056356932801884176
7439	0.03268043403016084
7442	0.0952891847411627
7498	0.12095573648724384
7505	0.07847320292428887
7616	0.03594465054739646
7671	0.07847320292428887
7720	0.1251400073831583
8301	0.1863962734371193
8329	0.05936468302810507
8351	0.06291110750386154
8519	0.1388966222994131
8812	0.07074365143789041
9149	0.08045951930480581
9158	0.1952535551012973
9606	0.08957967368777826
9627	0.07666772242011635
9656	0.11872936605621014
9685	0.16774032526878763
9960	0.10695475163481448
10001	0.05972885104578268
10132	0.11138339246690347
10172	0.04851764864020718
10204	0.24553830980785374
10241	0.17030206571137854
10311	0.07754993877644888
10372	0.052946289472296175
10373	0.08153256982490789
10389	0.11138339246690347
10481	0.039585300947866074
10513	0.11709290352028791
10804	0.057971367179559245
10846	0.0952891847411627
11015	0.05544776925862957
11160	0.04851764864020718
11229	0.06047786824362192
11244	0.04054030442778505
11503	0.04851764864020718
11617	0.1251400073831583
11644	0.04810416284859991
11772	0.11709290352028791
12150	0.05604922741153294
12423	0.0467212533273671
12662	0.05320916219109065
12776	0.08646084321076154
12838	0.11461950515421218
12839	0.09268642283758616
12958	0.03476103372395237
