210
t_index	tf-idf
96	0.05013221421696028
198	0.3514542796875312
376	0.01766226042614643
393	0.038747958232373134
465	0.11636802335481994
473	0.041988105457292334
488	0.03678224070608649
648	0.038747958232373134
663	0.0436841644076666
742	0.0118600741220541
769	0.04466428792536701
773	0.17724096948240184
879	0.03377961879720772
953	0.039311922989217665
998	0.171199209826959
999	0.06631843530399768
1162	0.02948791960901714
1190	0.02146253258175006
1213	0.023997550436856165
1387	0.021899353179648928
1417	0.03554005564799866
1447	0.04628307647547352
1448	0.05780038697361195
1498	0.10026442843392055
1616	0.010271030298242214
1660	0.027172546833811977
1674	0.16288808843530475
1703	0.03377961879720772
1751	0.039912297066447604
1763	0.02948791960901714
1813	0.027658008428718142
1837	0.1391281341407077
1839	0.022357700536548272
1845	0.018872088688192307
1873	0.036349485028279956
2041	0.03554005564799866
2082	0.03377961879720772
2135	0.039311922989217665
2204	0.02004073526463747
2298	0.02701619744786025
2498	0.009115740656985673
2509	0.04887994864414001
2536	0.05865607241709869
2758	0.08970430565695885
2848	0.04098189489750979
2856	0.08559506967514725
2993	0.041988105457292334
3041	0.059903320684009914
3169	0.03377961879720772
3195	0.04575997279851134
3244	0.030115296809658507
3258	0.039311922989217665
3289	0.03203024984716708
3293	0.04279753483757363
3335	0.029092005838704985
3384	0.03126522422414542
3433	0.032783514044080496
3505	0.043798706359297855
3717	0.0878635699218828
3949	0.0436841644076666
3985	0.07447222919674586
4013	0.041448994049036604
4020	0.026129567877767275
4083	0.031819301454509195
4135	0.016693488428443082
4171	0.04279753483757363
4255	0.024457029975279855
4307	0.02274136602400701
4310	0.01309357736011535
4346	0.028170205831696788
4350	0.0436841644076666
4389	0.021127268568442374
4405	0.026415823370630313
4431	0.024695570467780436
4445	0.030788064789079254
4515	0.16496014129755854
4682	0.02506525763633064
4736	0.1829069751443709
4806	0.07749591646474627
4831	0.024340014979785576
4875	0.038747958232373134
4965	0.035935969418310815
4984	0.024457029975279855
5110	0.0177191570529516
5117	0.01164966778138752
5196	0.06157612957815851
5213	0.04209061414726549
5232	0.019067939490114923
5246	0.04624372142677001
5279	0.014761908810130793
5324	0.117935768967653
5412	0.024695570467780436
5415	0.05488420507587969
5439	0.04575997279851134
5443	0.03151330744562432
5573	0.027172546833811977
5771	0.04124350260752995
5956	0.029901435218986278
6091	0.03377961879720772
6153	0.026711167842705167
6217	0.03410605823801182
6263	0.10904845508483987
6282	0.039311922989217665
6430	0.03369621066202916
6555	0.030558360044733782
6585	0.0178919651704919
6602	0.04575997279851134
6667	0.04891405995055971
6669	0.053422335685410334
6670	0.03698467849544369
6671	0.0393630361369472
6783	0.04055410804730549
6849	0.021488288516732117
6874	0.034444370774854335
6890	0.0351603062075282
6907	0.047552100445882095
6932	0.2978889167869834
6933	0.030788064789079254
6959	0.12791100018936705
7007	0.05865607241709869
7039	0.034546879464827485
7078	0.04843615526658601
7275	0.018430527927396852
7331	0.02137757701884787
7334	0.041988105457292334
7341	0.015496135117285464
7346	0.03286387317992399
7445	0.0436841644076666
7616	0.01684810533101458
7619	0.020964061408878736
7717	0.016004093868218622
7753	0.031023585457017274
7796	0.0377132740334391
7996	0.042654408112430785
8312	0.019134150228579734
8329	0.027825626828141544
8454	0.03126522422414542
8565	0.11851356229588234
8566	0.027996320965560657
8577	0.047002157856599176
8728	0.031023585457017274
8810	0.027331568987914046
9034	0.10438635839470882
9083	0.03377961879720772
9104	0.1722218538742717
9125	0.040228547492560274
9198	0.06997451668569664
9225	0.047002157856599176
9262	0.04799510087371233
9391	0.011185892270834405
9395	0.10026442843392055
9399	0.034444370774854335
9747	0.0436841644076666
9787	0.030200442693946606
9792	0.12373050782258985
9850	0.06755923759441544
9895	0.16732123628576964
9946	0.039912297066447604
9954	0.0259896769787027
10075	0.039311922989217665
10106	0.08451061749509037
10125	0.10039274177146179
10151	0.23424973080007752
10152	0.041988105457292334
10189	0.03315921765199884
10204	0.06576548337421757
10206	0.05013221421696028
10213	0.14435469369326698
10219	0.019823544788804194
10226	0.033464247257153926
10372	0.024817174414851744
10382	0.041988105457292334
10519	0.19132098291539834
10678	0.028712256398234524
10894	0.0178919651704919
11026	0.03554005564799866
11046	0.039311922989217665
11157	0.038747958232373134
11279	0.031023585457017274
11288	0.03723611459837293
11465	0.031023585457017274
11564	0.06078935410023448
11616	0.04843615526658601
11621	0.038747958232373134
11659	0.03855444851321847
11678	0.028712256398234524
11687	0.03678224070608649
11721	0.021899353179648928
11733	0.038747958232373134
11763	0.14264020540930225
11784	0.029692379915934923
11868	0.039912297066447604
11904	0.01766226042614643
11942	0.030334190896792818
11997	0.04843615526658601
12205	0.041988105457292334
12385	0.03176818830677966
12391	0.03856115645612839
12425	0.03826830045715947
12525	0.07982459413289521
12568	0.022357700536548272
12610	0.02146253258175006
12675	0.016952629683299303
12785	0.037873830437422436
12791	0.10780790825493243
12839	0.02172215602240311
12840	0.0946845760935561
12847	0.05865607241709869
12958	0.01629331621471334
12973	0.034444370774854335
