404
t_index	tf-idf
73	0.03863979550468685
87	0.0445847272913015
129	0.11485318334623677
150	0.025189283181504454
157	0.016434047573300234
167	0.01992284209232149
188	0.017991362767947567
212	0.033824133924434056
213	0.01979148479714466
230	0.01186659379661892
244	0.14301278449268326
250	0.037585904428582874
273	0.0785139479453967
278	0.10028482503215168
342	0.016207848553395843
348	0.026860507853509224
376	0.01209550236633797
401	0.10028482503215168
413	0.05202483051629897
477	0.03133743053910546
478	0.015996666646221857
493	0.01209550236633797
521	0.051000211906185554
617	0.04066798279157243
619	0.0523426319635978
638	0.026956668356892262
643	0.026576305597132515
645	0.026535449550762296
665	0.0445847272913015
708	0.01699534400570234
746	0.018090133786909424
777	0.04016896170723616
784	0.0261713159817989
804	0.023828687353960248
869	0.03433163712122347
878	0.12039273475572719
949	0.01201828198923489
1017	0.0445847272913015
1019	0.012621628759854325
1036	0.12197612626411798
1040	0.008420381864665967
1041	0.0445847272913015
1083	0.035753196123170815
1241	0.04016896170723616
1279	0.009283536517965638
1325	0.28244452938025594
1327	0.2403214598485643
1328	0.029915871537158124
1405	0.037585904428582874
1428	0.013774694734720478
1435	0.01894080929202704
1447	0.015847831690947178
1485	0.0445847272913015
1500	0.011904178584749693
1554	0.030751438426158625
1560	0.015918225811720865
1616	0.014067652529141541
1646	0.013335168533067588
1669	0.012292750417058764
1690	0.01635775201337376
1721	0.025500105953092777
1764	0.0261713159817989
1786	0.016434047573300234
1800	0.013103484706014357
1862	0.022116433615276734
1919	0.02019397250429228
1920	0.035753196123170815
1966	0.05307089910152459
2002	0.035753196123170815
2017	0.02092703353446866
2063	0.05337511025522606
2078	0.009358929150655131
2167	0.03241569710679169
2217	0.04796821942577603
2224	0.014468415751902013
2255	0.022708157727191616
2281	0.02005696500643034
2291	0.01953662668804367
2304	0.06058191751287684
2307	0.042491260150613934
2316	0.021245630075306967
2340	0.030587081565864243
2372	0.06423332876930306
2373	0.02019397250429228
2386	0.00994088233421425
2397	0.01186659379661892
2403	0.0261713159817989
2428	0.037585904428582874
2480	0.019172493119080272
2498	0.012485317284108234
2508	0.036584784286252545
2581	0.016829864491241624
2583	0.014936193011426423
2591	0.0420979473818682
2637	0.03133743053910546
2687	0.089169454582603
2727	0.01505870838553105
2769	0.09176124469759274
2788	0.1230057537046345
2789	0.03317013884451753
2798	0.017991362767947567
2806	0.016589435840426988
2811	0.01674870921400735
2816	0.0301174167710621
2818	0.03526545550014753
2851	0.03433163712122347
2881	0.03433163712122347
2882	0.021755550397733553
2925	0.025500105953092777
2953	0.027332814258504843
2957	0.027332814258504843
3035	0.023133022004973646
3063	0.03433163712122347
3071	0.03133743053910546
3080	0.08805457612819499
3083	0.017079724088426815
3084	0.02108434036902743
3145	0.04016896170723616
3164	0.047657374707920495
3195	0.06267486107821092
3214	0.04016896170723616
3245	0.022505899370974768
3275	0.02005696500643034
3305	0.02582687517383303
3359	0.04978584525046021
3403	0.01733001500070924
3432	0.011502460227655522
3452	0.02108434036902743
3496	0.011327912237485768
3533	0.016581611618022792
3569	0.01905559803921742
3578	0.022708157727191616
3588	0.014698011883340996
3618	0.027332814258504843
3632	0.02047715704116476
3633	0.02407854695114544
3635	0.019662781367080096
3737	0.01979148479714466
3746	0.0445847272913015
3755	0.11797668820248057
3756	0.03882584353978981
3769	0.020333991395786215
3937	0.017703918382631603
3946	0.010430062747569099
3980	0.01699534400570234
3998	0.014756727535014925
4061	0.026921664955040118
4072	0.03399068801140468
4083	0.010895276899792848
4086	0.02108434036902743
4183	0.017339784813668206
4191	0.02230986534657682
4195	0.01979148479714466
4228	0.035753196123170815
4238	0.026921664955040118
4272	0.037585904428582874
4276	0.0489917600390304
4287	0.011124577856756633
4310	0.00896676824607656
4321	0.04016896170723616
4379	0.1337541818739045
4405	0.018090133786909424
4414	0.023356574876092388
4450	0.0445847272913015
4457	0.0445847272913015
4682	0.01716523682349845
4697	0.017991362767947567
4705	0.02930868820929545
4809	0.01499715618582956
4815	0.018395981467959965
4858	0.01570933486447299
4861	0.01979148479714466
4899	0.02230986534657682
4904	0.02930868820929545
5105	0.030587081565864243
5110	0.012134466421195853
5113	0.027332814258504843
5115	0.0445847272913015
5231	0.356677818330412
5232	0.026116284287423422
5246	0.007917178045876659
5308	0.04016896170723616
5315	0.02519580601128043
5451	0.03133743053910546
5496	0.02358825870314562
5560	0.022708157727191616
5600	0.016797204007520286
5623	0.031014153016512284
5631	0.02005696500643034
5747	0.01979148479714466
5765	0.0205644925985513
5810	0.013241481504772746
5849	0.02211968396669695
5909	0.01894080929202704
5923	0.024892922625230105
6001	0.0445847272913015
6009	0.013335168533067588
6066	0.01850128309037415
6109	0.07517180885716575
6184	0.023759840910977277
6192	0.0445847272913015
6248	0.0445847272913015
6252	0.12034179003858203
6260	0.01505870838553105
6309	0.02019397250429228
6396	0.03907325337608734
6439	0.01860835457058826
6449	0.014192588986522914
6472	0.02930868820929545
6476	0.030587081565864243
6482	0.03433163712122347
6511	0.023133022004973646
6526	0.013478334178446131
6531	0.033178871680853976
6585	0.024505618401793477
6591	0.01037052396738316
6646	0.020506180340156062
6684	0.037585904428582874
6759	0.020773517597439107
6807	0.021790553799585697
6849	0.022073475166682906
6894	0.0445847272913015
6907	0.01628235938068427
6939	0.02930868820929545
6949	0.06634027768903505
6957	0.02230986534657682
6959	0.017519250290079703
7014	0.06634027768903505
7027	0.017703918382631603
7039	0.011829229448395777
7064	0.0187172564209083
7069	0.0445847272913015
7131	0.0523426319635978
7135	0.013825456781067409
7202	0.3880934810741153
7331	0.02927966491030415
7348	0.027332814258504843
7361	0.04016896170723616
7432	0.03317013884451753
7440	0.021581002407563797
7516	0.0374345128418166
7589	0.022807549215508628
7593	0.10028482503215168
7639	0.03638092063757165
7794	0.017610915225639
7828	0.02211968396669695
7867	0.021755550397733553
7877	0.020333991395786215
7888	0.02582687517383303
7898	0.017079724088426815
7912	0.014032601045632967
7913	0.02018038156372093
7925	0.030587081565864243
7996	0.014605335948248652
8009	0.012213116841279206
8012	0.017079724088426815
8014	0.041547035194878214
8015	0.022587138560815283
8034	0.035753196123170815
8047	0.02019397250429228
8089	0.0445847272913015
8110	0.025189283181504454
8113	0.011681925704067021
8216	0.024338607676386837
8272	0.030587081565864243
8288	0.01850128309037415
8361	0.014525043707961694
8362	0.06437621208844617
8399	0.01564288193568173
8415	0.03433163712122347
8417	0.04124722827492237
8430	0.017894099762511474
8433	0.02927966491030415
8435	0.01850128309037415
8437	0.07076477610943685
8553	0.013825456781067409
8617	0.0104600421116467
8620	0.06256479768945995
8623	0.009968640997348325
8721	0.03888798716646914
8783	0.013674368202844078
8794	0.022107930723218587
8797	0.010224066871086727
8940	0.022917048674439496
8980	0.01992284209232149
8995	0.051000211906185554
9045	0.010430062747569099
9048	0.02211968396669695
9075	0.0445847272913015
9100	0.037585904428582874
9154	0.022505899370974768
9160	0.028244452938025594
9198	0.011980019993679014
9215	0.015247015783014748
9223	0.03317013884451753
9254	0.02092703353446866
9333	0.022505899370974768
9336	0.054270401360728276
9353	0.02930868820929545
9369	0.030494031566029495
9386	0.04016896170723616
9391	0.007660343759351917
9406	0.01674870921400735
9445	0.030587081565864243
9456	0.01894080929202704
9499	0.02567229489746262
9528	0.01960774967270462
9577	0.01979148479714466
9589	0.026535449550762296
9648	0.018395981467959965
9659	0.015847831690947178
9701	0.0445847272913015
9781	0.021919907258027935
9787	0.010340961950949579
9840	0.03433163712122347
9904	0.03882584353978981
9934	0.07150639224634163
10093	0.016511267950403315
10094	0.07424035223722124
10145	0.02777234046015773
10158	0.013928210671750034
10164	0.013774694734720478
10173	0.024892922625230105
10177	0.02005696500643034
10178	0.018292392143126272
10182	0.1583318783771573
10184	0.016207848553395843
10185	0.10403870888200924
10205	0.03317013884451753
10378	0.023133022004973646
10384	0.025500105953092777
10421	0.013430253926754612
10422	0.02211968396669695
10507	0.028244452938025594
10511	0.0445847272913015
10556	0.013774694734720478
10667	0.02777234046015773
10715	0.013928210671750034
10716	0.0445847272913015
10749	0.014582179544845171
10803	0.0445847272913015
10878	0.013876626559060926
10922	0.012749471239433104
10986	0.02777234046015773
11040	0.0261713159817989
11050	0.02329125174606813
11051	0.0261713159817989
11053	0.0445847272913015
11066	0.01628235938068427
11084	0.08199844277551452
11085	0.03133743053910546
11086	0.0445847272913015
11165	0.015641199422364988
11210	0.008895851709204344
11233	0.03433163712122347
11249	0.028244452938025594
11272	0.025189283181504454
11353	0.03724229672152883
11386	0.035596598828414504
11438	0.01186659379661892
11447	0.035753196123170815
11468	0.021245630075306967
11487	0.04016896170723616
11497	0.02582687517383303
11590	0.012414098907176275
11594	0.01499715618582956
11659	0.010561171944541075
11760	0.020333991395786215
11825	0.021245630075306967
11841	0.02327371401688889
11849	0.022917048674439496
11870	0.05339489824262176
11882	0.07517180885716575
11984	0.037585904428582874
11988	0.022708157727191616
12007	0.03433163712122347
12021	0.0445847272913015
12148	0.02730653567339513
12172	0.0445847272913015
12181	0.0445847272913015
12245	0.04016896170723616
12262	0.0445847272913015
12354	0.035753196123170815
12391	0.026407523607418174
12417	0.015918225811720865
12452	0.02211968396669695
12461	0.037585904428582874
12485	0.024910135114227173
12518	0.015375719213079312
12521	0.0261713159817989
12577	0.017798299414207252
12604	0.02777234046015773
12616	0.061174163131728486
12626	0.07343114255857415
12676	0.006809668254234299
12691	0.0445847272913015
12717	0.037585904428582874
12749	0.03594005998103703
12785	0.012968413856019545
12869	0.009564450299829275
12880	0.01850128309037415
13001	0.017079724088426815
13002	0.08174874764845537
13029	0.0445847272913015
