242
t_index	tf-idf
67	0.040873014888841104
193	0.03379467493760266
200	0.025873658889169347
202	0.029845911068708854
204	0.05222088249045847
208	0.019272645007503867
229	0.039836232075539824
230	0.021550947906332323
281	0.06234976403670289
334	0.04469380115478385
383	0.056911978672346014
412	0.024834051105336204
460	0.06493146056409847
535	0.04327533314469687
557	0.01990439664177232
638	0.048956066538081586
659	0.053386185430024026
663	0.05433028214495044
701	0.04241792860293539
771	0.04752978630857093
778	0.13487881379555824
942	0.07295094245585092
998	0.03041736878801937
1040	0.030584549202071123
1248	0.03322085485651656
1351	0.04819109010898524
1360	0.06493146056409847
1394	0.05222088249045847
1447	0.05756256615057253
1531	0.040516997052545696
1534	0.0584568923864403
1680	0.10197735550484338
1681	0.028042542822539242
1733	0.04520809323443324
1829	0.03460691481528522
1904	0.06825984627396338
1964	0.03340898366427765
2106	0.056911978672346014
2188	0.13260420179611807
2204	0.024924794054866327
2224	0.026276122660003745
2293	0.03215212632548034
2322	0.04420140059870602
2366	0.04161970407131045
2375	0.06493146056409847
2379	0.04631080025319799
2397	0.021550947906332323
2400	0.04889249678059356
2406	0.15177032993283962
2480	0.03481920823493093
2496	0.039836232075539824
2498	0.011337306517583495
2583	0.05425130800379966
2666	0.0457463143128003
2703	0.04161970407131045
2805	0.036181918706953566
2811	0.03041736878801937
2858	0.03919330741601314
2923	0.1372389429384009
2924	0.04177928821183601
2976	0.029038397362152364
3198	0.04327533314469687
3209	0.040516997052545696
3264	0.039836232075539824
3272	0.019272645007503867
3335	0.036181918706953566
3350	0.03340898366427765
3359	0.04520809323443324
3403	0.031473079545594244
3432	0.020889644105918006
3548	0.05222088249045847
3588	0.026693092715012013
3723	0.1182817191923391
3839	0.020448240887567568
3993	0.025873658889169347
4008	0.07189122356817423
4100	0.10444176498091694
4247	0.09390122225713014
4262	0.06024036438221092
4332	0.017854176997416895
4376	0.056911978672346014
4528	0.04469380115478385
4595	0.025873658889169347
4861	0.035943360425277224
4863	0.08097042434760336
4935	0.19855674385225158
4952	0.05222088249045847
5011	0.04690424657606551
5054	0.019441548251840347
5093	0.041240336748269005
5210	0.028283586265165042
5246	0.07189202502257233
5315	0.015252720146249869
5363	0.055549268200323375
5387	0.05222088249045847
5429	0.051161480575611096
5579	0.06493146056409847
5600	0.015252720146249869
5639	0.039836232075539824
5662	0.056911978672346014
5675	0.022037431987335824
5694	0.190028165312233
5712	0.07560411889429233
5773	0.07295094245585092
5835	0.04420140059870602
5946	0.053227575126185686
6009	0.024218029815782915
6027	0.03745459240741533
6045	0.04327533314469687
6087	0.05515003586043421
6144	0.04690424657606551
6163	0.07295094245585092
6179	0.06024036438221092
6184	0.06472545144518758
6185	0.0457463143128003
6294	0.08097042434760336
6373	0.03056475507105689
6375	0.04017160821723279
6410	0.07295094245585092
6430	0.10477049620310683
6454	0.03464540022875351
6591	0.018833932096514863
6608	0.035943360425277224
6646	0.01862066031090047
6670	0.022999043760409982
6745	0.06493146056409847
6775	0.06825984627396338
6812	0.16194084869520672
6896	0.08097042434760336
6907	0.029570429798084774
6982	0.04631080025319799
6983	0.04819109010898524
7091	0.056911978672346014
7121	0.036928607889422906
7176	0.024390714614902442
7275	0.06876650584623233
7314	0.04420140059870602
7341	0.057817935022511605
7343	0.05317486584706553
7413	0.056911978672346014
7422	0.23452123288032753
7498	0.03525585125294443
7505	0.0457463143128003
7616	0.020954099240621367
7617	0.06499503032158647
7619	0.026073140843883385
7662	0.06025622410608678
7671	0.0457463143128003
7677	0.01332907601240658
7815	0.06363350036757474
7911	0.024834051105336204
7912	0.05096927716712543
7996	0.013262391869555353
8022	0.05222088249045847
8179	0.04283869012668339
8276	0.18090959353476782
8301	0.10866056428990088
8329	0.03460691481528522
8331	0.04631080025319799
8361	0.026378964819430487
8532	0.056911978672346014
8617	0.05698951860399125
8618	0.05043741049468784
8676	0.026482729342373147
8791	0.03951030441681847
8836	0.14179894075275792
8997	0.03951030441681847
9107	0.11382395734469203
9143	0.03858423696280933
9149	0.04690424657606551
9158	0.056911978672346014
9210	0.040873014888841104
9242	0.023551965815031654
9468	0.0278064189789057
9473	0.041240336748269005
9477	0.04420140059870602
9555	0.03888476468431306
9576	0.04201193372670025
9606	0.05222088249045847
9627	0.04469380115478385
9655	0.04690424657606551
9656	0.06921382963057043
9685	0.04889249678059356
9819	0.11109853640064675
9899	0.03322085485651656
9949	0.020264104373412594
10033	0.06493146056409847
10103	0.014451863452912807
10199	0.06234976403670289
10204	0.020448240887567568
10219	0.02465467283379641
10226	0.04161970407131045
10241	0.049639185963062896
10271	0.04283869012668339
10318	0.05043741049468784
10367	0.03642549963544451
10372	0.030865282792560608
10373	0.04752978630857093
10481	0.023076433124247724
10519	0.03399245183494779
10717	0.03951030441681847
10720	0.04690424657606551
10804	0.06758934987520532
11000	0.05129481503644933
11015	0.09697059579291592
11072	0.06234976403670289
11160	0.028283586265165042
11167	0.04948802866755068
11186	0.01961295385733198
11232	0.04017160821723279
11234	0.0668179673285553
11244	0.02363315679212632
11262	0.1169137847728806
11318	0.029986151170694145
11410	0.025677558147822174
11484	0.06024036438221092
11503	0.22626869012132034
11620	0.03181675018378737
11659	0.00959008416010131
11671	0.10382074444585565
11686	0.06825984627396338
11699	0.01590241597262359
11773	0.10258963007289866
11780	0.04420140059870602
11784	0.036928607889422906
11785	0.10258963007289866
11871	0.18704929211010868
11883	0.03285353299708866
11904	0.13180001567365016
11937	0.03379467493760266
12011	0.06825984627396338
12148	0.012397865341261962
12334	0.0914926286256006
12577	0.03232353193097197
12662	0.12407410260864975
12676	0.02473410792037431
12717	0.06825984627396338
12850	0.05043741049468784
12862	0.02371492156180452
12880	0.033600222179558
12887	0.02769013994229752
12913	0.0380056330624466
