185
t_index	tf-idf
135	0.040379198083174424
168	0.044302684430831504
189	0.03815478090115668
198	0.03841164336977104
393	0.05081876667151041
465	0.03815478090115668
554	0.0211778940724298
773	0.033207897114925264
879	0.044302684430831504
998	0.032075912034856206
1066	0.054091725895811904
1120	0.03765673147896076
1124	0.040688088420014444
1387	0.028721464827113775
1447	0.09105185040233962
1665	0.04946175646289516
1674	0.04272623455470846
1763	0.03867403018378654
1800	0.025094842677708434
1836	0.0585781581836234
1837	0.03649389804716016
1839	0.029322597078910998
1846	0.0585781581836234
2078	0.035847083418918534
2135	0.3093505102617249
2217	0.09186525165074118
2248	0.040379198083174424
2251	0.028721464827113775
2281	0.03841164336977104
2339	0.09034904141565188
2379	0.04883595177274047
2498	0.011955486653186269
2509	0.021369028789983365
2566	0.06574945915187257
2670	0.027708859531312965
2758	0.03921636465137383
2845	0.02483616479109951
2848	0.053748621851587054
2856	0.05612987203050592
2874	0.042362012981944364
2966	0.02738917705169941
2993	0.05506828828028877
3041	0.026188157308256008
3119	0.06847192575608624
3258	0.05155841837695414
3272	0.02032350892175766
3293	0.11225974406101184
3330	0.04272623455470846
3335	0.03815478090115668
3403	0.03318918667837372
3433	0.021498135990638954
3472	0.03867403018378654
3505	0.028721464827113775
3715	0.06001517206652019
3717	0.23046986021862625
3727	0.032873615475247406
3846	0.03867403018378654
3872	0.04100500277332912
3949	0.05729270546230651
3972	0.05612987203050592
4020	0.034269480865142414
4083	0.06259753016803486
4255	0.032075912034856206
4328	0.03605811898709771
4330	0.03894218420027764
4515	0.14423247594839084
4736	0.06853896173028483
4792	0.06847192575608624
4812	0.05506828828028877
4908	0.06574945915187257
4915	0.05652202665738769
5196	0.1615167923326977
5213	0.08280409589259498
5232	0.025008005893973582
5310	0.03398350382649245
5324	0.05155841837695414
5593	0.05155841837695414
5644	0.06352504196985481
5956	0.03921636465137383
6091	0.044302684430831504
6430	0.022096646448806247
6555	0.04007793545312238
6646	0.01963597398334576
6667	0.06415182406971241
6670	0.0727592820094899
6849	0.014091172414209365
6875	0.06352504196985481
6933	0.040379198083174424
6959	0.10065478910182342
6960	0.06352504196985481
7039	0.022654481511300242
7237	0.028839345131676335
7270	0.06847192575608624
7286	0.043101664687388096
7439	0.020089999083613443
7449	0.05155841837695414
7717	0.041979415132044305
7913	0.009662000450255448
7996	0.0279710791518039
8133	0.06001517206652019
8145	0.10818345179162381
8211	0.04883595177274047
8329	0.03649389804716016
8496	0.03543231429694301
8565	0.129527536083439
8566	0.03671776701825989
8643	0.06574945915187257
8707	0.03765673147896076
8808	0.03978393287482278
9034	0.04563497220624586
9051	0.032548249083763074
9104	0.09034904141565188
9125	0.02638029539902531
9198	0.045886529234347474
9211	0.057209425162086124
9241	0.025998998222900103
9341	0.054091725895811904
9381	0.034644910997822055
9391	0.014670534274739003
9412	0.05081876667151041
9519	0.05318757035062024
9629	0.05729270546230651
9714	0.0922269703370536
9744	0.034644910997822055
9851	0.06574945915187257
10106	0.11083746209265052
10151	0.13166720395952716
10189	0.043489015208519624
10204	0.12937923340078805
10213	0.09466211681066683
10375	0.05155841837695414
10378	0.044302684430831504
10382	0.05506828828028877
10383	0.061644324040186285
10475	0.03894218420027764
10480	0.031621181763556334
10493	0.08620332937477619
10519	0.07169186148253091
10560	0.06574945915187257
10564	0.04100500277332912
10580	0.0461134851685268
10584	0.04166465080449131
10678	0.03765673147896076
10679	0.0585781581836234
10715	0.02667429797732492
10791	0.05612987203050592
10894	0.07039707211212701
10922	0.02441686178568136
11002	0.06352504196985481
11055	0.04388906798650906
11077	0.05729270546230651
11091	0.033207897114925264
11229	0.037178218516679816
11358	0.06847192575608624
11361	0.061644324040186285
11564	0.07972652348816262
11571	0.0585781581836234
11606	0.06001517206652019
11634	0.03927194796669152
11659	0.040451979665964734
11678	0.11297019443688228
11733	0.10163753334302082
11763	0.22449077517427765
11784	0.07788436840055528
11787	0.05318757035062024
11827	0.042362012981944364
11904	0.023164428073990294
12122	0.11013657656057754
12261	0.040379198083174424
12385	0.24998790482694785
12425	0.10037937071083373
12568	0.029322597078910998
12571	0.043489015208519624
12664	0.040379198083174424
12675	0.022233732347330063
12763	0.06847192575608624
12768	0.03408601099257785
12778	0.04883595177274047
12785	0.37254247186649264
12791	0.04713078387335258
12798	0.0623655853763293
12839	0.028489067007984127
12840	0.07450849437329853
12872	0.06001517206652019
12973	0.04517452070782594
