205
t_index	tf-idf
135	0.03519758489487363
168	0.03861759446319345
189	0.033258613436242576
198	0.033482514330131996
393	0.04429750810030557
465	0.033258613436242576
554	0.01846026567871821
593	0.06274481623902357
773	0.028946532704171087
879	0.03861759446319345
998	0.05591961656107232
999	0.03790833838857611
1066	0.0471504686746468
1120	0.032824475621433216
1124	0.035466837241880066
1387	0.02503581657256106
1447	0.07936772859555846
1665	0.04311463463356261
1674	0.0372434406666505
1763	0.03371123066428461
1800	0.021874576452774894
1836	0.051061184806256835
1837	0.03181086142458631
1839	0.02555980923388377
1846	0.051061184806256835
2078	0.031247048524144703
2135	0.2696534692140558
2136	0.06705689697109506
2198	0.04429750810030557
2217	0.08007675108370292
2248	0.03519758489487363
2251	0.02503581657256106
2281	0.033482514330131996
2339	0.07875510674698022
2379	0.04256913559556888
2498	0.010421312864318542
2509	0.018626873258036445
2566	0.05731223699695938
2670	0.024153152662531627
2758	0.034183970698026735
2845	0.04329818620454748
2848	0.046851393054088336
2856	0.04892707209941723
2874	0.03692595739961032
2966	0.02387449306180295
2993	0.04800171483763307
3041	0.02282759276692356
3119	0.05968534627039981
3258	0.04494224486900931
3272	0.017715518499446397
3293	0.09785414419883447
3330	0.0372434406666505
3335	0.033258613436242576
3403	0.02893022326242372
3433	0.018739412928741497
3472	0.03371123066428461
3496	0.018910487389318074
3505	0.02503581657256106
3715	0.05231379556970456
3717	0.20089508598079198
3727	0.028655147363453745
3768	0.027181297425474652
3846	0.03371123066428461
3872	0.03574308393286736
3949	0.04994068629626413
3972	0.04892707209941723
4013	0.023692695478631735
4020	0.02987188996595525
4083	0.0909412926659426
4255	0.02795980828053616
4328	0.031431003200795886
4330	0.033944974131425915
4515	0.1571550160039794
4736	0.0597437799319105
4792	0.05968534627039981
4812	0.04800171483763307
4908	0.05731223699695938
4915	0.049268903944199215
4965	0.04108278136497985
5196	0.31677826405386267
5213	0.0721783575003019
5232	0.021798882897365264
5310	0.02962261059504915
5324	0.04494224486900931
5593	0.04494224486900931
5644	0.05537326553832832
5956	0.034183970698026735
6091	0.03861759446319345
6430	0.019261120235023816
6555	0.034934981438136635
6646	0.01711621067483092
6667	0.05591961656107232
6670	0.08456337675466592
6711	0.04256913559556888
6849	0.012282939257382207
6875	0.05537326553832832
6933	0.03519758489487363
6959	0.08773838146041042
6960	0.05537326553832832
7039	0.01974737176802915
7237	0.025138570025433696
7270	0.05968534627039981
7286	0.03757069416831405
7346	0.03757069416831405
7439	0.017511973537138337
7449	0.04494224486900931
7643	0.03574308393286736
7717	0.03659245596962366
7913	0.00842213558579512
7996	0.03657258488710865
8133	0.05231379556970456
8145	0.0943009373492936
8211	0.04256913559556888
8329	0.03181086142458631
8496	0.03088550416280215
8565	0.13548728049912495
8566	0.09601800801838457
8643	0.05731223699695938
8707	0.032824475621433216
8808	0.03467870639553434
9034	0.03977891797395155
9051	0.028371533232172116
9104	0.07875510674698022
9125	0.0229950749627676
9198	0.03999819424175337
9211	0.04986809284279732
9241	0.022662707299120635
9242	0.02164909310227374
9341	0.0471504686746468
9381	0.03019914346761881
9391	0.01278795518733801
9412	0.04429750810030557
9519	0.04636233782830106
9629	0.04994068629626413
9714	0.08039205264425692
9744	0.03019914346761881
9851	0.05731223699695938
9903	0.06274481623902357
10103	0.013284230278296881
10106	0.09661437489428491
10125	0.038257054863497404
10151	0.15302821945398962
10189	0.07581667677715222
10204	0.112776795167595
10213	0.0825147118055385
10375	0.04494224486900931
10378	0.03861759446319345
10382	0.04800171483763307
10383	0.05373388852899632
10475	0.10183492239427774
10480	0.027563430737441382
10493	0.0751413883366281
10519	0.06249208752499639
10560	0.05731223699695938
10564	0.03574308393286736
10580	0.04019602632212846
10584	0.036318083404866336
10678	0.032824475621433216
10679	0.051061184806256835
10715	0.0232513500053699
10791	0.04892707209941723
10894	0.06136345048044941
10922	0.021283596662758492
11002	0.05537326553832832
11055	0.038257054863497404
11077	0.04994068629626413
11091	0.028946532704171087
11229	0.032407367273256306
11299	0.09988137259252826
11358	0.05968534627039981
11361	0.05373388852899632
11465	0.035466837241880066
11564	0.06949571096155685
11571	0.051061184806256835
11606	0.05231379556970456
11634	0.03423242134966184
11659	0.04407628358312367
11678	0.09847342686429963
11733	0.08859501620061114
11763	0.22829713667277182
11784	0.06788994826285183
11787	0.04636233782830106
11827	0.03692595739961032
11841	0.012950820539332872
11904	0.020191880036746133
11942	0.03467870639553434
12122	0.09600342967526614
12261	0.03519758489487363
12385	0.21790850042919804
12425	0.08749830581109957
12568	0.02555980923388377
12571	0.03790833838857611
12628	0.03181086142458631
12664	0.03519758489487363
12675	0.019380614746560255
12763	0.05968534627039981
12768	0.029711963649391434
12778	0.04256913559556888
12785	0.3896836758409273
12791	0.04108278136497985
12798	0.054362594850949304
12839	0.024833240930733053
12840	0.0649472793068212
12872	0.05231379556970456
12973	0.03937755337349011
