247
t_index	tf-idf
73	0.02169718053371937
204	0.14531648981456896
212	0.028489604974725993
213	0.03334019342482725
348	0.022624238062580546
412	0.023035466288557745
430	0.04193393591945996
504	0.03973613479627359
571	0.12045771062859037
656	0.03606856900731451
701	0.1573833862576549
715	0.03695112719012169
744	0.02446849095411875
745	0.05964707239544238
749	0.03153057771315889
767	0.060228855314295185
778	0.06255516578929453
998	0.02821441698460912
1387	0.02526379870852533
1513	0.05783413594000314
1535	0.0527901775091477
1537	0.027428816823429156
1594	0.05783413594000314
1616	0.01184899114851921
1669	0.020708030793475055
1680	0.09459173313947668
1681	0.0260115857495049
1733	0.04193393591945996
1845	0.04354289790357832
1862	0.03725673854985647
1919	0.03401821319671181
1954	0.04757983212396778
1962	0.03973613479627359
1976	0.03474197572893358
1995	0.03606856900731451
2106	0.1055803550182954
2180	0.051526160172379105
2187	0.04757983212396778
2188	0.24600091279825304
2224	0.024373097049738477
2248	0.035518102524560675
2281	0.03378741411689604
2293	0.02982353619772119
2322	0.04100015213304217
2400	0.04535149970400021
2401	0.0527901775091477
2406	0.023463082361808663
2496	0.03695112719012169
2666	0.04243317679860318
2760	0.03153057771315889
2782	0.06499611233916117
2805	0.033561474327894684
2858	0.03635476579673521
2923	0.04243317679860318
2948	0.028079424719413187
2976	0.02693531637960882
2980	0.04678452436956121
3251	0.03635476579673521
3264	0.03695112719012169
3272	0.017876840249648255
3275	0.03378741411689604
3306	0.06331618554848463
3356	0.03291086643191064
3359	0.04193393591945996
3403	0.029193668797510407
3432	0.019376729577497122
3522	0.04100015213304217
3573	0.048438829938189654
3632	0.03449525811431247
3723	0.10971526729371663
3724	0.07869169312882746
3842	0.060228855314295185
3883	0.07516517669700384
4008	0.022228187820606288
4135	0.05777443670681654
4245	0.054223202174708704
4255	0.02821441698460912
4276	0.02358005075221105
4332	0.016561103566609257
4346	0.03249805616958058
4414	0.03934584656441373
4424	0.044087482367231624
4453	0.08763038027080994
4528	0.08291378200371859
4595	0.02399978137175674
4682	0.057832175983175436
4748	0.033561474327894684
4853	0.06331618554848463
4906	0.046044110563897615
4935	0.09208822112779523
4952	0.048438829938189654
5011	0.130521740437386
5117	0.026878863447316242
5159	0.05587750774333715
5239	0.040141154318820295
5246	0.08002236824588484
5310	0.029892361174852434
5600	0.01414805499301914
5662	0.0527901775091477
5688	0.020708030793475055
5689	0.030643151422497655
5694	0.07050621547582837
5695	0.05783413594000314
5712	0.02337618517787676
5748	0.03896925551830638
5778	0.047456154296910316
5802	0.029346980071921373
5835	0.12300045639912652
5899	0.03210053874002043
5911	0.03499449899345569
6027	0.03474197572893358
6045	0.040141154318820295
6057	0.04100015213304217
6144	0.043507246812462
6177	0.051526160172379105
6178	0.03825354078817173
6184	0.030018883114421187
6202	0.060228855314295185
6375	0.03726221400286868
6407	0.023908446832549602
6526	0.06811569821462084
6532	0.0342540851877921
6591	0.052409702233039715
6598	0.033123383150268644
6606	0.025684705345121156
6848	0.03973613479627359
6900	0.060228855314295185
6982	0.04295678032970817
7039	0.019927196060250955
7121	0.0342540851877921
7176	0.022624238062580546
7237	0.025367487858925373
7308	0.04470089180801617
7341	0.017876840249648255
7343	0.049323721869745894
7394	0.022228187820606288
7413	0.1055803550182954
7422	0.21753623406230999
7498	0.06540495302734563
7505	0.16973270719441272
7506	0.13533506623888536
7514	0.04757983212396778
7532	0.04470089180801617
7589	0.012806990989394751
7591	0.04243317679860318
7639	0.030643151422497655
7642	0.05783413594000314
7671	0.12729953039580952
7677	0.012363729132998363
7753	0.035789806747862266
7804	0.04470089180801617
7819	0.04295678032970817
7912	0.05909733881895679
7913	0.016997659135163566
8075	0.048438829938189654
8113	0.01967905220553468
8276	0.1678073716394734
8301	0.05039545813485565
8305	0.0278144299327667
8329	0.03210053874002043
8361	0.02446849095411875
8385	0.060228855314295185
8399	0.008783856875872324
8504	0.03378741411689604
8533	0.04470089180801617
8565	0.022786843348839698
8617	0.08810350279642801
8735	0.03934584656441373
8833	0.035518102524560675
8836	0.0657646371429405
8879	0.03291086643191064
8957	0.04141606158695011
8983	0.04193393591945996
8995	0.04295678032970817
9149	0.043507246812462
9211	0.025161101814016165
9215	0.025684705345121156
9240	0.054223202174708704
9241	0.04573815866846658
9242	0.02184623492398508
9347	0.060228855314295185
9364	0.030989366723501607
9383	0.07947226959254718
9441	0.010780553856784322
9468	0.025792562972396398
9555	0.03606856900731451
9627	0.08291378200371859
9647	0.06766753311944268
9656	0.0963016162200613
9685	0.09070299940800042
9787	0.017420101380831124
9819	0.051526160172379105
9953	0.06766753311944268
9960	0.05783413594000314
10063	0.02184623492398508
10103	0.01340519965769418
10172	0.10494068731149994
10174	0.03190716875926624
10204	0.018967294608033456
10219	0.09147631733693316
10241	0.046044110563897615
10373	0.044087482367231624
10534	0.048438829938189654
10681	0.04855708726241798
10744	0.023728077148455158
10804	0.03134712463769709
10817	0.1573833862576549
10859	0.03334019342482725
10904	0.05052759741705066
11015	0.08994758369846051
11059	0.06766753311944268
11088	0.07510621092459015
11142	0.040141154318820295
11186	0.01819250252338131
11232	0.11178664200860604
11244	0.021921545714313498
11318	0.16688657959660017
11353	0.02091245113756729
11426	0.044087482367231624
11438	0.03998027803656334
11474	0.024564740420629685
11503	0.31482206193449985
11554	0.030643151422497655
11590	0.04182490227513458
11659	0.008895530553489798
11671	0.03210053874002043
11699	0.014750697157310758
11707	0.03499449899345569
11776	0.03378741411689604
11817	0.059024898769948396
11841	0.026137507619746172
11904	0.04075150425523842
11907	0.16266960652412613
12089	0.05587750774333715
12148	0.011499960594723597
12365	0.03401821319671181
12406	0.0527901775091477
12423	0.05052759741705066
12577	0.05996505579897367
12631	0.025792562972396398
12662	0.11508814231724245
12675	0.01955709926159157
12676	0.022942761402907165
12734	0.048438829938189654
12736	0.04145689100185929
12850	0.09356904873912242
12910	0.03334019342482725
