322
t_index	tf-idf
27	0.02073278280831594
29	0.04718616391590246
101	0.02110241423620833
237	0.043777110254383564
273	0.06908048173135019
285	0.043777110254383564
342	0.064172125697234
383	0.04135834818871289
404	0.04135834818871289
478	0.010555998013104795
643	0.01753736795817117
656	0.028257840872284203
745	0.023365183685360745
778	0.012252176682243526
928	0.040368056592864666
1019	0.033315412781358716
1027	0.04960492598157314
1036	0.10061312889163332
1265	0.05301397964309204
1355	0.034540240865675094
1387	0.01979286740181327
1428	0.01817949369910472
1500	0.03142166759296476
1524	0.04248104820371124
1546	0.026651494132666535
1547	0.04960492598157314
1579	0.04531002630149371
1636	0.016437883128236512
1646	0.03519883627073659
1782	0.04960492598157314
1800	0.01729364768054419
1810	0.02562068312900284
1829	0.02514909630726238
1832	0.021588547360623617
1839	0.020207126598633336
1850	0.04248104820371124
1862	0.014594354840479523
1902	0.05301397964309204
1917	0.01446466958276172
1942	0.027618969538532306
1955	0.03665323247652166
1996	0.013608905030454041
2109	0.1459649970627516
2204	0.03622605768068366
2235	0.02996965219702441
2271	0.026120301037140872
2293	0.023365183685360745
2302	0.01880257580596505
2307	0.02803944519467352
2313	0.030530377324489082
2323	0.02361618026015223
2358	0.07896442114860827
2363	0.01971240974621487
2366	0.030245341185595666
2386	0.013119725063878639
2397	0.031322460687524846
2418	0.022320118209479912
2483	0.02721852429293424
2498	0.008238902976399601
2591	0.01851993538181895
2709	0.016492302482290333
2754	0.02530337147696662
2756	0.043777110254383564
2788	0.020292485309951296
2816	0.019874102438101865
2845	0.017115384589150667
2849	0.01654707636232295
2881	0.04531002630149371
2900	0.014815043648023642
2957	0.03607315691278524
2966	0.01887474587010993
2976	0.02110241423620833
3048	0.033244178815002766
3162	0.04718616391590246
3300	0.05301397964309204
3305	0.034085656599473775
3317	0.05301397964309204
3426	0.034540240865675094
3432	0.015180656069697616
3447	0.02919299941255032
3479	0.03553053246152331
3533	0.06565197481386452
3588	0.019398064317828683
3632	0.02702523392167113
3727	0.022654245388818977
3737	0.052240602074281745
3755	0.0778513245165487
3789	0.028482061116008553
3848	0.018731019962578657
3883	0.029443995987341806
3897	0.02427855104060219
3946	0.013765333000284962
4007	0.03607315691278524
4008	0.12190237320770646
4087	0.024007309426294296
4099	0.01831402074264526
4191	0.029443995987341806
4197	0.07836090311142262
4222	0.02702523392167113
4287	0.04404580942378561
4294	0.058841795370281606
4310	0.011834113929217975
4389	0.0190950491508709
4422	0.05459096009034987
4461	0.04960492598157314
4475	0.043777110254383564
4487	0.021197418194481555
4547	0.04239483638896311
4595	0.01880257580596505
4645	0.05301397964309204
4663	0.034085656599473775
4708	0.06763450045342739
4745	0.03727631458338199
4769	0.09920985196314629
4844	0.03285304964886071
4899	0.029443995987341806
4921	0.05301397964309204
4965	0.03247930985985611
4972	0.016998608255701184
4973	0.08613727541545654
4975	0.04960492598157314
5031	0.04718616391590246
5078	0.021689240310824313
5117	0.010529093155429709
5264	0.04531002630149371
5310	0.011709552230981595
5481	0.05301397964309204
5495	0.031448498856192414
5585	0.06289699771238483
5600	0.011084262493585061
5623	0.02046584734562526
5630	0.022104522785300222
5675	0.016014761858212916
5720	0.03665323247652166
5729	0.04508277568799469
5730	0.04718616391590246
5761	0.03285304964886071
5762	0.05301397964309204
5765	0.013570248590639107
5776	0.0350208151397399
5778	0.03717941946243303
5873	0.03365439484711456
6013	0.01880257580596505
6252	0.05294135020480558
6260	0.31798563900962984
6265	0.04718616391590246
6369	0.02996965219702441
6407	0.037462039925157314
6417	0.02288460941129594
6432	0.04354302555847276
6433	0.02919299941255032
6454	0.012588531968352974
6460	0.04723236052030446
6464	0.05742485027697103
6465	0.06817131319894755
6501	0.020642859375213214
6531	0.02189431781544772
6607	0.10602795928618408
6652	0.03247930985985611
6796	0.01880257580596505
6801	0.02629366307281484
6807	0.01437931087144376
6843	0.031131187204156197
6849	0.009710671402359743
6910	0.15472346150420113
6911	0.039482210574304136
7039	0.062447671288227334
7083	0.05301397964309204
7179	0.05301397964309204
7183	0.022871715459266546
7202	0.4415482414101888
7226	0.093671506932341
7227	0.02894927913492334
7244	0.040368056592864666
7296	0.05301397964309204
7314	0.03212147880000441
7341	0.04201671324731751
7356	0.04248104820371124
7357	0.09743792957956833
7394	0.017414624743958065
7405	0.022104522785300222
7439	0.027689304174286417
7589	0.02006721771289033
7625	0.03607315691278524
7639	0.04801461885258859
7662	0.02189431781544772
7663	0.03607315691278524
7674	0.02919299941255032
7717	0.02892933916552344
7730	0.05301397964309204
7794	0.04648488094229528
7808	0.02721852429293424
7815	0.023121463407733765
7821	0.043777110254383564
7898	0.022541387843997344
7911	0.018047085279954585
7912	0.009259935962432474
7996	0.00963787648140146
8011	0.03247930985985611
8015	0.07452483540563182
8038	0.03553053246152331
8216	0.03212147880000441
8250	0.10602795928618408
8257	0.05301397964309204
8263	0.039482210574304136
8267	0.05301397964309204
8268	0.05301397964309204
8279	0.17291793118109655
8305	0.02179115381134273
8308	0.04531002630149371
8349	0.12110416977859399
8399	0.013763386609154542
8433	0.019321280580072805
8553	0.018246488163917912
8623	0.07893816147219689
8655	0.02629366307281484
8656	0.020642859375213214
8678	0.02324244047114764
8721	0.010264676368932062
8794	0.029177487779089555
8797	0.026986929705766462
8800	0.022654245388818977
8893	0.03974820487620373
8906	0.04531002630149371
8957	0.016223661072378864
8968	0.01817949369910472
9028	0.05301397964309204
9045	0.013765333000284962
9241	0.01791672978740452
9251	0.02647067510240279
9369	0.02012262577832666
9370	0.027618969538532306
9385	0.04135834818871289
9391	0.04043971174332969
9435	0.02702523392167113
9441	0.008446001152369608
9443	0.04624292681546753
9448	0.0237445455145941
9471	0.043177094721247235
9492	0.04960492598157314
9499	0.016940822730306795
9528	0.012938906033614896
9549	0.03607315691278524
9550	0.09073602355678699
9551	0.03868086537605028
9781	0.02892933916552344
9787	0.027295480045174934
9806	0.03609417055990917
9904	0.02562068312900284
9949	0.11780857442797044
9955	0.05301397964309204
9986	0.04183113483362326
9989	0.021998763392735408
10068	0.022541387843997344
10177	0.02647067510240279
10178	0.024141836469834838
10182	0.026120301037140872
10184	0.064172125697234
10185	0.04576921882259188
10347	0.05301397964309204
10556	0.01817949369910472
10636	0.08613727541545654
10678	0.025950441505516238
10681	0.05706291445072719
10688	0.020642859375213214
10749	0.01924519172730008
10760	0.048283672939669675
10768	0.02484878721076531
10796	0.014995862678287387
10833	0.03285304964886071
10855	0.023489745383597126
10878	0.01831402074264526
10888	0.04248104820371124
10968	0.04960492598157314
10995	0.04960492598157314
11070	0.03665323247652166
11080	0.02046584734562526
11107	0.05301397964309204
11143	0.03868086537605028
11210	0.0352215602327681
11215	0.05294135020480558
11265	0.04531002630149371
11280	0.07736173075210057
11281	0.04531002630149371
11296	0.030530377324489082
11353	0.01638381374029437
11393	0.02721852429293424
11438	0.015661230343762423
11467	0.03177825723270581
11594	0.01979286740181327
11616	0.043777110254383564
11653	0.19841970392629257
11659	0.006969183801111731
11827	0.02919299941255032
11841	0.04095474544427428
12023	0.03665323247652166
12100	0.04135834818871289
12148	0.018019237550418885
12149	0.03247930985985611
12161	0.02996965219702441
12286	0.04960492598157314
12404	0.05301397964309204
12425	0.01729364768054419
12506	0.04718616391590246
12518	0.020292485309951296
12532	0.015087751689622049
12577	0.04697949076719425
12593	0.04718616391590246
12676	0.008987227920834066
12678	0.039482210574304136
12686	0.026120301037140872
12776	0.09157010371322631
12804	0.03553053246152331
12840	0.03423076917830133
12869	0.012622919586223044
12885	0.02629366307281484
12890	0.10602795928618408
12958	0.014726071803496305
12997	0.05301397964309204
13001	0.11270693921998672
13002	0.05394496471267731
13003	0.18036578456392618
