181
t_index	tf-idf
4	0.04700618248554547
6	0.17243353732418243
457	0.0818669053961559
472	0.0439850540173313
478	0.017421392605683587
499	0.04339449731464481
540	0.06049170835842756
713	0.04663613420671721
744	0.06327480459458848
754	0.11250847245418996
778	0.020220729483898886
916	0.041760141314959816
1019	0.027491521178950474
1210	0.074778695125957
1213	0.03579545679193923
1221	0.17498626881237458
1226	0.06662257436574674
1416	0.039621148317987014
1460	0.031150475561616188
1462	0.05953436409554785
1537	0.03546506051430805
1616	0.015320572915007625
1624	0.04663613420671721
1625	0.09711123642656505
1690	0.03562927530764063
1835	0.09711123642656505
1885	0.045924389064823684
1917	0.02387218029029006
1964	0.04006879965782157
2117	0.0818669053961559
2188	0.2650629966751129
2217	0.03482697163075926
2224	0.03151405936882156
2275	0.03253293804778812
2406	0.1516871181812986
2441	0.048179499794538325
2727	0.0327997921968071
2794	0.02291483602741035
2816	0.0327997921968071
2948	0.07261257408889182
3041	0.0595690445678413
3264	0.19110907631278912
3272	0.06934348193067227
3275	0.08737326833975305
3350	0.08013759931564314
3403	0.01887349420143404
3432	0.025053829024383144
3609	0.042828051804971186
3723	0.03546506051430805
3757	0.05301259933502259
3789	0.04700618248554547
3804	0.05360315603770907
3850	0.06662257436574674
3883	0.04859373915558176
3930	0.05863882834505397
3998	0.03214203929458204
4072	0.037018032186339436
4083	0.023731306104794833
4135	0.04980100325817713
4253	0.08749313440618729
4280	0.06383807018599091
4308	0.0452473773280184
4332	0.021413265616029978
4403	0.149557390251914
4424	0.05700447234536897
4453	0.03776826830461342
4544	0.057797601814916104
4585	0.07224880337577813
4842	0.06049170835842756
4878	0.09718747831116352
4915	0.03214203929458204
4952	0.06263070135540036
4972	0.056108276603527366
5049	0.1048923076506979
5110	0.02643041931914811
5158	0.04201951312996759
5213	0.031391803176308054
5239	0.051901927676848286
5246	0.017244626035748813
5272	0.08153715516398792
5304	0.23015295004379951
5310	0.07730077493362003
5443	0.04700618248554547
5524	0.030225066843529404
5675	0.02643041931914811
5695	0.074778695125957
5712	0.030225066843529404
5726	0.03776826830461342
5778	0.06136011606882906
5835	0.05301259933502259
5953	0.07787503238580952
6052	0.039621148317987014
6087	0.03307187911220753
6557	0.05407898925212272
6575	0.05087360633804979
6579	0.06263070135540036
6591	0.02258832712565206
6598	0.08565610360994237
6606	0.03320994978459341
6608	0.04310838433104561
6646	0.022332541300608053
6685	0.04310838433104561
6700	0.05863882834505397
7027	0.03856139777416055
7162	0.27109984082806576
7237	0.0655995843936142
7498	0.04228382565647052
7505	0.10973095869679235
7639	0.039621148317987014
7640	0.07159091358387847
7642	0.074778695125957
7671	0.054865479348396175
7683	0.17498626881237458
7717	0.04774436058058012
7912	0.030564799217421588
7996	0.015906144531207034
8113	0.02544472777758923
8329	0.08301105777076574
8361	0.06327480459458848
8386	0.05625423622709498
8388	0.06383807018599091
8433	0.0318874268650051
8455	0.051901927676848286
8486	0.04006879965782157
8496	0.0402981600547923
8572	0.05137824333533759
8595	0.08201981039337165
8617	0.09113323635684814
8666	0.06152002969722606
8670	0.06383807018599091
8749	0.074778695125957
8783	0.02978452228392065
8893	0.0655995843936142
8995	0.05554249108520146
9068	0.044601866145235376
9150	0.07224880337577813
9215	0.03320994978459341
9391	0.050055624366350394
9394	0.046275698666816904
9473	0.049461270884284946
9475	0.04777726907819728
9528	0.02135409286926847
9620	0.04100990519668583
9787	0.02252393727420426
10204	0.024524435574341964
10219	0.11827754550496096
10373	0.05700447234536897
10432	0.05625423622709498
10480	0.03596365264629111
10481	0.05535307418892065
10625	0.08749313440618729
10655	0.06662257436574674
10744	0.03068005803441453
10894	0.026688185024068143
10953	0.05809140406945906
11167	0.029676537395850952
11232	0.09635899958907665
11234	0.04006879965782157
11237	0.03320994978459341
11262	0.07010981037880534
11353	0.02703949462606136
11410	0.03079617576715637
11438	0.07754087548179082
11503	0.2713735594118954
11519	0.031031367636407747
11530	0.07403606437267887
11554	0.039621148317987014
11555	0.048179499794538325
11659	0.0345053741928359
11721	0.03266572363609275
11841	0.05069312479251863
12334	0.10973095869679235
12391	0.03834597516954964
12423	0.130662894544371
12514	0.04777726907819728
12530	0.149557390251914
12631	0.033349408125172605
12676	0.014832328108743204
12869	0.04166519123413205
12971	0.03876697172803139
12992	0.06263070135540036
