268
t_index	tf-idf
150	0.02703858175978041
193	0.019974507128542412
206	0.04785796346076763
208	0.011391190647610412
399	0.03211217773225361
413	0.00797775570619617
455	0.033638102032025975
473	0.030865406798270965
613	0.026720463571443805
660	0.012346925836001933
735	0.03837805584160653
773	0.018612803945354847
838	0.029811276993535422
862	0.03837805584160653
879	0.049662715872085546
998	0.017978333888685027
1019	0.013548259341317799
1097	0.02316539513452246
1169	0.03211217773225361
1190	0.03155416477319572
1220	0.024375301785939444
1331	0.036852131541834164
1340	0.03455123080311598
1341	0.029811276993535422
1351	0.028483578394864137
1352	0.04785796346076763
1357	0.03837805584160653
1387	0.06439275477159968
1470	0.036852131541834164
1663	0.04034531441743207
1674	0.5747464401045311
1691	0.06415649753732958
1800	0.014065491265021402
1837	0.02045458546209089
1839	0.04930535788305969
1846	0.03283266537409651
1862	0.011870067802892119
1984	0.027722983260598664
2078	0.010046025097283744
2105	0.0880184474954958
2196	0.027372223922673057
2217	0.017163286114830312
2251	0.01609818869289992
2452	0.04785796346076763
2509	0.02395439506416929
2531	0.024158194412864868
2688	0.031460417381024355
2740	0.02507132318395487
2758	0.46159070499912835
2835	0.02229862795019986
2845	0.027841008083796605
2848	0.015062871301281084
2869	0.02459952868891805
2963	0.02280540107830601
2986	0.016298348578105283
3041	0.10274800755592635
3083	0.018333650579565135
3101	0.025846299622900696
3111	0.036852131541834164
3115	0.030318050121641574
3155	0.033638102032025975
3289	0.047090797768365014
3327	0.033638102032025975
3356	0.04194185870305714
3425	0.04785796346076763
3426	0.028092711564515954
3497	0.04785796346076763
3524	0.04785796346076763
3548	0.030865406798270965
3554	0.03455123080311598
3629	0.04034531441743207
3631	0.024831357936042773
3717	0.08611787549041819
3718	0.04785796346076763
3753	0.04785796346076763
3768	0.01747774647593067
3794	0.022632270113092504
3795	0.04311800965118708
3839	0.03625809694536258
3923	0.01541065681534807
3980	0.054729226924312674
3985	0.027372223922673057
4060	0.02124449814546432
4067	0.023743624585283583
4071	0.04785796346076763
4083	0.035085496454318035
4094	0.020210334217263103
4099	0.01489539416677834
4130	0.05064003266152189
4145	0.04785796346076763
4173	0.04785796346076763
4228	0.03837805584160653
4235	0.021826833455163036
4247	0.011100154902019283
4276	0.007512649043335564
4285	0.1760368949909916
4328	0.020210334217263103
4330	0.021826833455163036
4416	0.04785796346076763
4458	0.02316539513452246
4471	0.04034531441743207
4515	0.10105167108631552
4633	0.024831357936042773
4641	0.036852131541834164
4674	0.0586789649969972
4718	0.0586789649969972
4736	0.03841562905621648
4755	0.04034531441743207
4809	0.06439275477159968
4893	0.03455123080311598
4949	0.027006243663714014
4972	0.013825526017109305
4973	0.0467055155098708
5009	0.029811276993535422
5054	0.011491021732367468
5087	0.02507132318395487
5091	0.040662738748748636
5110	0.013025331450548173
5152	0.04785796346076763
5171	0.031460417381024355
5196	0.06789681033927751
5213	0.0309407608153651
5301	0.030318050121641574
5423	0.04034531441743207
5565	0.028092711564515954
5956	0.043961019523726504
6153	0.03927069595271779
6175	0.029811276993535422
6404	0.031460417381024355
6430	0.024770044714249755
6454	0.010238666226530854
6492	0.03837805584160653
6501	0.016789515063023994
6555	0.044926828852904444
6557	0.013325493459144907
6585	0.0263047249878628
6591	0.011131887245991273
6646	0.011005831918933468
6649	0.03455123080311598
6670	0.027187393539969164
6801	0.021385499179109858
6807	0.023390330969545358
6824	0.04785796346076763
6933	0.022632270113092504
6959	0.11283267044761172
6984	0.04561080215661202
7025	0.03211217773225361
7237	0.016164259814183162
7286	0.024158194412864868
7324	0.04785796346076763
7346	0.024158194412864868
7439	0.011260309947105697
7509	0.04785796346076763
7662	0.12465157101197764
7915	0.04311800965118708
7957	0.02889814822244542
7996	0.03135520509418442
8012	0.018333650579565135
8290	0.022463414426452222
8312	0.028130982530042804
8323	0.028483578394864137
8402	0.016574681441543147
8429	0.04034531441743207
8565	0.07259931655119353
8566	0.12348037512708235
8610	0.035605360607851515
8676	0.031305492182373794
8678	0.018903839690945976
8713	0.04785796346076763
8721	0.008348598194695168
8752	0.027722983260598664
8800	0.055276323974825715
8846	0.030865406798270965
8868	0.0293394824984986
8976	0.030865406798270965
8980	0.021385499179109858
9049	0.04034531441743207
9051	0.01824307564143756
9076	0.016298348578105283
9083	0.049662715872085546
9125	0.014785978906864295
9198	0.01285954617083897
9211	0.06413099936338779
9267	0.021385499179109858
9288	0.04785796346076763
9342	0.036852131541834164
9378	0.03211217773225361
9472	0.036852131541834164
9504	0.04311800965118708
9526	0.025846299622900696
9528	0.01052363695367108
9585	0.04785796346076763
9672	0.030318050121641574
9679	0.025846299622900696
9787	0.022200309804038566
10015	0.04785796346076763
10125	0.02459952868891805
10147	0.03211217773225361
10151	0.12299764344459024
10204	0.10877429083608775
10213	0.04244598602920446
10226	0.02459952868891805
10271	0.025320016330760944
10307	0.030318050121641574
10345	0.0293394824984986
10358	0.016936581115120433
10372	0.09121537820718781
10384	0.027372223922673057
10461	0.021106345813320146
10475	0.021826833455163036
10480	0.017723460616871668
10519	0.04018280825292444
10538	0.04785796346076763
10545	0.035605360607851515
10571	0.03837805584160653
10574	0.07675611168321306
10584	0.0233527577549354
10665	0.09571592692153526
10761	0.024375301785939444
10789	0.026416488734281537
10807	0.029811276993535422
10878	0.01489539416677834
10894	0.0263047249878628
10926	0.03837805584160653
10942	0.036852131541834164
10978	0.04785796346076763
10981	0.04311800965118708
10996	0.03837805584160653
11008	0.01920781452810824
11077	0.06422435546450722
11080	0.03329109073905861
11091	0.018612803945354847
11105	0.022632270113092504
11211	0.027722983260598664
11229	0.02083814250248047
11237	0.016366392003739592
11311	0.04785796346076763
11339	0.04311800965118708
11410	0.015176845737212482
11425	0.04311800965118708
11465	0.02280540107830601
11564	0.01489539416677834
11606	0.033638102032025975
11634	0.04402332767573387
11659	0.017004797777130574
11733	0.028483578394864137
11755	0.024158194412864868
11763	0.04194185870305714
11841	0.016654919336528545
11852	0.030318050121641574
12050	0.04785796346076763
12059	0.036852131541834164
12107	0.03283266537409651
12116	0.04034531441743207
12122	0.09259622039481288
12385	0.0233527577549354
12391	0.009448753543157423
12425	0.014065491265021402
12568	0.01643511929435323
12628	0.061363756386272665
12631	0.01643511929435323
12662	0.018333650579565135
12741	0.036852131541834164
12778	0.027372223922673057
12785	0.041761512125694907
12798	0.03495549295186134
12840	0.013920504041898303
12929	0.04785796346076763
