218
t_index	tf-idf
21	0.06152378578819759
46	0.0394196171911559
53	0.04464335079076846
66	0.0399995677467998
69	0.05602011664322167
101	0.030561873305397155
150	0.04814635755480449
167	0.03808017369819929
208	0.020283768681632577
342	0.030979399692441345
472	0.038598407649704194
478	0.01528787513492103
499	0.03808017369819929
557	0.020948664652515422
695	0.05602011664322167
701	0.04464335079076846
746	0.03457716693416327
749	0.035775838224237556
750	0.05224346555583225
912	0.0683380369290215
1097	0.041249552471131705
1130	0.03383896153095485
1443	0.05846361545966444
1458	0.034202470911114016
1554	0.02938888215122998
1636	0.02380639939823093
1690	0.03126592255737537
1720	0.0218510522274902
1862	0.021136483182262064
1917	0.020948664652515422
2002	0.136676073858043
2063	0.2720540185663451
2078	0.01788849432398228
2121	0.05989781943030695
2217	0.030561873305397155
2219	0.05602011664322167
2230	0.29244275275077736
2275	0.028548779417579214
2298	0.03536303055840313
2315	0.027762915793339338
2316	0.040608527631064706
2347	0.025854852033012746
2362	0.06562089378922534
2363	0.028548779417579214
2369	0.048740458791796226
2394	0.06562089378922534
2453	0.046520391196913854
2507	0.07184104369305754
2508	0.03496376003674165
2591	0.02682176135999272
2748	0.05602011664322167
2788	0.02938888215122998
2811	0.03201319134762628
2816	0.02878295317175469
2818	0.06740577798934176
2864	0.07184104369305754
2900	0.06436829671478128
2911	0.05953492331397552
2924	0.021985602325010043
3134	0.03264588741860698
3166	0.08521847192645061
3194	0.06340082619434298
3432	0.021985602325010043
3480	0.051457601931592385
3489	0.06340082619434298
3494	0.032484604796783924
3794	0.040300241293081664
3815	0.033313268675737744
3858	0.01943190673902405
3872	0.040924822295498486
3916	0.04703862514841876
3946	0.01993584044234465
4008	0.025220979416311108
4054	0.07184104369305754
4074	0.06005309860412624
4083	0.02082504267772093
4088	0.0394196171911559
4247	0.019765534730127668
4310	0.017138924794956573
4328	0.035987611560819956
4422	0.019765534730127668
4423	0.0637200475887342
4451	0.13124178757845067
4453	0.03314296296352076
4467	0.0539859558644578
4478	0.07677825442773607
4487	0.061398928294155976
4635	0.05496060869562841
4708	0.02798646652861945
4748	0.19040086849099647
4851	0.0399995677467998
5023	0.07184104369305754
5117	0.045746729369689314
5187	0.03556768512253523
5315	0.032105883452089756
5600	0.016052941726044878
5675	0.02319360796581313
5690	0.07677825442773607
5712	0.02652354253802709
5722	0.051457601931592385
5748	0.04421605572295212
5798	0.06152378578819759
5899	0.036422538505996395
5911	0.03970614005608993
5963	0.08521847192645061
5992	0.05846361545966444
6045	0.04554573836574324
6055	0.05846361545966444
6087	0.029021718859586706
6383	0.05718067629051078
6417	0.03314296296352076
6432	0.015765452421177856
6439	0.07113537024507045
6449	0.027127467623820668
6476	0.05846361545966444
6477	0.0683380369290215
6646	0.019597578137225277
6847	0.05718067629051078
6880	0.04703862514841876
6892	0.045086187226271356
6969	0.032484604796783924
6986	0.043803248057117695
7003	0.05496060869562841
7017	0.047579899144507116
7039	0.022610183327426862
7085	0.0539859558644578
7198	0.021263324536799137
7237	0.02878295317175469
7312	0.05496060869562841
7430	0.040924822295498486
7544	0.17043694385290123
7850	0.04814635755480449
7867	0.08316636092447063
7912	0.02682166945755128
7996	0.013958192492129906
8014	0.07941228011217986
8107	0.04814635755480449
8180	0.07677825442773607
8201	0.04464335079076846
8270	0.45436904589307153
8290	0.0399995677467998
8399	0.009966510776772628
8413	0.04464335079076846
8421	0.06340082619434298
8571	0.043403977535456204
8623	0.09526943469082665
8628	0.03970614005608993
8676	0.02787212423773861
8721	0.044597893188439174
8791	0.04158318046223532
8794	0.050708056901523454
8797	0.03908420701713455
8836	0.024873051177023184
8841	0.035775838224237556
8849	0.06562089378922534
8855	0.046520391196913854
8856	0.08742864196371283
8892	0.048740458791796226
8908	0.05496060869562841
8909	0.0683380369290215
8921	0.07032351773934509
9045	0.01993584044234465
9328	0.027654678103509044
9338	0.043403977535456204
9383	0.045086187226271356
9422	0.040300241293081664
9456	0.0362031332920539
9486	0.04465725902749406
9495	0.035987611560819956
9543	0.07468393658998176
9555	0.040924822295498486
9576	0.13264816716885636
9683	0.03833653390235621
9689	0.03808017369819929
9697	0.07113537024507045
9727	0.05846361545966444
9770	0.05718067629051078
10001	0.03664596972755679
10098	0.07677825442773607
10158	0.05324427902681342
10172	0.08930238497096328
10204	0.06456312373546506
10422	0.04227917902966941
10446	0.06562089378922534
10705	0.03758309815328551
10749	0.02787212423773861
10833	0.047579899144507116
10980	0.07184104369305754
11149	0.03348599015225774
11165	0.02989631640364165
11210	0.017003376160396568
11240	0.08385241530194461
11634	0.019597578137225277
11659	0.020186440280007798
11707	0.03970614005608993
11777	0.03314296296352076
11778	0.05602011664322167
11779	0.038866037322439165
11876	0.03457716693416327
11894	0.04554573836574324
12062	0.06340082619434298
12068	0.05308356828948302
12088	0.07677825442773607
12137	0.08521847192645061
12167	0.0683380369290215
12168	0.06340082619434298
12367	0.08521847192645061
12425	0.025045772653543182
12441	0.05718067629051078
12662	0.03264588741860698
12666	0.03833653390235621
12675	0.02219025688914214
12681	0.0539859558644578
12749	0.13739041051066386
12751	0.04936503979421304
12776	0.02652354253802709
12785	0.02478760058122885
12982	0.0912774594711738
