42
t_index	tf-idf
71	0.26804849202748615
208	0.08285522024752884
557	0.08557118999525515
778	0.07248235659535332
804	0.18604541605954886
1019	0.0985449235660899
1669	0.09597716533377562
1680	0.146137288495768
1862	0.08633839188426193
1964	0.14362889466765177
2188	0.19002668188144936
2217	0.1248392635333457
2323	0.13971039133946395
2509	0.08711761308965603
2666	0.19666843582829321
2794	0.16427906991044455
3264	0.1712603423746668
3403	0.0676531149876648
3723	0.12712652948157677
3724	0.18235933964807452
5304	0.13749939313375228
6983	0.20717879582142662
7341	0.08285522024752884
7498	0.1515687815263278
7505	0.19666843582829321
7671	0.19666843582829321
7912	0.05478063187350847
8329	0.14877893241905862
8386	0.20164651396272695
8617	0.0816680691535569
8836	0.20320307984644598
9656	0.14877893241905862
10110	0.1048583643099076
10226	0.17892768460804165
10481	0.19841624730725552
10817	0.18235933964807452
10887	0.17571758570123064
11167	0.10637723865274983
11503	0.24318849524575417
11800	0.1841682397086657
12676	0.05316732494607875
12971	0.13896241830200048
