85
t_index	tf-idf
147	0.11076550771679293
287	0.06772880076622138
478	0.029614362072724894
621	0.1271151740225135
622	0.1650779235597993
742	0.03007238777486073
1054	0.08407846707194193
1258	0.041562916757953317
1281	0.1271151740225135
1500	0.04407601440771636
1669	0.09102945501621708
1919	0.07476952875929406
1996	0.07635830178915592
2167	0.06001063922820687
2876	0.1964985401366477
3042	0.04106631773160471
3442	0.054204955144614396
3452	0.07806617510535183
3668	0.1271151740225135
3694	0.08407846707194193
3998	0.054637766966744376
4044	0.11602892464263766
4087	0.0673513913946928
4332	0.03640008669029473
4422	0.03828810066102382
4809	0.055527970066596176
4854	0.07866336098988655
5195	0.11602892464263766
5213	0.0533624519245156
5246	0.02931387925123712
5315	0.03109638353347933
5458	0.13916431556592807
5485	0.08407846707194193
5524	0.051379134460500825
5626	0.2621997498275309
5627	0.0732792912050714
6106	0.27832863113185613
6287	0.13916431556592807
6608	0.0732792912050714
6782	0.0688986727070668
6788	0.1650779235597993
6953	0.06661421944647201
7048	0.13916431556592807
7104	0.13916431556592807
7176	0.09945282009348692
7198	0.0823789815321353
7237	0.05575587118732912
7313	0.08565155536993124
7805	0.13916431556592807
8214	0.33940759889168665
8242	0.1012015660286422
8254	0.09326499938856408
8399	0.057918812681338104
8515	0.1487282572540788
8617	0.038729002890538704
8731	0.13237859094835822
8773	0.09011531664876639
9014	0.17760552863609955
9120	0.13237859094835822
9182	0.11602892464263766
9441	0.02369486389467002
9448	0.06661421944647201
9462	0.0732792912050714
9468	0.05669015499987822
9528	0.036299499832108596
9761	0.06772880076622138
9802	0.07012960846527369
10063	0.0480164164115793
10161	0.06486619153942896
10258	0.1729585495419885
10417	0.10851737098762078
10455	0.1487282572540788
10536	0.08055137496061565
10654	0.05717155094320006
10715	0.051570128074878145
10719	0.06589938951507619
11050	0.04311870576473856
11263	0.09824927006832385
11468	0.07866336098988655
11493	0.039752239192567276
11590	0.045964028378445446
11961	0.1487282572540788
12306	0.13237859094835822
12423	0.11105594013319235
12718	0.05295222275849013
