208
t_index	tf-idf
22	0.08228935570331629
73	0.024358871019567695
81	0.025582207661261073
136	0.15193722602871979
188	0.03402574569093121
189	0.03767861096556854
268	0.04461074473774775
472	0.03819138004069558
478	0.015126661560530564
566	0.05091497165343132
617	0.038456187507219824
702	0.04949589163863433
715	0.04148408775292245
741	0.0516925481950826
749	0.0353985751509822
902	0.0710834661134733
916	0.07251906190154313
946	0.05438103853952092
1009	0.05438103853952092
1120	0.0371867771775785
1542	0.059266185440407515
1553	0.048844475984990525
1573	0.038726946198718554
1616	0.039907680168429
1624	0.040493262198014336
1635	0.037430184541290226
1646	0.07565948045807115
1647	0.0516925481950826
1669	0.023248377842622195
1848	0.04294627427064664
1917	0.020727756967337845
2003	0.034790971380946445
2004	0.07342847207073905
2078	0.017699856721635217
2112	0.22506819794807026
2128	0.05252379188433696
2139	0.04553799096455468
2212	0.040493262198014336
2363	0.028247727065059677
2378	0.04553799096455468
2386	0.01880046212230489
2461	0.031829089134482944
2488	0.048844475984990525
2498	0.03541884816556211
2503	0.0780078595401699
2509	0.10551172139811822
2650	0.05657769509596919
2791	0.06492890888294538
2811	0.031675606107084385
2818	0.08892662818261567
2853	0.06273225232649711
2899	0.032793464064681956
2926	0.04183333698075719
2966	0.08114208409201804
3042	0.04195236678323234
3294	0.0371867771775785
3329	0.0516925481950826
3466	0.032627278606253474
3494	0.03214204841103815
3533	0.04703938000731537
3552	0.05657769509596919
3588	0.027797272555462885
3809	0.048226481308993
3810	0.048226481308993
3855	0.03900392977008495
3861	0.048844475984990525
3970	0.059266185440407515
4048	0.05018455076773338
4072	0.03214204841103815
4074	0.029709913582783864
4087	0.034402284295587594
4135	0.02162062869232279
4239	0.07596861301435989
4276	0.013236360687862778
4310	0.03391638309401105
4332	0.018592728446620167
4422	0.05867131013045754
4564	0.040493262198014336
4838	0.2024663109900717
4958	0.06273225232649711
4972	0.04871774203913539
5016	0.05091497165343132
5128	0.04148408775292245
5416	0.07596861301435989
5429	0.026638906834154038
5494	0.04707815998569474
5524	0.026243846696694263
5586	0.07596861301435989
5600	0.015883660377767377
5686	0.029709913582783864
5715	0.029971842479298984
5726	0.032793464064681956
5732	0.0516925481950826
5765	0.019446058768486693
5879	0.29558552063896476
5881	0.0710834661134733
6052	0.034402284295587594
6077	0.2824689599141685
6153	0.03459506048367045
6238	0.05438103853952092
6239	0.0710834661134733
6401	0.04374978893795839
6432	0.14039282432465577
6645	0.04334133440810642
6670	0.02395041648971572
6686	0.041144677851658144
6796	0.026943942233596353
6807	0.020605438609969186
6831	0.07596861301435989
6849	0.013915315221418305
6861	0.04763864498345037
7039	0.022371754609264976
7183	0.06554997426706038
7202	0.025309405333981714
7416	0.03421254407947895
7589	0.05751232814320968
7640	0.031080509609754794
7706	0.06492890888294538
7724	0.06492890888294538
7767	0.038726946198718554
7794	0.033306233139809
7897	0.027470150523408392
7913	0.009541419122741883
7996	0.027622001352286478
8015	0.10679349897903836
8072	0.4767546784891706
8076	0.036948190079870595
8271	0.03499012062113022
8288	0.03499012062113022
8361	0.054940301046816784
8399	0.029584236029358214
8623	0.03770592009452983
8628	0.03928743119647419
8656	0.029581054015245363
8721	0.029418399902775654
8760	0.03603845585428023
8792	0.0534166636093219
8794	0.016724443573137404
8797	0.03867205656065571
8812	0.04294627427064664
8871	0.04602982475254474
8893	0.056958862824200054
8930	0.025674531903955022
8957	0.023248377842622195
9020	0.0676173992273837
9048	0.04183333698075719
9125	0.026051070508611406
9309	0.03519261706364582
9336	0.03421254407947895
9358	0.04949589163863433
9364	0.034790971380946445
9391	0.02897489334439726
9431	0.044172578097360776
9447	0.06273225232649711
9457	0.031984552642648004
9495	0.035608115297127756
9659	0.029971842479298984
9781	0.06218327090201354
9787	0.07822841350727672
9907	0.07596861301435989
9949	0.042204688559247285
10103	0.015049675645453564
10121	0.04219301308480815
10184	0.03065271598310876
10349	0.03819138004069558
10421	0.0253996548549676
10556	0.026051070508611406
10849	0.04763864498345037
10878	0.026243846696694263
10904	0.028363022248393342
10953	0.02521982681935705
11015	0.0336606191209579
11050	0.044049037249532345
11125	0.04553799096455468
11128	0.0710834661134733
11145	0.0710834661134733
11168	0.041144677851658144
11210	0.05047221689635571
11215	0.0758645356044431
11234	0.034790971380946445
11410	0.02673972963771045
11441	0.02790831716379537
11566	0.06492890888294538
11594	0.08508906674518003
11596	0.03819138004069558
11637	0.15193722602871979
11644	0.029202543680821737
11730	0.04506544982234571
11777	0.032793464064681956
11897	0.05784710542561052
11941	0.060875005671313154
12136	0.04602982475254474
12191	0.10036910153546676
12248	0.05657769509596919
12257	0.038726946198718554
12275	0.0298401662537194
12298	0.040180302921459125
12366	0.05784710542561052
12469	0.056267049487017565
12568	0.028956652396945375
12610	0.05559454511092577
12664	0.03987526752201681
12676	0.012878626441292989
12703	0.05438103853952092
12749	0.022656933715071506
12802	0.0676173992273837
12958	0.021102344279623642
13002	0.025767569082222174
