253
t_index	tf-idf
150	0.019419982369335734
198	0.06185263852101366
205	0.018764143805277668
208	0.008181520891432025
218	0.029746143252310647
465	0.03071951189655371
557	0.008449708739646487
613	0.03838299923184512
648	0.04091565120968431
773	0.026736633428041844
844	0.028977307376280105
879	0.01783468295818382
927	0.028977307376280105
953	0.0207555830395336
998	0.012912619835247226
1054	0.03501425741451509
1124	0.01637957533427706
1190	0.01133160993832304
1322	0.03437313446753685
1351	0.020457825604842154
1387	0.05781119427265686
1470	0.026468390656473283
1616	0.005422813387053146
1665	0.019911541623349852
1678	0.025572919519279293
1691	0.015359755948276856
1786	0.02534005527911603
1837	0.014691143661859803
1839	0.04721693316163952
1873	0.01919149961592256
2041	0.6379808893794408
2078	0.014430759128154731
2187	0.021775402425533805
2196	0.01965961494247166
2198	0.020457825604842154
2217	0.012327226209980637
2275	0.01151523855827217
2298	0.014263787851214915
2404	0.05293678131294657
2441	0.034106875495682684
2480	0.014781265336765803
2493	0.03096874661053604
2508	0.014102740850256732
2509	0.008602409955285476
2531	0.034702390365065575
2574	0.03437313446753685
2634	0.03437313446753685
2738	0.021072563565216536
2795	0.03437313446753685
2848	0.01081864047830989
2856	0.02259588747292337
2859	0.03437313446753685
2926	0.017053437747841342
2963	0.01637957533427706
3041	0.04216967787412466
3047	0.012611206655334111
3050	0.015258484453648111
3071	0.024159970896534412
3076	0.023064002799472468
3195	0.024159970896534412
3274	0.023581480285023357
3289	0.016911065649528913
3327	0.024159970896534412
3356	0.045185995540756224
3432	0.008867960759958169
3437	0.01919149961592256
3553	0.017351195182532787
3627	0.02017709242802255
3629	0.028977307376280105
3704	0.02259588747292337
3717	0.03092631926050683
3762	0.028977307376280105
3771	0.036493198079831674
3830	0.018563646845409718
3923	0.011068431262881949
3930	0.0207555830395336
3946	0.008041182959012641
3949	0.023064002799472468
3985	0.01965961494247166
3988	0.021411421603591666
4013	0.010941948046218355
4021	0.01650715376634904
4067	0.051160313243524026
4068	0.03096874661053604
4072	0.026205531818696455
4083	0.025199536300227206
4094	0.02903142906418622
4129	0.024815809460592482
4130	0.036371306387533234
4151	0.03437313446753685
4159	0.03096874661053604
4199	0.03437313446753685
4203	0.027564358753535228
4264	0.03437313446753685
4270	0.03437313446753685
4276	0.005395827091256745
4285	0.12643538139129923
4332	0.007579360386019506
4338	0.028977307376280105
4346	0.029746143252310647
4405	0.013946807325531977
4408	0.048319941793068824
4422	0.023917468868292532
4423	0.0385525176854101
4425	0.051145839038558585
4515	0.04354714359627933
4641	0.026468390656473283
4655	0.03096874661053604
4665	0.03437313446753685
4806	0.5932769425404225
4812	0.02216853166227848
4823	0.026468390656473283
4906	0.021072563565216536
4930	0.027564358753535228
4949	0.009698378052347417
5054	0.02475966839875136
5098	0.021775402425533805
5113	0.021072563565216536
5117	0.006150694970731569
5210	0.012006797812286286
5213	0.02222265335018459
5726	0.013368316714020922
5938	0.015159258988408905
6043	0.03437313446753685
6091	0.03566936591636764
6153	0.014102740850256732
6404	0.04519177494584674
6454	0.0073537406425845464
6495	0.03437313446753685
6526	0.010391284667665002
6557	0.028712398860826317
6615	0.03096874661053604
6646	0.007904743811063566
6667	0.02582523967049445
6807	0.016799690866818137
6834	0.012382723901920932
6849	0.011345208343250408
6959	0.2026001668879215
7015	0.01180423329040988
7106	0.021072563565216536
7239	0.023064002799472468
7286	0.017351195182532787
7597	0.015359755948276856
7656	0.026468390656473283
7662	0.05115930441003948
7717	0.05914796117752541
7741	0.01965961494247166
7996	0.016890240458776358
8013	0.017668175708215727
8182	0.03096874661053604
8244	0.03437313446753685
8251	0.018764143805277668
8295	0.016133949479764688
8305	0.012729561622763874
8325	0.026468390656473283
8565	0.06257180764771529
8566	0.029562530673531606
8586	0.028977307376280105
8610	0.025572919519279293
8676	0.011242307596720897
8809	0.019419982369335734
8820	0.021775402425533805
8824	0.010983748243020317
8860	0.03096874661053604
8889	0.024159970896534412
8968	0.021239534842156356
8976	0.02216853166227848
8999	0.013795672524665811
9030	0.018371014568532993
9051	0.013102765909348228
9111	0.018371014568532993
9125	0.03185930226323454
9198	0.009236141234553413
9211	0.01151523855827217
9215	0.011754871131408093
9504	0.03096874661053604
9519	0.021411421603591666
9535	0.017053437747841342
9555	0.01650715376634904
9615	0.015463159630253414
9648	0.014182604292476432
9679	0.037127293690819435
9714	0.018563646845409718
9787	0.015944979245528356
9919	0.03437313446753685
9954	0.027443628176117042
9968	0.03437313446753685
10030	0.0415111660790672
10068	0.013167819754152973
10075	0.0415111660790672
10151	0.017668175708215727
10204	0.06944462888182941
10213	0.03810759693590693
10258	0.018007033746590857
10337	0.02216853166227848
10345	0.021072563565216536
10349	0.0155687872169447
10358	0.02432879871988778
10372	0.026205531818696455
10421	0.010354216616405483
10480	0.012729561622763874
10534	0.02216853166227848
10568	0.036742029137065986
10574	0.027564358753535228
10584	0.016772704571021736
10603	0.047162960570046715
10638	0.028977307376280105
10688	0.012058771773252602
10761	0.017507128707257544
10775	0.027564358753535228
10894	0.04723225685734611
11073	0.018764143805277668
11157	0.04091565120968431
11186	0.008325986996801777
11330	0.021072563565216536
11356	0.024159970896534412
11564	0.03209505897976776
11600	0.03437313446753685
11626	0.055128717507070456
11645	0.0207555830395336
11648	0.01919149961592256
11659	0.00407113158966561
11662	0.03096874661053604
11674	0.01783468295818382
11678	0.015159258988408905
11748	0.013167819754152973
11755	0.017351195182532787
11852	0.021775402425533805
11862	0.012670027639558015
11959	0.03437313446753685
11966	0.03096874661053604
12115	0.03096874661053604
12122	0.04433706332455696
12261	0.03251045417094169
12298	0.01637957533427706
12425	0.02020457987105458
12483	0.033276269375955285
12525	0.04214512713043307
12577	0.013721814088058521
12628	0.014691143661859803
12631	0.02360846658081976
12665	0.021411421603591666
12741	0.026468390656473283
12768	0.027443628176117042
12775	0.024815809460592482
12778	0.01965961494247166
12792	0.018764143805277668
12798	0.05021232717511436
12840	0.019996310861840658
12843	0.015900024627757536
12912	0.03437313446753685
12958	0.01720481991057095
12973	0.018185653193766617
