66
t_index	tf-idf
193	0.09963426870638022
194	0.11042452490217955
224	0.13653460863150857
475	0.12629805053583126
660	0.061587348239702654
778	0.09941323597073326
1040	0.04508504962821858
1142	0.20124531092763717
1428	0.07375351922392537
1500	0.12747651850060304
1996	0.05521081364491444
2167	0.08678129663725058
2498	0.033424918158412115
2542	0.42038535740041566
2781	0.06476265960726896
2794	0.05632927345765476
2948	0.0892481521016506
3041	0.1464326865380745
3050	0.10596907463778044
3314	0.07777109482094435
3442	0.0783857054700832
3496	0.06065277010229875
3702	0.08599712490239882
3971	0.13328358143225677
3998	0.07901159400597328
4475	0.1776020826627082
4815	0.09849716447220362
4915	0.07901159400597328
4949	0.06735453647553431
4991	0.1441460280638242
5091	0.20282864617174667
5213	0.15433472561897865
5310	0.04750521108372725
5626	0.2843750028407556
5712	0.07429929035793632
6531	0.17764884067985656
6606	0.08163673266933498
6671	0.07216672297142485
6782	0.09963426870638022
6834	0.08599712490239882
6849	0.03939582706785899
7198	0.05956406168103763
7619	0.07686945726376194
7805	0.20124531092763717
7937	0.1677892563287532
8399	0.05583753957430546
8502	0.11843489587851419
8721	0.04164340429022431
8968	0.07375351922392537
9014	0.08561169743236986
9461	0.07716736280948933
9468	0.1639590986107597
9943	0.20124531092763717
9986	0.08485366694404099
10478	0.0892481521016506
10516	0.14634743496546357
10654	0.08267569526707366
11017	0.08882442033992828
11089	0.10887380476956061
11090	0.13828422127032125
11659	0.0282737154267215
11699	0.04688388300885986
11703	0.09011174172608888
11812	0.09429370303003257
11841	0.04153796381007032
12718	0.07657413101919412
