150
t_index	tf-idf
194	0.13361273670334084
323	0.10597580027699764
336	0.16127200084004992
376	0.03918113387392677
413	0.02407496826376846
546	0.05734855611896127
643	0.04304450348311159
827	0.08996333981051187
1040	0.02727626345039101
1500	0.1156841280324819
1537	0.10548735940946728
1602	0.14442394501898523
1616	0.02278477405660069
1720	0.03703205530643291
1786	0.05323504543738155
1800	0.08489261097747032
1921	0.05704728966185518
1998	0.055884368722090384
2167	0.10500463143164147
2498	0.060665800371614065
2709	0.04047944784740128
2727	0.04877988952851978
2781	0.03918113387392677
2794	0.06815794217684297
2963	0.0688212734787429
2973	0.07640978391049513
3041	0.04429557656803741
3042	0.07185648433544747
3107	0.05505326100171472
3432	0.0372600839890321
3433	0.03636270844238505
3442	0.04742301873409793
3694	0.14711772045375807
3702	0.05202789514832558
3839	0.036472769427550074
3946	0.033786251488261886
3998	0.04780167863879575
4074	0.05088747319071568
4197	0.06411083987373789
4247	0.03349762600294606
4252	0.060278309202998134
4332	0.03184583380672985
4344	0.1112109633330582
4458	0.06990764987302442
4791	0.08853957629689484
4809	0.09716100521471441
4815	0.05959036597308666
4854	0.0688212734787429
5091	0.061355234538812496
5093	0.07355886022687903
5117	0.051686158160550236
5209	0.07423552366104516
5213	0.04668592660140105
5239	0.07718860787905657
5246	0.05129245624100929
5294	0.05202789514832558
5310	0.028740450847261904
5315	0.027205711635339375
5429	0.04562741838934578
5600	0.05441142327067875
5626	0.3440913367137677
5649	0.0756592871746622
5688	0.07964016461357958
5712	0.044950754955179674
5800	0.07165260875481097
6185	0.0815960054101982
6217	0.0756592871746622
6373	0.05451722084289321
6432	0.05343697867853689
6557	0.040213168207043515
6585	0.039690700153809766
6625	0.15437721575811314
6782	0.060278309202998134
6807	0.03529322634769822
6849	0.07150292392778448
6953	0.1165593576579585
7020	0.05704728966185518
7176	0.04350481370079043
7198	0.03603600421835707
7275	0.04088542262809546
7394	0.042743237026005486
7439	0.033980935817101335
7589	0.024626940165682176
7614	0.1165593576579585
7640	0.05323504543738155
7653	0.10151178711143617
7677	0.02377457888704596
7797	0.05451722084289321
7911	0.04429557656803741
8009	0.03956212412539488
8113	0.03784142907450753
8179	0.07640978391049513
8214	0.07423552366104516
8242	0.08853957629689484
8399	0.03378147417846302
8486	0.05959036597308666
8530	0.10744850534697217
8655	0.06453634743942312
8721	0.025194082645089527
8913	0.12175255798282186
8968	0.04462056573818514
9014	0.20717885266684152
9076	0.049184537509084754
9381	0.0585996292038871
9441	0.041460489041304255
9461	0.0933718532028021
9468	0.04959727898354791
9583	0.20853478489272315
9708	0.16520571612271767
9761	0.11850961518205871
9949	0.036144331951637396
9954	0.05765428594491843
9963	0.1673227325468282
10001	0.06210573127464544
10014	0.09314445271112248
10063	0.04200876855179568
10207	0.034778576588099325
10226	0.07423552366104516
10258	0.1513185743493244
10349	0.06541462406216886
10480	0.05348518650977646
10564	0.06935731363756441
10747	0.12175255798282186
10815	0.06249146934295316
10894	0.07938140030761953
10913	0.04545616109276406
11066	0.05274367970473364
11080	0.05023229480357342
11097	0.06249146934295316
11229	0.06288455524320688
11263	0.08595666139066066
11409	0.08720773447558648
11410	0.04580010881803699
11468	0.0688212734787429
11507	0.11581583974728586
11590	0.08042633641408703
11620	0.05675035812458485
11699	0.02836455000210458
11703	0.10903444168578642
11715	0.06497081371408442
11721	0.14574150782207163
11841	0.05026058320526476
12423	0.048580502607357204
12568	0.04959727898354791
12610	0.047611480188243294
12636	0.04686774615468367
12718	0.046327023889023614
12768	0.05765428594491843
12869	0.03098226070138729
13036	0.0756592871746622
