214
t_index	tf-idf
22	0.08125372902527736
73	0.02405231014715395
81	0.025260250872187973
136	0.15002506809142982
188	0.03359752542262892
189	0.037204418715867646
268	0.044049310309409714
472	0.03771073449786417
478	0.014936289742354811
566	0.05027419736974393
617	0.03797220931371285
702	0.04887297673796234
715	0.040962002877863654
741	0.05104198796758913
749	0.03495307757140344
902	0.07018886761716228
916	0.07160639616817212
946	0.053696643166514964
1009	0.053696643166514964
1120	0.03671877474656861
1284	0.07501253404571491
1542	0.05852030959506759
1553	0.04822975927014268
1573	0.038239560457275015
1616	0.039405434672789466
1624	0.03998364704481903
1635	0.03695911878383505
1646	0.07470729197950969
1647	0.05104198796758913
1669	0.022955792731107236
1848	0.04240578750930399
1917	0.020466894333187737
2003	0.03435312060657776
2004	0.07250436124310951
2078	0.017477100769036923
2112	0.2222356732772789
2128	0.05186277030211315
2139	0.044964886971892264
2212	0.03998364704481903
2358	0.05586565439614175
2363	0.027892224223987374
2378	0.044964886971892264
2386	0.01856385484829102
2461	0.03142851419300213
2488	0.04822975927014268
2498	0.03497309544636579
2503	0.07702611627889341
2509	0.10418383697622939
2650	0.05586565439614175
2791	0.06411176662146541
2811	0.03127696277773544
2818	0.08780747020954803
2853	0.061942755391838626
2899	0.03238075228731502
2926	0.041306856739924305
2966	0.08012089603823934
3042	0.041424388530440656
3294	0.03671877474656861
3329	0.05104198796758913
3466	0.032216658303449434
3494	0.031737534819495365
3533	0.0464473807573805
3552	0.05586565439614175
3588	0.027447438767251604
3591	0.06411176662146541
3796	0.08325864627103856
3809	0.0476195421708181
3810	0.0476195421708181
3855	0.03851305813944671
3861	0.04822975927014268
3970	0.05852030959506759
4048	0.04955296896524797
4072	0.031737534819495365
4074	0.029336008855427708
4087	0.033969325219684245
4135	0.021348529103276656
4239	0.07501253404571491
4276	0.013069778653876284
4310	0.05023430876116115
4332	0.018358735539125846
4422	0.05793292090031621
4564	0.03998364704481903
4838	0.19991823522409513
4958	0.061942755391838626
4972	0.0481046202943079
5016	0.05027419736974393
5054	0.019990965860724363
5128	0.040962002877863654
5416	0.07501253404571491
5429	0.026303651291618154
5494	0.04648567268259868
5524	0.025913563058656674
5586	0.07501253404571491
5600	0.015683761590232416
5686	0.029336008855427708
5715	0.02959464132860032
5726	0.03238075228731502
5732	0.05104198796758913
5765	0.01920132654192794
5879	0.2918655224909734
5881	0.07018886761716228
6052	0.033969325219684245
6077	0.27891403609559207
6153	0.03415967528398033
6238	0.053696643166514964
6239	0.07018886761716228
6401	0.0431991897967271
6432	0.13862595480631798
6645	0.042795875742265475
6670	0.023648996092692325
6686	0.04062686451263868
6796	0.026604847764449505
6807	0.02034611537484611
6831	0.07501253404571491
6849	0.013740188419738397
6861	0.04703910387356052
7039	0.02209020196239012
7183	0.06472501578348099
7202	0.024990881812377373
7226	0.02209020196239012
7416	0.03378197291909662
7589	0.05678852491456395
7640	0.0306893556792883
7706	0.06411176662146541
7724	0.06411176662146541
7767	0.038239560457275015
7794	0.03288706806931155
7897	0.027124433626142173
7913	0.009421338608009356
7996	0.027274373384407
8015	0.10544948315052023
8072	0.4707546331649202
8076	0.03648319031137168
8271	0.03454976351694181
8288	0.03454976351694181
8361	0.054248867252284345
8399	0.02921191297712937
8623	0.037231384154417645
8628	0.03879299164823687
8656	0.029208771009249436
8721	0.029048163928704167
8760	0.03558490525834918
8792	0.052744405072202065
8794	0.01651396337443292
8797	0.038185361615403736
8812	0.04240578750930399
8871	0.04545053094119131
8893	0.056242025058399876
8930	0.025351413197305262
8957	0.022955792731107236
9020	0.06676642182039125
9048	0.041306856739924305
9125	0.025723212994360582
9309	0.03474971150448064
9336	0.03378197291909662
9358	0.04887297673796234
9364	0.03435312060657776
9391	0.028610238981942683
9431	0.043616658076789494
9447	0.061942755391838626
9457	0.03158202116432058
9495	0.035159980616266406
9659	0.02959464132860032
9781	0.08186757733275095
9787	0.07724389453375495
9907	0.07501253404571491
9949	0.041673534790491754
10103	0.014860272709180042
10121	0.04166200625404605
10184	0.030266945914123055
10349	0.03771073449786417
10421	0.02507999552654093
10556	0.025723212994360582
10849	0.04703910387356052
10878	0.025913563058656674
10904	0.0280060683962311
10953	0.024902430659836564
11015	0.03323699403770103
11050	0.0434946720132554
11125	0.044964886971892264
11128	0.07018886761716228
11145	0.07018886761716228
11168	0.04062686451263868
11210	0.04983701476272755
11215	0.0749097664691462
11234	0.03435312060657776
11410	0.02640320522164621
11441	0.027557085858762397
11566	0.06411176662146541
11594	0.0840182051886933
11596	0.03771073449786417
11637	0.15002506809142982
11644	0.02883502429700868
11730	0.04449829284687841
11777	0.03238075228731502
11897	0.05711908896328599
11941	0.06010888252743681
12136	0.04545053094119131
12191	0.09910593793049594
12248	0.05586565439614175
12257	0.038239560457275015
12275	0.029464622272540514
12298	0.03967462641832578
12366	0.05711908896328599
12469	0.05555891831931972
12568	0.028592227600169766
12610	0.05489487753450321
12664	0.039373429945494434
12676	0.012716546558602122
12703	0.053696643166514964
12749	0.022371792036693507
12802	0.06676642182039125
12958	0.020836767395245877
13002	0.025443279485570427
