280
t_index	tf-idf
186	0.08414446360652625
194	0.07429869141476508
224	0.045933377404768654
230	0.021375312415244076
498	0.03276650224615706
546	0.06378018711832135
554	0.01991918178627817
556	0.028053081250489588
621	0.06184162715690444
643	0.02393596868309279
699	0.05974941864620013
705	0.035887044017996445
708	0.0306137375183383
725	0.05087677356243322
735	0.06440228342475317
746	0.03258578392048159
761	0.040186792427409274
778	0.016722447636691045
796	0.050026356679331016
907	0.12368325431380887
963	0.06770354352226803
1040	0.01516764592246964
1044	0.040904237063516924
1098	0.07235640830082106
1110	0.1607471697096371
1124	0.03826978390781229
1127	0.053887502280836545
1187	0.039511575535414414
1258	0.02022039006329467
1290	0.03496852381029743
1309	0.03474993860110969
1319	0.0385678623944062
1441	0.03351925576093203
1448	0.035650429933908885
1458	0.06446533510268276
1469	0.06440228342475317
1500	0.15010109763584248
1537	0.02932943729131197
1554	0.05539261011568198
1563	0.03453543933695828
1601	0.06184162715690444
1606	0.06770354352226803
1635	0.035650429933908885
1638	0.06770354352226803
1669	0.06642884683946629
1687	0.04537349190077799
1786	0.029602673450098652
1800	0.023603325783278624
1908	0.05644815854868527
1923	0.05087677356243322
1996	0.03714837088405379
2088	0.036885532329894416
2113	0.053887502280836545
2167	0.1167808833252586
2212	0.0385678623944062
2224	0.026061978032707385
2283	0.0771357247888124
2287	0.0237684419630927
2288	0.04923463750228352
2302	0.02566279425319137
2397	0.021375312415244076
2531	0.04053990879654948
2540	0.06770354352226803
2571	0.05974941864620013
2606	0.05974941864620013
2670	0.026061978032707385
2688	0.0527937820820302
2703	0.041280512626215626
2709	0.022509605584472275
2754	0.03453543933695828
2781	0.043575291499986096
2794	0.018950461004725597
2802	0.07225727963086091
2816	0.027125272999779824
2869	0.041280512626215626
2876	0.14339502993388942
2924	0.02071939809552681
2963	0.03826978390781229
2972	0.018057189160376737
2996	0.06743084164002354
3189	0.04849403367261737
3196	0.05087677356243322
3237	0.03519135365667554
3358	0.07235640830082106
3389	0.04537349190077799
3407	0.05087677356243322
3442	0.10548300474391123
3547	0.06440228342475317
3588	0.052951099746736036
3694	0.040904237063516924
3702	0.028931407453826517
3703	0.051795293770132235
3798	0.06184162715690444
3848	0.025565130884864142
3897	0.03313670778675532
3922	0.08031053317688894
3980	0.0306137375183383
4020	0.03223266755134138
4139	0.06770354352226803
4176	0.044329556493781515
4195	0.035650429933908885
4206	0.03918830411551131
4210	0.038873890570624105
4252	0.06703851152186406
4255	0.030169473914535574
4276	0.012606989654620926
4344	0.06184162715690444
4346	0.03474993860110969
4377	0.045933377404768654
4422	0.037254379169644976
4547	0.028931407453826517
4592	0.0527937820820302
4708	0.013187328978337137
4731	0.06770354352226803
4809	0.02701439893422954
4854	0.19134891953906147
4906	0.04923463750228352
5001	0.05087677356243322
5076	0.0527937820820302
5077	0.02932943729131197
5147	0.07235640830082106
5176	0.05509655386764709
5177	0.11289631709737054
5213	0.05192174547957055
5246	0.014261224162399786
5251	0.044329556493781515
5294	0.08679422236147956
5310	0.015981843807024894
5315	0.04538524148340318
5322	0.05974941864620013
5412	0.03046373046054017
5429	0.02537226287407984
5626	0.22323065491412475
5688	0.02214294894648876
5712	0.02499598731138114
5716	0.05087677356243322
5741	0.05974941864620013
5765	0.018521424997300123
5895	0.05644815854868527
5906	0.05087677356243322
5975	0.06770354352226803
6184	0.021399317744968328
6217	0.042072231803263124
6454	0.017181523913924385
6526	0.02427854267527349
6557	0.022361534155676505
6585	0.04414200555312995
6591	0.01868043968739804
6646	0.036937812039969
6685	0.035650429933908885
6689	0.04384116889406434
6782	0.13407702304372812
6796	0.02566279425319137
6849	0.013253660819176097
6984	0.03826978390781229
7020	0.06344513367832119
7029	0.028421306741645735
7039	0.021308007961232243
7041	0.07235640830082106
7097	0.04053990879654948
7176	0.07257580694695218
7226	0.04261601592246449
7362	0.016455566386837813
7409	0.03662764784766259
7431	0.11662167171187231
7439	0.018895946049405497
7487	0.057980481555398915
7513	0.06440228342475317
7589	0.041083271093888596
7619	0.02586065047379702
7640	0.029602673450098652
7653	0.05644815854868527
7664	0.03313670778675532
7717	0.019742180181773095
7799	0.05974941864620013
7843	0.035887044017996445
7913	0.027263212677736053
8113	0.021042669515429914
8193	0.04053990879654948
8214	0.08256102525243125
8238	0.15007907003799303
8243	0.05644815854868527
8320	0.053887502280836545
8399	0.09392515217670566
8405	0.05974941864620013
8448	0.06440228342475317
8486	0.03313670778675532
8497	0.08031053317688894
8513	0.08768233778812869
8530	0.05974941864620013
8556	0.04652198727047409
8721	0.04202939221464484
8783	0.02463165904441369
8794	0.007964609460180816
8824	0.02566279425319137
8833	0.03797925252870076
8897	0.06770354352226803
8938	0.02769630505784099
8999	0.03223266755134138
9014	0.25921566722569167
9125	0.024812377370089168
9133	0.06770354352226803
9266	0.024453742666380826
9304	0.06184162715690444
9338	0.040904237063516924
9391	0.013798588193940425
9406	0.030169473914535574
9441	0.01152756899226094
9448	0.03240786754244872
9461	0.07788261821935583
9468	0.08273940831836506
9668	0.03139467663210988
9721	0.05974941864620013
9761	0.0988503365623471
9782	0.03826978390781229
9787	0.018627189584822488
9847	0.0343248760620457
9887	0.05087677356243322
9947	0.06770354352226803
9949	0.020098956374421696
10030	0.04849403367261737
10063	0.046720044935148954
10117	0.06184162715690444
10118	0.13540708704453605
10161	0.031557450659346516
10207	0.019339494074589632
10252	0.06770354352226803
10253	0.12880456684950634
10349	0.03637543161771362
10417	0.0527937820820302
10421	0.02419193564898406
10536	0.03918830411551131
10541	0.11289631709737054
10708	0.03411810692719523
10852	0.05644815854868527
10863	0.06770354352226803
10864	0.06440228342475317
10887	0.04053990879654948
10913	0.025277030987171458
10983	0.08031053317688894
11005	0.0942848579831584
11050	0.04195456515551725
11066	0.02932943729131197
11089	0.07325529569532518
11160	0.028053081250489588
11170	0.06184162715690444
11186	0.019453112592001304
11209	0.0343248760620457
11221	0.042072231803263124
11223	0.05509655386764709
11236	0.04292264868636532
11238	0.11368522696658294
11353	0.022361534155676505
11410	0.025468291689806438
11438	0.06412593724573222
11445	0.10175354712486644
11448	0.053887502280836545
11468	0.11480935172343687
11590	0.022361534155676505
11659	0.009511927080962249
11703	0.0303156590317444
11715	0.036128639815430456
11766	0.04537349190077799
11767	0.02626690091600318
11835	0.044329556493781515
11946	0.04537349190077799
12148	0.03689047638694355
12322	0.10175354712486644
12333	0.05644815854868527
12568	0.0551596055455767
12626	0.018895946049405497
12631	0.02757980277278835
12636	0.026061978032707385
12718	0.025761295943943874
12862	0.0705649504824286
12869	0.01722845803461954
12880	0.033326387750147735
12881	0.04292264868636532
12891	0.04779834331129647
12958	0.020098956374421696
