220
t_index	tf-idf
230	0.016826549689297293
478	0.02268289542888621
638	0.01911195947797563
773	0.12293702631501661
807	0.043371759128154136
838	0.07876104546092652
879	0.0328020787516299
993	0.0400499670717741
998	0.07124782207545967
999	0.0321996312419373
1040	0.023879805153359076
1097	0.030601351624522814
1162	0.05726915197258932
1202	0.029674039210616444
1387	0.02126561320662329
1447	0.022471850978106465
1458	0.025373410766359232
1674	0.5061577928758854
1801	0.0506971875357473
1828	0.03762664063894746
1836	0.043371759128154136
1837	0.08106116365696937
1838	0.04564197401884687
1846	0.043371759128154136
1958	0.03136518935056385
2030	0.03489602727467826
2057	0.035297576258539416
2105	0.03875728495906776
2171	0.03191283367059648
2198	0.11287992191684237
2347	0.019180654597790957
2480	0.054372284695180705
2508	0.0259381799535537
2607	0.02126561320662329
2758	0.08710837491046744
2781	0.017151136633849234
2835	0.02945635723828308
2837	0.05329592462033432
2848	0.019897964981331537
3041	0.019389931093829273
3107	0.024098996333735797
3272	0.0150476962903179
3289	0.031103334357580302
3293	0.04155902754692302
3338	0.03615854787448073
3356	0.027702475146767273
3363	0.029674039210616444
3403	0.02457355189901137
3432	0.03262043378024074
3438	0.048681450451247936
3606	0.048681450451247936
3700	0.03615854787448073
3727	0.024339900336139208
3768	0.023088000977680895
3769	0.08649935840066272
3771	0.022373124697911057
3980	0.048197992667471594
4072	0.024098996333735797
4083	0.015449245274179051
4119	0.0506971875357473
4135	0.048631199069168574
4214	0.02945635723828308
4285	0.07751456991813552
4330	0.028833119466887575
4405	0.02565138238221288
4487	0.022774673681772207
4515	0.05339546683664565
4666	0.03084885655138693
4674	0.03875728495906776
4727	0.0569586388241309
4736	0.12686705383179617
4949	0.03567509009070438
4960	0.0506971875357473
4972	0.07305375636145336
5075	0.043371759128154136
5196	0.4484564487914569
5213	0.08174512851975688
5242	0.048681450451247936
5246	0.011226371448386013
5505	0.029036124970155813
5870	0.04703447333195072
5911	0.02945635723828308
5956	0.029036124970155813
6040	0.040773022043567114
6069	0.11287992191684237
6153	0.0259381799535537
6161	0.04968376613839339
6175	0.03938052273046326
6196	0.044435736247363695
6430	0.01636054217193768
6449	0.020124755923603344
6526	0.09555979738987816
6538	0.1013943750714946
6555	0.05934807842123289
6557	0.05280869700848013
6585	0.034748388018659836
6639	0.0569586388241309
6667	0.02374927402515322
6670	0.03591438801883519
6693	0.0632200901125145
6806	0.04703447333195072
6849	0.01043322212123152
6933	0.029897096586097127
6959	0.12420941534598348
6984	0.06025160315918783
7025	0.04241999916286433
7071	0.03875728495906776
7237	0.04270578554361098
7275	0.017897171431625503
7343	0.020758936597272855
7346	0.03191283367059648
7439	0.0148748036496463
7662	0.04704685628758754
7733	0.030601351624522814
7741	0.07231709574896146
7911	0.019389931093829273
7924	0.03938052273046326
7957	0.038174284958980086
7982	0.048681450451247936
7996	0.031065032048047538
8012	0.024218645297801197
8013	0.032495833670684156
8069	0.035297576258539416
8312	0.037160863561626185
8433	0.020758936597272855
8486	0.026085067169166618
8565	0.05754196379337287
8566	0.08155842704277105
8714	0.034142810789981375
8812	0.0321996312419373
8813	0.03344759363597396
8846	0.040773022043567114
8880	0.031103334357580302
8934	0.03875728495906776
9034	0.03378851578339049
9048	0.0627303787011277
9076	0.02153002324550777
9083	0.0328020787516299
9154	0.09573850101178945
9198	0.0339747707147186
9209	0.03711030783977053
9211	0.02117916886540012
9225	0.04564197401884687
9241	0.019249876122123935
9242	0.018388904506182618
9267	0.028250119466799905
9315	0.03084885655138693
9438	0.03615854787448073
9485	0.027881359501597775
9503	0.0506971875357473
9528	0.02780332585893959
9648	0.026085067169166618
9759	0.0506971875357473
9787	0.014663239770823141
9949	0.01582180796085284
10106	0.02735499520253096
10125	0.06499166734136831
10145	0.03938052273046326
10151	0.19497500202410492
10189	0.0321996312419373
10204	0.03193115614671195
10207	0.015223962657962265
10213	0.05607089954591636
10214	0.048681450451247936
10226	0.032495833670684156
10342	0.029243797673074508
10358	0.022373124697911057
10372	0.024098996333735797
10382	0.040773022043567114
10461	0.027881359501597775
10475	0.05766623893377515
10509	0.044435736247363695
10519	0.1592437647794778
10550	0.032495833670684156
10566	0.0569586388241309
10584	0.03084885655138693
10688	0.02217885130235275
10760	0.0259381799535537
10775	0.0506971875357473
10820	0.048681450451247936
10878	0.019676728665170097
10894	0.05212258202798976
10942	0.048681450451247936
10944	0.0632200901125145
11017	0.02352342814379377
11210	0.012614107584620992
11393	0.029243797673074508
11474	0.02067718613234263
11554	0.0257936430344865
11609	0.0569586388241309
11613	0.038174284958980086
11625	0.05329592462033432
11634	0.014538639661266563
11659	0.03743873084976294
11678	0.08364407850479331
11699	0.012416288773293437
11752	0.030601351624522814
11755	0.03191283367059648
11760	0.028833119466887575
11763	0.11080990058706909
11841	0.022001051134053127
11875	0.0569586388241309
11876	0.02565138238221288
11887	0.03136518935056385
12205	0.040773022043567114
12385	0.06169771310277386
12425	0.018580431780813093
12631	0.021710696562562654
12676	0.009655948725585542
12785	0.018388904506182618
12791	0.06979205454935652
12798	0.16161600684376629
12811	0.0303604476221194
12839	0.021093543914147354
12840	0.07355561802473047
12876	0.03311907144207966
12885	0.028250119466799905
12886	0.0632200901125145
12958	0.04746542388255851
12992	0.040773022043567114
