252
t_index	tf-idf
54	0.08033993975026647
230	0.021383139217883054
346	0.07238290238504469
413	0.013392387941947427
476	0.06442586501982289
560	0.13545666781910573
563	0.08033993975026647
631	0.04208763700757119
672	0.06442586501982289
719	0.05800171173801479
772	0.04434578824202501
898	0.04385722181388746
914	0.08033993975026647
1011	0.05977129654433106
1058	0.04781584519348187
1130	0.2552141637043061
1149	0.06442586501982289
1161	0.07238290238504469
1295	0.08033993975026647
1300	0.04293836528004518
1301	0.08033993975026647
1384	0.06772833390955287
1500	0.021450865540267487
1505	0.08033993975026647
1552	0.061864271139889467
1554	0.055412892721082595
1575	0.05977129654433106
1636	0.022443545983497123
1660	0.033531529200231995
1690	0.029476031166857566
1727	0.05390723377466766
1813	0.03413059964234939
1828	0.04781584519348187
1839	0.027589901416912525
1842	0.07238290238504469
1849	0.039202653338395635
1856	0.11600342347602959
1908	0.05646882765460108
1926	0.04091921459387413
2037	0.03413059964234939
2063	0.20838971187998823
2066	0.08033993975026647
2078	0.01686442532614394
2101	0.08033993975026647
2139	0.04338860252951245
2207	0.08033993975026647
2219	0.052813113098339776
2267	0.04485607573311798
2304	0.07277750175360642
2394	0.061864271139889467
2498	0.011249027405892821
2554	0.0356634837257631
2566	0.061864271139889467
2567	0.08033993975026647
2583	0.026914437286924154
2597	0.05800171173801479
2648	0.08033993975026647
2717	0.04715969070361743
2760	0.033727766087277206
2763	0.045390105897301164
2788	0.027706446360541297
2798	0.03241973403488997
2857	0.05800171173801479
2880	0.08033993975026647
2900	0.02022779397857947
2914	0.05004467437279299
2953	0.049252665299175845
2966	0.025770728722055405
3003	0.049252665299175845
3031	0.039202653338395635
3076	0.05390723377466766
3101	0.04338860252951245
3122	0.07238290238504469
3191	0.05800171173801479
3208	0.05646882765460108
3272	0.01912257656059777
3294	0.035431565164290656
3410	0.042505122228125615
3459	0.04208763700757119
3505	0.05404858109920317
3533	0.01493970872189428
3601	0.08033993975026647
3612	0.06772833390955287
3634	0.07238290238504469
3649	0.046539021801042135
3675	0.17931388963299316
3698	0.06772833390955287
3723	0.029340176583104855
3830	0.04338860252951245
3839	0.020289018541555157
3851	0.03952604312763778
3946	0.018794566292988965
3971	0.04485607573311798
3987	0.0356634837257631
4013	0.051148983670020395
4060	0.0356634837257631
4078	0.03333859056873224
4083	0.03926572810338145
4099	0.025005139863430535
4276	0.012611605840713625
4298	0.08033993975026647
4329	0.06442586501982289
4354	0.05977129654433106
4425	0.05977129654433106
4490	0.08033993975026647
4563	0.08033993975026647
4619	0.09431938140723486
4666	0.039202653338395635
4667	0.08033993975026647
4669	0.04020150725762615
4705	0.052813113098339776
4719	0.08033993975026647
4721	0.08033993975026647
4915	0.026591047497682006
4984	0.060361041589710875
5048	0.07238290238504469
5072	0.03124561597317383
5077	0.029340176583104855
5082	0.03743306853207937
5098	0.05089540264526698
5125	0.08033993975026647
5186	0.04055475292415748
5187	0.20118917520139198
5279	0.01821652491190579
5304	0.031734182401311394
5308	0.07238290238504469
5315	0.04540185978216356
5600	0.015133953260721188
5671	0.03638875087680321
5987	0.05390723377466766
6052	0.03277850005658754
6089	0.05181425917910926
6130	0.061864271139889467
6162	0.06772833390955287
6335	0.08033993975026647
6395	0.07238290238504469
6430	0.020790937976138364
6454	0.017187815115386088
6501	0.028184831343801262
6511	0.041684803452499
6514	0.08033993975026647
6526	0.07286229758154765
6532	0.036641059458462216
6551	0.05800171173801479
6591	0.03737455946627754
6656	0.052813113098339776
6671	0.02428743252718255
6685	0.0356634837257631
6849	0.01325851379093438
6861	0.045390105897301164
6873	0.08033993975026647
6880	0.04434578824202501
6984	0.07656759360910671
7090	0.07238290238504469
7094	0.04781584519348187
7107	0.07238290238504469
7240	0.05977129654433106
7300	0.08033993975026647
7394	0.02377714503608959
7400	0.07238290238504469
7475	0.08033993975026647
7717	0.0197494089953195
7794	0.06346836480262279
7812	0.16067987950053295
7892	0.032071841401025925
7912	0.012643099902571692
7959	0.08033993975026647
7968	0.08033993975026647
7996	0.03947736864402534
8033	0.08033993975026647
8071	0.061864271139889467
8086	0.05977129654433106
8270	0.028557174633015298
8275	0.06772833390955287
8305	0.029752660898179628
8361	0.026173562277127586
8399	0.0469797719452985
8413	0.04208763700757119
8433	0.02638040712274096
8437	0.042505122228125615
8572	0.042505122228125615
8620	0.028184831343801262
8623	0.01796310229479082
8640	0.07238290238504469
8646	0.05511672806883923
8647	0.04385722181388746
8655	0.035900184448665655
8707	0.035431565164290656
8794	0.007967525788378992
8797	0.01842336975751916
8808	0.03743306853207937
8814	0.049252665299175845
8819	0.08033993975026647
8921	0.03314884115196253
8944	0.048511790289379284
9210	0.04055475292415748
9315	0.039202653338395635
9333	0.04055475292415748
9382	0.05511672806883923
9438	0.045950196409445865
9474	0.049252665299175845
9528	0.017666200098646057
9576	0.083369606904998
9690	0.06772833390955287
9872	0.05004467437279299
9949	0.020106315825443328
10068	0.03077699668879884
10138	0.06772833390955287
10158	0.10039236969075122
10160	0.05977129654433106
10167	0.03476266266828887
10174	0.03413059964234939
10376	0.05089540264526698
10477	0.03888812466757646
10629	0.08033993975026647
10711	0.06772833390955287
10773	0.08033993975026647
10790	0.08033993975026647
10816	0.07238290238504469
10820	0.061864271139889467
10969	0.05390723377466766
10971	0.06772833390955287
11002	0.05977129654433106
11006	0.08033993975026647
11065	0.07238290238504469
11074	0.06772833390955287
11305	0.08033993975026647
11331	0.07238290238504469
11353	0.022369722074109758
11398	0.08033993975026647
11441	0.05318209499536401
11554	0.03277850005658754
11613	0.048511790289379284
11649	0.052813113098339776
11777	0.06249123194634766
11818	0.08033993975026647
11877	0.08033993975026647
11922	0.08033993975026647
12101	0.08033993975026647
12153	0.05800171173801479
12335	0.06772833390955287
12341	0.08033993975026647
12493	0.08033993975026647
12582	0.03124561597317383
12587	0.05977129654433106
12628	0.03433744448796276
12659	0.049252665299175845
12734	0.10362851835821851
12749	0.0431750576026037
12842	0.03770969826340143
12862	0.023530262868309445
12904	0.042505122228125615
