130
t_index	tf-idf
135	0.07064578008358227
167	0.06675403149731085
208	0.03555717324687247
218	0.06463888457195929
376	0.040527528261116615
638	0.045160883176705136
781	0.07903547883077257
878	0.08067825233658454
1036	0.10217415438047717
1040	0.05642713359957164
1428	0.09230775427786639
1691	0.06675403149731085
1786	0.05506437908069358
1810	0.06504547821426786
1845	0.04330358001769575
2202	0.08067825233658454
2224	0.048478278166491945
2271	0.0663139020730549
2386	0.03330819816641303
2397	0.03976054081011839
2428	0.12593638179000277
2559	0.09020448297692596
2581	0.05639061430782573
2591	0.047018186335714515
2806	0.055585027351157446
2834	0.10500007055009895
2845	0.043452329893662135
2874	0.07411483127663505
2899	0.05809916759086872
2966	0.04791897488105191
2976	0.05357455219123062
3035	0.07751015002739788
3041	0.045817720257407026
3047	0.05480874104537533
3054	0.11503254280310121
3294	0.06588266476341156
3330	0.0747520583230511
3433	0.0376122523353051
3465	0.05506437908069358
3533	0.027779405646453377
3727	0.05751432221692106
3804	0.08245807620610268
3979	0.07540889540375298
4287	0.03727432146492946
4310	0.030044304279175964
4391	0.07064578008358227
4829	0.08439991619172128
4861	0.0663139020730549
4899	0.0747520583230511
4958	0.11114079421682979
4972	0.0431558595608812
5170	0.07230990979009404
5232	0.08750595200407191
5631	0.06720342748165105
5712	0.04649541275825245
5747	0.0663139020730549
5757	0.14938683326961788
5765	0.03445198180783125
5778	0.04719532860396716
5984	0.13091993474038585
6252	0.06720342748165105
6260	0.25228064580805637
6432	0.027636625710623475
6449	0.04755408529789444
6748	0.19640501960533238
6752	0.08245807620610268
6796	0.0477357504013836
6849	0.07396000277991273
6907	0.05455612838329137
7039	0.07927069356148432
7202	0.40355902667114046
7614	0.18084708868229143
7674	0.07411483127663505
7677	0.04918310536092385
7860	0.0946366533606138
7912	0.02350901261598637
7913	0.016904237611906483
7981	0.13459124569644493
7996	0.024468523401436803
8014	0.06960432861854832
8143	0.14938683326961788
8279	0.12542912490844976
8312	0.04390490205847376
8361	0.04866801737864447
8399	0.01747115912820609
8620	0.05240783990847807
8623	0.033401207118880186
8647	0.08154961907048384
8721	0.02605983532016253
8794	0.029630180212227637
8833	0.07064578008358227
8959	0.15807095766154514
9056	0.0946366533606138
9242	0.043452329893662135
9353	0.09820250980266619
9441	0.02144260483563149
9528	0.032849137015134394
9535	0.07411483127663505
9549	0.0915820913234861
9781	0.03672272692670895
9849	0.06960432861854832
9904	0.06504547821426786
9986	0.053100187762332336
10110	0.04499978414169088
10167	0.06463888457195929
10182	0.2652556082922196
10184	0.10861294064605603
10198	0.07174066216679939
10449	0.08653624973997237
10536	0.0728947551640417
10556	0.09230775427786639
10649	0.1078503676713364
10700	0.06463888457195929
10714	0.0526361364249833
11080	0.05195844392413787
11210	0.029806689348830625
11296	0.07751015002739788
11590	0.04159502673465274
11659	0.01769327893499007
11721	0.10049978128218975
11843	0.055323115834289595
11849	0.07678650375031312
12391	0.029493928869632865
12437	0.061638089618219434
12518	0.05151831449988192
12666	0.06720342748165105
12676	0.022816664762132118
12873	0.06504547821426786
12971	0.05963547942552192
13002	0.09130321283317178
