38
t_index	tf-idf
111	0.16012879784966927
1258	0.10471834699112348
1433	0.20132200956198018
2498	0.05823569077529569
2757	0.24414352154887256
2863	0.2790752376519753
3251	0.20132200956198018
3442	0.13657013858118677
4915	0.13766061398828136
5054	0.0998642834990129
5117	0.1488472469940025
5600	0.07834777092261751
5626	0.1651539793472932
5627	0.18462819364591018
5765	0.09591966344695325
6184	0.055411917722070186
6849	0.06863870816639422
7029	0.14718965618351054
7183	0.08083297939068938
7198	0.10377749500949963
7677	0.06846669866207085
7911	0.12756364297156778
7913	0.047064020630384416
8399	0.09728483620787019
8553	0.12897309817737057
8576	0.1651539793472932
9266	0.12664224091394527
9337	0.1169610110753544
9461	0.4033423199919626
9806	0.12756364297156778
10063	0.12097802914892543
10161	0.3268625439921168
10750	0.2349824634535468
11410	0.13189643711599805
12148	0.0636834023290903
12423	0.1399034930827813
12509	0.1746070736187603
12862	0.12181507456746499
