298
t_index	tf-idf
76	0.022285641757405477
186	0.03764911847841494
194	0.03324378237106884
214	0.04405853032074032
323	0.10547007801600632
407	0.0472434969892853
423	0.031491636798150965
434	0.03694063385992169
478	0.012892737933929355
483	0.0534678776287958
556	0.05020764216279899
583	0.029652998758944005
660	0.018541138424689692
699	0.0534678776287958
705	0.0321141882463399
725	0.045528026290798614
741	0.04405853032074032
761	0.035961898014871936
765	0.05534012929515368
778	0.04489317908783059
827	0.08953402987846715
850	0.05534012929515368
907	0.05534012929515368
924	0.03255123096589714
948	0.05534012929515368
949	0.019372605997245662
996	0.04218627865438243
1007	0.0353576676311781
1011	0.0534678776287958
1012	0.07186737306402778
1020	0.036603916680124325
1040	0.013573049821650206
1104	0.05534012929515368
1110	0.21577138808923163
1127	0.04822223283433505
1160	0.06058577408961443
1187	0.0353576676311781
1211	0.05763158014239053
1213	0.02649050245806429
1233	0.03881288552627958
1258	0.07237836725492658
1419	0.06058577408961443
1458	0.028844001554053304
1469	0.05763158014239053
1510	0.03881288552627958
1537	0.07873797601107069
1631	0.03881288552627958
1635	0.03190244973607662
1720	0.0184276681660044
1848	0.036603916680124325
1862	0.017825049989539807
1890	0.0356553393117457
1917	0.017666656814439356
1933	0.0505136836815719
1939	0.05763158014239053
1987	0.0505136836815719
1996	0.033242910032297485
2027	0.0534678776287958
2204	0.022122639066274822
2224	0.023322045365303037
2283	0.03451316838945497
2302	0.022964828341971888
2308	0.04012560052846667
2311	0.05534012929515368
2393	0.03233038473536891
2450	0.045528026290798614
2473	0.05763158014239053
2523	0.05188491140005221
2542	0.04218627865438243
2607	0.04834867381668545
2616	0.06058577408961443
2621	0.06058577408961443
2623	0.04012560052846667
2670	0.023322045365303037
2709	0.020143138864491084
2754	0.030904679679969065
2781	0.09748539845033852
2794	0.050874516587838314
2802	0.03233038473536891
2823	0.0321141882463399
2951	0.036603916680124325
2973	0.07604515228157539
2998	0.0248898768029126
3042	0.017878395324702635
3050	0.06380489947215325
3148	0.05534012929515368
3237	0.031491636798150965
3245	0.14511156303973852
3275	0.03233038473536891
3314	0.023413325556777675
3356	0.06298327359630193
3389	0.04060331242563884
3440	0.037288767332085075
3442	0.047196713519185134
3496	0.01825977962114368
3588	0.02369213781252997
3605	0.05188491140005221
3694	0.036603916680124325
3702	0.025889807606829407
3739	0.08796514035367643
3820	0.07682025965995996
3834	0.06058577408961443
3839	0.018149359697821846
3847	0.0505136836815719
3946	0.016812510832762473
3979	0.03627789075993463
4008	0.021269631991483774
4074	0.05064463541142193
4094	0.03034946587586024
4099	0.022368123758487065
4135	0.0368553363320088
4252	0.02999532892271582
4271	0.05763158014239053
4287	0.017932019226847066
4332	0.06338772752461302
4377	0.041104336373516424
4389	0.046644090730606075
4422	0.050006660274995396
4466	0.03129223336916135
4633	0.07457753466417015
4708	0.023601852805951767
4854	0.23972499121469676
4915	0.023786783219150433
4949	0.02027737546781771
4993	0.05534012929515368
5001	0.045528026290798614
5054	0.017255843876513702
5072	0.027950485732745164
5076	0.0944869939785706
5117	0.025719754506652707
5239	0.03841012982997998
5246	0.0382857643954923
5279	0.016295429095959046
5294	0.025889807606829407
5310	0.05720659971715922
5315	0.0270758845053329
5446	0.027950485732745164
5487	0.024996291785521266
5626	0.14268721425463535
5627	0.1595122486803831
5686	0.025322317705710966
5688	0.019815029358228382
5712	0.022368123758487065
6040	0.04634998116797716
6158	0.05763158014239053
6184	0.019149577158278357
6190	0.06058577408961443
6309	0.03255123096589714
6373	0.02712853085556662
6430	0.018598347229619904
6442	0.017719183547511144
6526	0.04345221018646935
6546	0.05763158014239053
6561	0.04339578722075327
6608	0.03190244973607662
6770	0.05763158014239053
6782	0.11998131569086327
6792	0.12117154817922886
6811	0.04277323577256433
6849	0.03558085405028492
6944	0.0472434969892853
6953	0.029000782521924513
6969	0.02739527192863634
7029	0.025433334505078512
7078	0.0534678776287958
7176	0.06494580955889405
7226	0.11440720140868126
7275	0.020345157588013002
7301	0.03841012982997998
7341	0.034211858955778086
7348	0.04405853032074032
7365	0.0534678776287958
7394	0.021269631991483774
7416	0.05831998859823201
7429	0.0944869939785706
7437	0.05763158014239053
7439	0.01690938847509931
7516	0.03017087087126644
7562	0.058869242116667095
7564	0.05534012929515368
7575	0.03764911847841494
7589	0.02450941907285406
7597	0.0321141882463399
7653	0.0505136836815719
7674	0.0356553393117457
7677	0.011830562654211422
7799	0.0534678776287958
7913	0.024396992510549404
7996	0.03531412630810333
8211	0.041104336373516424
8214	0.03694063385992169
8238	0.13430104481770072
8288	0.029822737399103058
8320	0.0964444656686701
8399	0.058835467518287755
8504	0.03233038473536891
8510	0.05534012929515368
8560	0.037288767332085075
8616	0.05188491140005221
8666	0.045528026290798614
8677	0.04277323577256433
8711	0.06474947660320916
8715	0.03424642731638525
8721	0.012536927558810144
8824	0.045929656683943776
8884	0.03841012982997998
8970	0.0534678776287958
8993	0.05763158014239053
9014	0.2061901839563774
9026	0.05534012929515368
9068	0.03300770406764804
9198	0.05793279123868618
9262	0.02649050245806429
9293	0.038022576140787696
9328	0.023322045365303037
9374	0.020210037823737603
9406	0.05399542877360273
9441	0.01031565933528806
9448	0.029000782521924513
9461	0.11615784707520804
9462	0.1595122486803831
9648	0.029652998758944005
9671	0.07186737306402778
9761	0.2653741819737513
9802	0.03053122201759631
10065	0.05188491140005221
10116	0.06058577408961443
10213	0.015935077949629176
10349	0.06510246193179428
10378	0.037288767332085075
10421	0.043297206372596035
10475	0.032776931346326955
10477	0.03478702339001778
10478	0.026868543451879157
10568	0.03841012982997998
10583	0.05188491140005221
10584	0.0350683821935638
10615	0.13658407887239585
10654	0.07466963040873781
10695	0.04012560052846667
10717	0.0350683821935638
10744	0.022704840938284426
10769	0.027669126929199147
10922	0.020551230468380515
11050	0.018771911146010775
11066	0.026245992003690228
11070	0.044767014939233574
11082	0.04822223283433505
11089	0.032776931346326955
11091	0.027950485732745164
11186	0.06963191723937956
11191	0.03881288552627958
11209	0.0307162532204112
11238	0.025433334505078512
11288	0.041104336373516424
11289	0.03881288552627958
11353	0.040021268789495974
11410	0.022790774108588745
11445	0.045528026290798614
11468	0.0684928546327705
11590	0.020010634394747987
11688	0.06058577408961443
11703	0.1356426542778331
11724	0.08120662485127768
11748	0.02753128655186622
11760	0.032776931346326955
11767	0.09402169766241766
11782	0.0321141882463399
11812	0.02838752845230241
11835	0.039669127426715765
11841	0.012505184244737065
11925	0.04277323577256433
11946	0.04060331242563884
11998	0.039232084707158534
12048	0.044767014939233574
12099	0.05763158014239053
12123	0.04277323577256433
12148	0.022008085565984225
12197	0.05534012929515368
12208	0.0534678776287958
12216	0.049304175115201056
12277	0.04634998116797716
12317	0.07186737306402778
12322	0.09105605258159723
12345	0.05188491140005221
12399	0.05534012929515368
12423	0.024174336908342725
12483	0.03478702339001778
12582	0.027950485732745164
12636	0.046644090730606075
12655	0.07529823695682988
12718	0.046105948820895616
12768	0.028689578284258253
12770	0.05188491140005221
12838	0.029652998758944005
12862	0.06314635728286663
12885	0.0321141882463399
12958	0.01798592462058087
