251
t_index	tf-idf
111	0.03266890492876553
168	0.08805360559441432
194	0.07850178782525494
200	0.10845818095078064
219	0.08485372104861003
287	0.034814108653916855
376	0.06906053570969933
412	0.026025078440403367
434	0.043615762024806624
478	0.015222440191654358
482	0.16970744209722005
556	0.029640051395749527
638	0.02565198618588272
660	0.021891499866157897
692	0.052019853825979
725	0.05375488595264784
778	0.035336881748460516
847	0.0404347155951715
908	0.06738824898903305
1023	0.0715335506911337
1110	0.04246016978822748
1134	0.07297823635001725
1187	0.1252402671000303
1258	0.02136426281899773
1293	0.0715335506911337
1309	0.036715751718647875
1338	0.05693593238228296
1460	0.027218619194862397
1510	0.04582632731830066
1537	0.030988611231706605
1644	0.04074965645973184
1667	0.052019853825979
1786	0.0625546088629534
1800	0.04987714419533068
1804	0.08485372104861003
1806	0.03113209860534369
1810	0.036946702350303076
1813	0.03604817716164765
1917	0.020859000479374792
1921	0.03351712074413965
1996	0.039249863943287985
2004	0.036946702350303076
2071	0.05964144564509289
2078	0.017811928247867346
2224	0.055072621896096394
2275	0.028426585342533763
2386	0.018919502435288924
2393	0.03817244642134249
2422	0.05821338033365735
2467	0.039828362172244544
2498	0.10692933712439949
2542	0.049809288532484966
2599	0.06534002418345534
2673	0.0612604525651648
2794	0.02002249354136138
2802	0.03817244642134249
2806	0.03157303961870466
2869	0.08723152404961325
2876	0.10100461619372259
2882	0.041405196731312585
2972	0.019078689075090353
2996	0.10686813298810434
2998	0.058774895286265776
3107	0.03234556465855945
3198	0.04535079415147546
3251	0.08214599345987582
3403	0.016491255503600526
3432	0.043782999732315794
3442	0.2507629633143908
3494	0.03234556465855945
3496	0.06467789959434966
3569	0.036266643280549134
3694	0.04321820045508923
3702	0.06113612948437336
3771	0.030029107499271235
3801	0.04489320997618101
3845	0.04794028220768845
3846	0.03843319930044361
3848	0.027011357027072108
3919	0.04683729110161599
3930	0.05123735384392051
3946	0.019850511344820923
4012	0.05285636076399241
4013	0.027011357027072108
4020	0.034056077987055094
4040	0.06804553744626528
4074	0.029898030097612893
4086	0.040127748779938195
4087	0.03462011185021211
4135	0.02175752566803022
4176	0.04683729110161599
4252	0.14166179531297796
4276	0.013320170357476343
4422	0.03936186914532772
4633	0.04402680279720716
4809	0.057085221098261404
4831	0.031723656978765814
4854	0.080869431190343
4915	0.028085026373836242
5003	0.08485372104861003
5053	0.08485372104861003
5072	0.033001104930140204
5117	0.0607345665021564
5213	0.10971794440902198
5246	0.07533992672060891
5251	0.04683729110161599
5261	0.05821338033365735
5279	0.01923999355930289
5304	0.03351712074413965
5310	0.016885940892171766
5315	0.04795269646727654
5429	0.08042273526738558
5442	0.06312945888996131
5524	0.05282003370548895
5561	0.04107299672993791
5600	0.031968464311517696
5626	0.16847062247258263
5627	0.07533436816343911
5686	0.029898030097612893
5765	0.058707560564269366
6013	0.02711454523769516
6148	0.06804553744626528
6158	0.06804553744626528
6206	0.07644962924743766
6373	0.06406124758799824
6421	0.04632127528761655
6442	0.02092101873001681
6563	0.0312773044314767
6578	0.0612604525651648
6600	0.04737624834453145
6606	0.05803628743191179
6644	0.05821338033365735
6671	0.05130397237176544
6834	0.03056806474218668
6849	0.014003423878984964
6907	0.030988611231706605
6953	0.13696475634997263
6969	0.03234556465855945
6982	0.04853184058111058
7020	0.03351712074413965
7029	0.06005821499854247
7039	0.022513407545951533
7146	0.0612604525651648
7183	0.016491255503600526
7226	0.09005363018380613
7237	0.028659756789574744
7275	0.02402150312528083
7294	0.06534002418345534
7341	0.02019695038666331
7430	0.08149931291946368
7439	0.01996489466075726
7589	0.014469120829131942
7597	0.03791718348644417
7677	0.02793666222958221
7717	0.06257700143812438
7913	0.019203666500799417
7994	0.05285636076399241
8009	0.04648804523634151
8179	0.04489320997618101
8238	0.05285636076399241
8243	0.05964144564509289
8304	0.16970744209722005
8320	0.05693593238228296
8399	0.06946696582486088
8553	0.026312630453145965
8560	0.04402680279720716
8721	0.014802335309155474
8783	0.026025078440403367
8812	0.04321820045508923
8824	0.02711454523769516
8841	0.07124542199206955
8884	0.04535079415147546
8938	0.14631546140273585
8983	0.04737624834453145
9014	0.06086212562969487
9184	0.11387186476456591
9266	0.025837097286320776
9337	0.023861967381908603
9381	0.137716680966303
9397	0.03648911817500863
9406	0.03187616894646655
9441	0.024359373171722435
9448	0.06848237817498631
9456	0.03604817716164765
9461	0.08228845830676648
9468	0.02913999943075114
9495	0.03583357790342788
9583	0.0612604525651648
9618	0.03562271099603478
9668	0.03317068170229727
9761	0.034814108653916855
9963	0.04915374826090421
9986	0.03016161746920261
10001	0.07297823635001725
10069	0.05693593238228296
10100	0.04915374826090421
10107	0.06005821499854247
10213	0.018814527393690016
10271	0.04489320997618101
10302	0.04737624834453145
10321	0.16970744209722005
10352	0.036715751718647875
10358	0.06005821499854247
10371	0.0715335506911337
10466	0.08485372104861003
10688	0.029768354620170103
10714	0.029898030097612893
10744	0.02680757842246186
10768	0.03583357790342788
10798	0.08890453792564007
10855	0.10162125185371039
10953	0.02537951311102632
11089	0.07739936693700532
11091	0.033001104930140204
11238	0.06005821499854247
11244	0.02476658990112489
11353	0.04725306398565347
11391	0.0715335506911337
11410	0.02690903961341605
11468	0.0404347155951715
11474	0.11101130548984628
11564	0.026410016852744474
11590	0.07087959597848022
11611	0.08485372104861003
11659	0.010050019284331644
11699	0.016665087034089414
11703	0.03203062379399912
11707	0.03953619040651607
11767	0.02775282637246157
11779	0.03869968346850266
11835	0.04683729110161599
11841	0.014764856016359898
12270	0.07644962924743766
12277	0.054725367088788925
12322	0.05375488595264784
12353	0.04683729110161599
12365	0.03843319930044361
12391	0.0335058928307889
12423	0.08562783164739211
12484	0.17080779714684888
12509	0.10686813298810434
12608	0.07644962924743766
12610	0.02797327865592884
12626	0.03992978932151452
12636	0.027536310948048197
12644	0.16970744209722005
12718	0.05443723838972479
12862	0.049704552127732296
12869	0.07281230565098441
12880	0.07042334044726847
12951	0.08485372104861003
