202
t_index	tf-idf
198	0.5502227144425318
218	0.05570797089013866
348	0.03878233174393797
464	0.06437330574516145
465	0.028765437925461965
478	0.011548330285756536
541	0.044162915713868725
546	0.025561662483351705
554	0.015966318845091844
579	0.025697933789049436
648	0.03831299888537827
660	0.01660773619222946
705	0.028765437925461965
773	0.07510773333248665
833	0.06437330574516145
888	0.06437330574516145
924	0.02915690742560204
953	0.116611898823325
956	0.06437330574516145
998	0.02418249128284899
999	0.03278699386745053
1006	0.1287466114903229
1019	0.03644727764516544
1040	0.012157701733232508
1157	0.04789244252850181
1170	0.06437330574516145
1231	0.06437330574516145
1311	0.06437330574516145
1312	0.046474542239640676
1363	0.04789244252850181
1447	0.022881766398921963
1500	0.017187754063724036
1660	0.02686752551743336
1687	0.036369347223994306
1691	0.028765437925461965
1786	0.04745633912503415
1837	0.08253982338306909
2041	0.14056442450590098
2094	0.03946426760990238
2105	0.03946426760990238
2171	0.03249496474009505
2196	0.036818126223522187
2331	0.06437330574516145
2397	0.017133487564752282
2507	0.10853622145903018
2662	0.05426811072951509
2727	0.021742396957940866
2874	0.03193733068436499
3041	0.019743628338068486
3078	0.057997637544148176
3204	0.036369347223994306
3210	0.034404861703429455
3256	0.030914261176476488
3272	0.045966556785967776
3401	0.06437330574516145
3433	0.016207753831790902
3447	0.06387466136872998
3471	0.1287466114903229
3649	0.03728992937748977
3715	0.045246301142121616
3789	0.031159559577259344
3801	0.03405772069822236
3810	0.036818126223522187
3846	0.05831381485120408
3916	0.03553257562661532
3946	0.015059363575416065
3988	0.040098874038627386
4008	0.019051712409955675
4014	0.02656089229349959
4083	0.03146211869665945
4085	0.049569462625548746
4130	0.03405772069822236
4135	0.01650609819790868
4276	0.010105195015646365
4312	0.057997637544148176
4378	0.1287466114903229
4405	0.02611929653908177
4515	0.054369468723686816
4536	0.06437330574516145
4619	0.03778724751285544
4624	0.19311991723548436
4736	0.18085378054783258
4875	0.03831299888537827
4972	0.018596587673787034
4997	0.03946426760990238
5149	0.046474542239640676
5210	0.044972172515754125
5213	0.020809066160830125
5304	0.05085476122193791
5310	0.012810326081325143
5565	0.03778724751285544
5569	0.057997637544148176
5573	0.02686752551743336
5614	0.03728992937748977
5689	0.02626415220834794
5765	0.029691879932142756
5871	0.05162196934313489
5914	0.044162915713868725
5984	0.0282078038697319
5987	0.04319379442453546
6009	0.03850775515721931
6013	0.020570139873150015
6282	0.03887063294110833
6474	0.06437330574516145
6499	0.06437330574516145
6585	0.017691121620482343
6595	0.046474542239640676
6646	0.04441152935883811
6783	0.040098874038627386
6807	0.0629242373933189
6874	0.03405772069822236
6907	0.023509155765765566
6958	0.06437330574516145
6959	0.025295030919014683
7006	0.11599527508829635
7050	0.03372320583761411
7178	0.057997637544148176
7268	0.06437330574516145
7362	0.013190040762107006
7439	0.015146139170851614
7597	0.028765437925461965
7617	0.025836254363976085
7643	0.030914261176476488
7672	0.06437330574516145
7753	0.030675334888796375
7796	0.03728992937748977
7996	0.010543899375726811
8012	0.024660424490289684
8276	0.028765437925461965
8329	0.02751327446102303
8351	0.02915690742560204
8490	0.035141106126475245
8494	0.033088599408889106
8565	0.03906106873996749
8699	0.06437330574516145
8721	0.011229622517706582
8735	0.03372320583761411
8817	0.03278699386745053
8841	0.027024762592386457
8884	0.034404861703429455
9104	0.03405772069822236
9166	0.06437330574516145
9198	0.03459451416389874
9211	0.0215655041043816
9248	0.049569462625548746
9315	0.031411579311842165
9443	0.025295030919014683
9516	0.022583422032804182
9528	0.014155247114204763
9615	0.028959090233817465
9631	0.08156105980888548
9696	0.05426811072951509
9730	0.06437330574516145
9787	0.014930716095182515
9850	0.03340043079339974
10138	0.05426811072951509
10151	0.033088599408889106
10219	0.03920203716763352
10337	0.04151677432748853
10358	0.02278123922458876
10372	0.024538592975463205
10421	0.019391165871968985
10481	0.018346282571494753
10507	0.04078052990444274
10519	0.1891733381467052
10572	0.04789244252850181
10577	0.057997637544148176
10584	0.031411579311842165
10627	0.11599527508829635
10694	0.06437330574516145
10784	0.06437330574516145
10894	0.035382243240964686
10941	0.06437330574516145
10959	0.06437330574516145
11091	0.02503591111082888
11186	0.031185477546806145
11266	0.05162196934313489
11282	0.049569462625548746
11350	0.045246301142121616
11465	0.1227013395551855
11564	0.02003565746542397
11577	0.06437330574516145
11621	0.03831299888537827
11644	0.0222944513077698
11674	0.03340043079339974
11678	0.2555095617443049
11699	0.012642777825861023
11757	0.057997637544148176
11763	0.0846234116091957
11872	0.057997637544148176
12175	0.03405772069822236
12391	0.025418862682820655
12664	0.030442458022508903
12722	0.05426811072951509
12777	0.19311991723548436
12791	0.03553257562661532
12840	0.1497947339193362
12869	0.01380955589147303
12885	0.028765437925461965
12950	0.06437330574516145
12958	0.016110418056863786
12992	0.04151677432748853
