297
t_index	tf-idf
24	0.026314095532969102
47	0.035762684846840205
166	0.05212885536881652
198	0.6566218380464338
230	0.013874525859556633
399	0.034977900176522234
465	0.02329396223915043
473	0.033619866173489395
478	0.018703443368302545
575	0.023140378134056044
648	0.031025481051850917
667	0.041802951434477556
682	0.041802951434477556
737	0.043945770107828366
746	0.04230228713159924
763	0.026314095532969102
773	0.04054765789066351
808	0.043945770107828366
953	0.031477047500138584
979	0.01987110572255062
1019	0.014757319380749192
1040	0.00984518455177399
1188	0.046965903401647045
1218	0.041802951434477556
1233	0.02815284891856692
1319	0.025034057689720106
1323	0.046965903401647045
1396	0.041802951434477556
1447	0.018529424229267642
1461	0.046965903401647045
1462	0.03195776688270356
1483	0.03302366284664788
1546	0.023610970302009447
1562	0.05212885536881652
1635	0.023140378134056044
1645	0.023774681621715407
1691	0.02329396223915043
1810	0.04539551782461782
1873	0.029105024120915295
1950	0.05212885536881652
1964	0.02150874336508071
1973	0.046965903401647045
2041	0.3983967988884788
2105	0.03195776688270356
2251	0.017534806945139432
2273	0.029814948209352755
2287	0.01542788504102129
2360	0.034977900176522234
2386	0.023245934153769295
2422	0.035762684846840205
2441	0.02586252908468143
2493	0.046965903401647045
2506	0.034267976088084774
2509	0.05218421785838123
2541	0.036639999467308074
2591	0.01640709680735303
2607	0.017534806945139432
2670	0.0169165989783671
2788	0.017977426166886558
2811	0.019582738154410428
2824	0.046965903401647045
2830	0.035762684846840205
2858	0.0504653957337297
2891	0.01996976365757877
2976	0.018694954712543368
2986	0.017752829296112698
3041	0.031976383197260275
3047	0.019125627556109158
3106	0.05212885536881652
3169	0.02704733283355066
3195	0.036639999467308074
3319	0.03195776688270356
3327	0.036639999467308074
3338	0.029814948209352755
3356	0.022842395790862755
3432	0.01344877768737644
3433	0.013124875995890814
3555	0.037634616751436284
3600	0.04690155986045956
3613	0.034977900176522234
3640	0.03302366284664788
3668	0.04014085214369172
3702	0.018779120186576324
3717	0.02345077993022978
3727	0.020069745899695363
3771	0.018448018334839965
3872	0.025034057689720106
3897	0.08603497346032284
3946	0.0487796844783472
3947	0.031025481051850917
4013	0.03318819979557686
4072	0.03974221144510124
4083	0.02547770719787796
4135	0.013366472262098156
4186	0.020378006380574958
4195	0.023140378134056044
4234	0.04788414430749162
4285	0.03195776688270356
4332	0.011494540357502083
4408	0.07327999893461615
4415	0.030599732879670726
4423	0.019489044275013787
4431	0.019773737470704537
4445	0.02465199624218327
4479	0.046965903401647045
4515	0.022013924395901434
4622	0.05212885536881652
4686	0.05212885536881652
4736	0.04184387771985427
4775	0.026314095532969102
4806	0.031025481051850917
4816	0.031477047500138584
4874	0.05212885536881652
4949	0.014708153755381138
4956	0.02523269786686485
4976	0.05212885536881652
4984	0.019582738154410428
4989	0.034977900176522234
5075	0.035762684846840205
5146	0.038782818140658884
5186	0.052628191065938204
5213	0.016850972428731948
5246	0.009256834220071461
5301	0.03302366284664788
5304	0.020590837008190775
5310	0.02074734636634596
5322	0.038782818140658884
5411	0.032471664784266795
5423	0.043945770107828366
5430	0.033619866173489395
5432	0.08360590286895511
5516	0.027308712817097316
5529	0.046965903401647045
5542	0.05212885536881652
5712	0.01622467384802184
5748	0.08114199850065197
5791	0.05212885536881652
5856	0.014279683651798691
6091	0.02704733283355066
6175	0.032471664784266795
6394	0.038782818140658884
6458	0.0504653957337297
6526	0.01575898689275765
6557	0.014514673651320755
6633	0.05212885536881652
6645	0.026794814915534083
6726	0.035762684846840205
6807	0.01273885359893898
6907	0.01903747782672612
6959	0.020483661559141997
6969	0.01987110572255062
7071	0.03195776688270356
7106	0.03195776688270356
7128	0.046965903401647045
7176	0.015702771039509348
7212	0.05087356182500248
7237	0.017606774318516136
7331	0.017117020895790494
7362	0.03204348693472303
7398	0.05212885536881652
7416	0.06345343069739887
7508	0.041802951434477556
7619	0.01678591904405413
7656	0.04014085214369172
7657	0.033619866173489395
7662	0.019396514324863893
7717	0.02562894839943415
7742	0.046965903401647045
7816	0.046965903401647045
7888	0.030197009656889588
7978	0.046965903401647045
7996	0.017076687276447067
8113	0.013658610301186687
8251	0.05691382841263983
8312	0.03064141918394503
8329	0.022279972862959976
8417	0.024113311079144887
8433	0.017117020895790494
8436	0.034977900176522234
8443	0.05212885536881652
8494	0.053589629831068165
8496	0.021631862948364597
8565	0.0316312604941873
8566	0.04483329523736514
8598	0.029814948209352755
8676	0.01704961260587669
8715	0.02484057758565972
8783	0.015988191598630137
8790	0.034977900176522234
8800	0.020069745899695363
8833	0.02465199624218327
8889	0.036639999467308074
8968	0.016105494262290482
8999	0.020921938859927134
9041	0.043945770107828366
9048	0.05172505816936286
9104	0.05515919917170411
9125	0.016105494262290482
9198	0.028014289533979705
9205	0.04376876173276235
9242	0.015162783565916136
9341	0.03302366284664788
9397	0.02241664761868257
9441	0.007482442874934763
9528	0.022925553410209965
9559	0.08360590286895511
9677	0.05212885536881652
9747	0.06995580035304447
9932	0.046965903401647045
9986	0.018529424229267642
9989	0.019489044275013787
10031	0.05212885536881652
10075	0.031477047500138584
10082	0.046965903401647045
10121	0.02608489082709662
10151	0.026794814915534083
10167	0.022555877190139132
10212	0.02484057758565972
10213	0.011558476932042207
10219	0.0158727076543536
10271	0.027579599585852054
10302	0.029105024120915295
10372	0.01987110572255062
10405	0.036639999467308074
10451	0.023610970302009447
10475	0.07132404486514622
10480	0.038610239480382585
10497	0.04014085214369172
10507	0.03302366284664788
10508	0.036639999467308074
10509	0.036639999467308074
10519	0.04376876173276235
10584	0.05087356182500248
10603	0.035762684846840205
10608	0.036639999467308074
10628	0.05212885536881652
10678	0.045979793902794885
10744	0.016468910981195115
10760	0.06416287744557397
10761	0.026550577782360803
10780	0.06119946575934145
10804	0.021757051864957914
10820	0.04014085214369172
10853	0.03302366284664788
10878	0.03244934769604368
10888	0.037634616751436284
10894	0.014326092307844304
10939	0.03195776688270356
11055	0.026794814915534083
11080	0.03626202054396189
11186	0.050507371955715474
11187	0.09393180680329409
11303	0.026550577782360803
11350	0.036639999467308074
11363	0.10425771073763304
11412	0.020273828945331755
11441	0.017253695651513083
11447	0.041802951434477556
11465	0.09936231034263888
11519	0.016657492324671567
11554	0.04253689245891994
11555	0.02586252908468143
11613	0.031477047500138584
11616	0.038782818140658884
11659	0.018522322719116264
11675	0.05212885536881652
11678	0.06896969085419231
11760	0.023774681621715407
11763	0.022842395790862755
11786	0.022989896951397443
11827	0.02586252908468143
11841	0.009070610390524925
11872	0.046965903401647045
11974	0.038782818140658884
12115	0.046965903401647045
12122	0.033619866173489395
12261	0.02465199624218327
12337	0.038782818140658884
12362	0.041802951434477556
12391	0.01029196963783518
12425	0.015320709591972514
12483	0.02523269786686485
12628	0.022279972862959976
12631	0.017901805566108462
12664	0.02465199624218327
12676	0.02388577208616399
12762	0.02241664761868257
12769	0.05212885536881652
12798	0.01903747782672612
12804	0.031477047500138584
12840	0.060651134263664544
12872	0.036639999467308074
12892	0.05212885536881652
12958	0.03913816339378592
12973	0.027579599585852054
12988	0.035762684846840205
12992	0.06723973234697879
