74
t_index	tf-idf
73	0.036421463270844494
86	0.053884816549183104
99	0.0442296882915326
129	0.040597274236452055
212	0.04782340726599367
478	0.06785230087159476
620	0.12607527961299309
749	0.05292806483790019
778	0.05250338101892126
1554	0.304352802353606
1862	0.031270075219594524
2063	0.10062163074865095
2363	0.08447218698752072
2386	0.028110512187218068
2394	0.0970819159967034
2485	0.06882394386182722
2816	0.04258253858797865
2818	0.033240846009975115
2900	0.03174292624229862
2914	0.07853374466427998
2924	0.03252629269130759
3758	0.09102050671351397
3825	0.10628423000952916
3857	0.15973753875006158
4008	0.03731282620004382
4084	0.12607527961299309
4087	0.10287681501317224
4187	0.5043011184519723
4308	0.058742695060816065
4310	0.050711886447697016
4453	0.04903289425836328
4489	0.12607527961299309
4736	0.05060036851277488
4748	0.11267436362518646
5315	0.0712479021614799
5602	0.07986876937503079
5631	0.05671645034076658
5673	0.08861499346529114
5856	0.034535864953262614
5886	0.07210839189823544
6081	0.0813107059110612
6087	0.04293577715439404
6417	0.2941973655501797
6460	0.05060036851277488
6591	0.029325439188593296
6646	0.08698009084886904
6807	0.03080931890931096
6880	0.06959063785274172
7198	0.03145772889230476
7341	0.03000853864581389
8023	0.12015543954313374
8270	0.2240699823777584
8290	0.05917680256493055
8676	0.04123502542633935
8757	0.2730615201405419
8787	0.11358851756375911
8794	0.0750193274764274
8798	0.07966116049107506
9045	0.08848140319593627
9061	0.08287818016547278
9441	0.01809652391120716
9548	0.10110175551452512
9576	0.2616593075485367
10094	0.06997817216435667
10796	0.032130351705039785
10894	0.03464810575053348
11285	0.11358851756375911
11289	0.06808855238041372
11400	0.05962162984900145
11644	0.04366373840691886
11841	0.02193755710066942
12117	0.08649318040606524
12659	0.07729086639323948
12749	0.10163016321288607
