288
t_index	tf-idf
73	0.01857652783563616
86	0.02748359633714514
200	0.02054795119618226
208	0.015305657801699839
214	0.039421698143133316
224	0.036778411106640645
226	0.06430386730209134
310	0.02953388904895342
323	0.02359253445593517
331	0.06430386730209134
426	0.06430386730209134
493	0.01744515726282967
556	0.022461830880552362
708	0.02451212359236064
725	0.04073654060683934
827	0.20027810016087158
872	0.12860773460418268
905	0.06430386730209134
948	0.0990319856969237
950	0.05156628556027014
1007	0.03163653644945543
1040	0.01214458741713682
1082	0.03402098318610572
1097	0.031125948264639162
1104	0.04951599284846185
1110	0.19306305651267652
1127	0.043147201977551244
1134	0.08295657694558534
1192	0.0478407817258522
1220	0.03275162706780041
1258	0.1295221663203502
1309	0.02782393980176712
1353	0.03163653644945543
1433	0.031125948264639162
1458	0.07742515564360644
1460	0.020626820547444434
1500	0.08584606955793672
1510	0.03472811839483237
1570	0.06430386730209134
1616	0.010144779574129369
1665	0.03724970533418185
1680	0.02699561141835504
1738	0.028927852531864987
1800	0.03779790941526845
1833	0.038828703818448926
1919	0.029125456341446317
2004	0.02799895886501813
2015	0.0542095725967628
2088	0.02953388904895342
2167	0.04675266199658009
2204	0.01979439606930403
2211	0.043147201977551244
2248	0.03040962023573004
2308	0.035902679919864025
2337	0.05156628556027014
2347	0.01950946709864696
2498	0.018007381330746426
2531	0.03245991294753832
2533	0.057935076431180746
2534	0.06430386730209134
2542	0.07549297404104731
2568	0.05156628556027014
2569	0.06430386730209134
2570	0.12860773460418268
2678	0.06430386730209134
2695	0.03336440228926565
2709	0.0540696705625728
2714	0.12860773460418268
2781	0.03489031452565934
2876	0.03827167127354986
2966	0.020626820547444434
3042	0.03199365474259834
3107	0.07353637077708192
3127	0.04147199085494159
3198	0.03436774973592873
3237	0.028177376568221314
3266	0.0744994106683637
3416	0.042271470790774625
3442	0.042229610932469075
3452	0.03040962023573004
3465	0.023702574370033914
3496	0.032676147622019355
3569	0.02748359633714514
3588	0.042397433523623594
3635	0.028359327523921767
3654	0.03402098318610572
3663	0.03190288040263925
3694	0.03275162706780041
3702	0.04633019635608562
3739	0.052471642984855675
3771	0.022756665470535713
3866	0.024757157393728555
4008	0.03806232327223555
4014	0.026532241488852165
4060	0.0285449545040785
4074	0.02265733236247187
4099	0.0600421359779376
4247	0.0596584422934956
4252	0.026838543952489923
4261	0.05156628556027014
4276	0.010094294705328542
4287	0.03208961551424485
4307	0.022461830880552362
4332	0.02835832065054331
4415	0.037746487020523654
4422	0.0298292211467478
4470	0.0744994106683637
4518	0.03827167127354986
4616	0.06430386730209134
4708	0.021117933579752248
4748	0.02873440911312038
4787	0.043147201977551244
4793	0.0542095725967628
4854	0.0919267377045324
4943	0.039421698143133316
4949	0.018143332721450037
4973	0.03137769614961305
5084	0.057935076431180746
5087	0.03368682916126371
5091	0.027318038290353105
5117	0.034519412850210075
5193	0.06430386730209134
5195	0.13559248406807858
5238	0.035902679919864025
5279	0.0437413696455957
5294	0.04633019635608562
5310	0.03838952336972232
5398	0.05156628556027014
5434	0.035494247212356916
5510	0.06430386730209134
5524	0.0200140453259792
5561	0.031125948264639162
5600	0.012113174658314825
5626	0.1787386267221005
5627	0.057089909008157
5649	0.03368682916126371
5748	0.03336440228926565
5765	0.014829925890901192
5906	0.04073654060683934
5993	0.06430386730209134
5995	0.021808585697310708
6105	0.06430386730209134
6184	0.02570134017657827
6185	0.036330116197756376
6309	0.05825091268289263
6361	0.11587015286236149
6526	0.019439594343624876
6532	0.05865480687560954
6591	0.014957247415571162
6608	0.0285449545040785
6618	0.0956815634517044
6622	0.25721546920836535
6669	0.05276567239377961
6720	0.0542095725967628
6782	0.053677087904979846
6834	0.02316509817804281
6849	0.04244831221359558
6908	0.03217717608544608
7029	0.022756665470535713
7108	0.06430386730209134
7176	0.019370248935175426
7198	0.0641792310284897
7226	0.06824446369409906
7234	0.0306422459015108
7239	0.08629440395510249
7240	0.0478407817258522
7298	0.06430386730209134
7341	0.12244526241359871
7365	0.0478407817258522
7416	0.07827336622988315
7437	0.05156628556027014
7440	0.031125948264639162
7507	0.06430386730209134
7589	0.010964992628212706
7717	0.01580737276225729
7794	0.05079990501405676
7815	0.025267745578544828
7853	0.09039498937871907
7855	0.12860773460418268
7911	0.01972233120571711
7913	0.021829390752473973
7996	0.010532525842115895
8002	0.028359327523921767
8048	0.06430386730209134
8113	0.0336973239916519
8243	0.04519749468935953
8294	0.043147201977551244
8399	0.03008198443208783
8620	0.02255906166095438
8715	0.0306422459015108
8783	0.01972233120571711
8824	0.06164385358854677
8841	0.02699561141835504
8856	0.02199053665301116
8865	0.04005562003217431
8934	0.039421698143133316
9009	0.26469166734860555
9014	0.11530637672250969
9056	0.04073654060683934
9122	0.12860773460418268
9164	0.027652192315195112
9171	0.06430386730209134
9205	0.02699561141835504
9242	0.018704144095522627
9338	0.03275162706780041
9368	0.0739014710685115
9369	0.02199053665301116
9381	0.026091122076627716
9441	0.018460026038212524
9443	0.025267745578544828
9461	0.06235985927382811
9462	0.0285449545040785
9468	0.02208288138011754
9481	0.027318038290353105
9485	0.028359327523921767
9486	0.01684866199582595
9631	0.04073654060683934
9653	0.039421698143133316
9779	0.03137769614961305
9787	0.0149146105733739
9802	0.027318038290353105
9896	0.06430386730209134
9918	0.06430386730209134
9924	0.06430386730209134
9939	0.03336440228926565
9982	0.06430386730209134
10094	0.01784595326979527
10103	0.011477162398884666
10114	0.06430386730209134
10150	0.06430386730209134
10161	0.025267745578544828
10267	0.19291160190627402
10276	0.0306422459015108
10302	0.035902679919864025
10445	0.028927852531864987
10461	0.028359327523921767
10464	0.06430386730209134
10478	0.024040829364819435
10584	0.03137769614961305
10654	0.022270402643964304
10660	0.0478407817258522
10708	0.027318038290353105
10717	0.03137769614961305
10852	0.09039498937871907
10878	0.0200140453259792
10894	0.01767203849390883
10996	0.05156628556027014
11050	0.01679630730713221
11056	0.04073654060683934
11183	0.035902679919864025
11186	0.015575919138445839
11209	0.05496719267429028
11237	0.04398107330602232
11238	0.06826999641160715
11286	0.038828703818448926
11393	0.029745121869200645
11408	0.04519749468935953
11410	0.020392214874543436
11412	0.02500890527870244
11450	0.04519749468935953
11468	0.0306422459015108
11516	0.10313257112054028
11517	0.12860773460418268
11519	0.02054795119618226
11699	0.012629140266034835
11715	0.028927852531864987
11748	0.02463382368950383
11760	0.02932740343780477
11779	0.05865480687560954
11830	0.04073654060683934
11835	0.035494247212356916
11876	0.026091122076627716
11883	0.07827336622988315
12148	0.019691898471748685
12163	0.042271470790774625
12322	0.12220962182051802
12391	0.012695721883515657
12423	0.04326033598821506
12528	0.03368682916126371
12608	0.057935076431180746
12664	0.03040962023573004
12680	0.04005562003217431
12718	0.04125364109488887
12843	0.029745121869200645
12845	0.11648611145534678
12862	0.03766711565307289
12891	0.03827167127354986
12958	0.01609304000964176
