54
t_index	tf-idf
1134	0.12667532422903668
1554	0.10158951183208903
1865	0.2268338935699793
1900	0.15003595123856772
1998	0.11398578491733975
2063	0.05877612747376219
2224	0.09559483188071737
2243	0.1778751785583532
2315	0.09596898064946299
2316	0.14037282796368988
2554	0.13076508819592778
3031	0.14374194233880885
3134	0.11284810865263957
3251	0.14258867953094398
3363	0.13826781637973592
3619	0.14740437817506652
3631	0.15284308851628636
3934	0.29457748401370815
4087	0.12018689715759615
4276	0.046242194473610915
4307	0.10289816001345435
4453	0.11456636597497011
4708	0.04837086790027089
5054	0.07073005255316721
5117	0.052711406087363154
5315	0.0554907296244209
5686	0.10379375676495683
5856	0.08069375881932084
6432	0.054496955924962065
6880	0.162599956728211
7030	0.1866150224373008
7341	0.07011556778098922
7589	0.05023088153428536
7912	0.09271534360146627
8096	0.20705075492219194
8270	0.10470882452841064
8790	0.19765831720614055
8794	0.08764210084737716
8915	0.15585090059287546
9383	0.15585090059287546
9548	0.23622633128603068
9576	0.15284308851628636
10164	0.0910113207937574
10207	0.07093689060739616
10276	0.14037282796368988
10635	0.14740437817506652
10768	0.1243995559835723
11042	0.16848274084230183
11131	0.23622633128603068
11393	0.1362630822924904
11400	0.13930716447846306
11841	0.051257553391587024
12417	0.10517392825891873
12749	0.07915365558062754
