261
t_index	tf-idf
65	0.020204260918377313
71	0.04998659805392849
76	0.020129758117475652
81	0.01969488712648729
157	0.023927846130526228
208	0.015451124383711323
277	0.05210734164568045
333	0.07573977763675815
342	0.02359850210745418
515	0.05848569749276504
554	0.06440271249574674
557	0.03191521539207579
579	0.0259141862568348
638	0.03924870058690072
639	0.05848569749276504
659	0.02140019159617193
710	0.04148648217228296
749	0.027252180549405532
899	0.0649150180221549
908	0.02577676820500614
1171	0.027413498508412393
1174	0.04998659805392849
1248	0.026633581447767177
1408	0.12279454586303555
1457	0.0649150180221549
1458	0.026053670822840224
1636	0.018134482008930624
1646	0.07766360888531841
1647	0.03979636610972886
1733	0.03624390276703986
1738	0.029202785885743793
1849	0.031675913074975914
1862	0.03220135624787337
1917	0.03191521539207579
2012	0.05848569749276504
2214	0.022773465356353925
2251	0.02183574338637114
2265	0.039197735904595445
2315	0.06344505381278041
2316	0.030933473030341104
2317	0.09073824274469033
2339	0.03434432218955602
2357	0.03810523360436578
2363	0.02174698147606022
2393	0.029202785885743793
2397	0.01727766876616959
2423	0.03760373045261201
2461	0.04900830500190249
2483	0.030027822636844042
2498	0.018178525377418514
2509	0.06498395981998295
2560	0.030246080914896774
2583	0.04349396295212044
2596	0.03810523360436578
2622	0.05205637696337518
2647	0.05205637696337518
2654	0.028265063915761002
2709	0.036389036266742426
2788	0.06716078467628328
2899	0.02524659254558605
2966	0.02082286002001567
3092	0.0649150180221549
3100	0.07087364897957137
3158	0.03276841537520558
3189	0.039197735904595445
3194	0.04829546554856541
3199	0.031174409923222155
3251	0.03142177255161757
3272	0.030902248767422646
3467	0.041866145019175544
3533	0.08449944383322824
3536	0.024269315936369024
3635	0.028628857556312205
3671	0.05205637696337518
3710	0.05205637696337518
3769	0.02960613416552923
3803	0.05848569749276504
3851	0.03193721342025985
3871	0.041866145019175544
3883	0.03248299135223009
3937	0.02577676820500614
3987	0.057632497509635255
3993	0.02074324108614148
3998	0.02148568113077629
4033	0.04998659805392849
4086	0.030698636465758888
4087	0.05297033900017402
4094	0.027413498508412393
4135	0.01664499981148223
4148	0.03543682448978568
4183	0.02524659254558605
4310	0.039166635594165215
4377	0.03712795699514876
4380	0.02577676820500614
4382	0.05472478607795528
4423	0.024269315936369024
4431	0.02462383866276108
4435	0.0649150180221549
4453	0.02524659254558605
4454	0.1331679072388359
4466	0.028265063915761002
4513	0.3245750901107745
4708	0.01065932032112556
4732	0.0649150180221549
4754	0.03863540926378587
4796	0.03810523360436578
4829	0.03667540144428664
4840	0.03810523360436578
4949	0.018315768864442424
5140	0.05472478607795528
5210	0.022675310484385598
5414	0.0649150180221549
5505	0.02981458223764999
5508	0.04355727752453862
5517	0.03400699232970653
5616	0.16417435823386584
5623	0.02257818343100595
5630	0.024385991045127255
5666	0.04355727752453862
5671	0.05880453548544142
5715	0.0230743203408721
5729	0.024867946141502444
5760	0.035058178085702066
5802	0.03804731426627336
5810	0.03855898926581777
5825	0.07727081852757174
5829	0.03863540926378587
6026	0.039197735904595445
6034	0.03142177255161757
6052	0.05297033900017402
6057	0.03543682448978568
6058	0.041866145019175544
6176	0.04829546554856541
6349	0.030246080914896774
6397	0.035831588272110575
6412	0.06093919786318007
6429	0.0649150180221549
6432	0.012009305082722712
6449	0.04132859953686071
6501	0.022773465356353925
6532	0.02960613416552923
6557	0.018074831971561376
6608	0.028816248754817628
6670	0.01843862561211258
6775	0.05472478607795528
6843	0.03434432218955602
6849	0.021425872719369066
6854	0.03434432218955602
6986	0.033367045580339
7039	0.017223266564212764
7115	0.04112370497454073
7183	0.025232367773498496
7198	0.01619729929807408
7226	0.017223266564212764
7314	0.03543682448978568
7341	0.015451124383711323
7343	0.021315482798813436
7358	0.48751358290544056
7381	0.06234881984644431
7540	0.0649150180221549
7589	0.022138410143493
7627	0.033367045580339
7898	0.024867946141502444
7911	0.01990977431642585
7912	0.010215679282092367
7952	0.14995979416178545
7996	0.010632628075816043
8012	0.024867946141502444
8015	0.016443349503567548
8241	0.03193721342025985
8371	0.04355727752453862
8395	0.05472478607795528
8399	0.0075919716942423115
8440	0.1331679072388359
8444	0.11451543022524882
8551	0.013812417404997848
8565	0.01969488712648729
8598	0.03712795699514876
8623	0.029028528346544853
8721	0.011324121694242984
8794	0.025751180882253057
8797	0.014886162269423572
8803	0.03193721342025985
8817	0.03306290197715704
8856	0.044399074053844675
8881	0.04686563338848627
8893	0.02192536291295968
8957	0.03579629901743994
9151	0.030027822636844042
9299	0.03306290197715704
9309	0.02709362029782022
9374	0.018254945375386616
9441	0.009317736033902907
9455	0.05205637696337518
9495	0.027413498508412393
9526	0.035058178085702066
9535	0.064412177468792
9543	0.056890354639172476
9847	0.0277448033282033
9969	0.0259141862568348
9986	0.0230743203408721
9990	0.04453455413375564
10030	0.039197735904595445
10103	0.011586242557802832
10110	0.03910869163788676
10145	0.0404363128590964
10178	0.026633581447767177
10213	0.02878707898125161
10249	0.03863540926378587
10384	0.03712795699514876
10550	0.033367045580339
10696	0.0649150180221549
10703	0.05472478607795528
10705	0.028628857556312205
10749	0.021231540607417942
10827	0.03760373045261201
10894	0.01783999540697916
10907	0.05205637696337518
10928	0.03434432218955602
10940	0.04562705643398531
10953	0.019415902221329603
11097	0.028088381452919604
11136	0.05848569749276504
11209	0.0277448033282033
11210	0.01295229126898984
11215	0.058405571771487585
11229	0.028265063915761002
11244	0.018947002086777402
11245	0.035058178085702066
11272	0.03667540144428664
11303	0.03306290197715704
11349	0.04998659805392849
11382	0.1856397849757438
11396	0.05205637696337518
11474	0.021231540607417942
11485	0.03400699232970653
11530	0.024745089393832288
11538	0.033681501078795396
11564	0.020204260918377313
11678	0.028628857556312205
11730	0.03469438444515086
11894	0.03469438444515086
11983	0.10944957215591056
12156	0.031174409923222155
12233	0.05848569749276504
12248	0.04355727752453862
12275	0.02297294721333085
12324	0.03142177255161757
12375	0.0649150180221549
12424	0.0404363128590964
12426	0.33768500112334776
12469	0.021659060923529736
12505	0.030246080914896774
12532	0.03328999962296446
12535	0.02619528500631432
12554	0.0649150180221549
12676	0.029744472892722598
12727	0.03434432218955602
12749	0.01744281643160741
12778	0.03712795699514876
12781	0.04829546554856541
