240
t_index	tf-idf
13	0.06204515703001905
65	0.025078252774949104
79	0.05019100076286228
86	0.034437844267941345
194	0.03727160965750356
224	0.046084550892671855
230	0.02144566170622605
323	0.08868664975785318
413	0.013431546150218597
478	0.014454826178506653
483	0.17983818826193068
556	0.028145408058982184
643	0.024014745469747915
660	0.020787588676196594
705	0.07201030709591218
710	0.025747254276289832
746	0.03269302851884651
960	0.03727160965750356
1007	0.03964161393066682
1019	0.022810183377350652
1110	0.16127621224229113
1134	0.03464910053750164
1187	0.11892484179200044
1258	0.040573876670555384
1435	0.03423039462551508
1460	0.025846080150566317
1500	0.043027172109284105
1667	0.04939667592178143
1669	0.022215824641981505
1697	0.051965759685303294
1745	0.04498723110013682
1763	0.07299029700591517
1800	0.023681007793319612
1917	0.01980715459483644
1995	0.03869479489117766
1996	0.018635315812944066
2167	0.02929130658882996
2173	0.039975351607095116
2185	0.046084550892671855
2212	0.03869479489117766
2283	0.07738958978235531
2344	0.04667509795985125
2386	0.01796545860208851
2418	0.030563991069458177
2487	0.06053753216392963
2498	0.03384575582837077
2542	0.047297581645739266
2555	0.06204515703001905
2572	0.08057484693088812
2580	0.11608438467353296
2709	0.04516737600156914
2781	0.08743740836203527
2794	0.038025659507511175
2802	0.0724950889452498
2849	0.045317384918586924
2871	0.0679263658226505
2876	0.09591130935153745
2911	0.05629081611796437
2972	0.018116618020637697
2996	0.03382638321923992
3042	0.020044547410608883
3048	0.04552282272329826
3050	0.0715355214643673
3384	0.03869479489117766
3391	0.07259454386221453
3416	0.052967534168810414
3442	0.10583016479707098
3581	0.025846080150566317
3588	0.0531253695890445
3694	0.041038858912296305
3702	0.11610649985115842
3739	0.16437170807530313
3848	0.025649269483480786
3946	0.018849520013300636
3998	0.026668797468828036
4008	0.023846667394719953
4014	0.03324576555643791
4031	0.1240903140600381
4040	0.06461424079354093
4060	0.0715355214643673
4061	0.04865363465619372
4083	0.019690268883661554
4176	0.04447545157163118
4276	0.01264848110823763
4287	0.04020933680371725
4330	0.0367481948135438
4332	0.01776695120761623
4422	0.01868849440015443
4423	0.030123944755324643
4486	0.06461424079354093
4595	0.025747254276289832
4612	0.04552282272329826
4696	0.05817130383153589
4708	0.026461460827720072
4744	0.1240903140600381
4787	0.05406485396134545
4791	0.04939667592178143
4809	0.05420661457348857
4854	0.15358294153810984
5001	0.05104421649276509
5045	0.0679263658226505
5078	0.05940020038799009
5091	0.06846078925103016
5117	0.07208992043674876
5213	0.026046313782940027
5246	0.01430815994461761
5279	0.03653957697633575
5294	0.029026624962789606
5310	0.016034442401074312
5315	0.030356407317016446
5593	0.04865363465619372
5600	0.015178203658508223
5613	0.04141637285310783
5626	0.2559603883073721
5627	0.0715355214643673
5681	0.05817130383153589
5688	0.06664747392594451
5689	0.03287434161506063
5765	0.018582381725848644
6013	0.025747254276289832
6153	0.0330585558436227
6159	0.3222993877235525
6343	0.1045929172506574
6396	0.03530717356753109
6598	0.03553516406047639
6782	0.06725914510430878
6796	0.025747254276289832
6849	0.026594561125048974
6953	0.06502905318379204
6995	0.08057484693088812
7029	0.02851484543428398
7039	0.021378135743376
7198	0.06031400520557587
7226	0.085512542973504
7227	0.03964161393066682
7341	0.01917848935515593
7362	0.01650972407143826
7394	0.023846667394719953
7416	0.03269302851884651
7439	0.018958135381714918
7551	0.06204515703001905
7572	0.08057484693088812
7616	0.04170345783639652
7717	0.01980715459483644
7911	0.07413817635051874
7913	0.03647058655040759
7996	0.02639519808465738
8009	0.044143816944557886
8069	0.04498723110013682
8113	0.02111192402979775
8179	0.042629403606175245
8214	0.20708186426553915
8215	0.11326787544973464
8238	0.05019100076286228
8271	0.033436069784434225
8293	0.07259454386221453
8399	0.028270282092123945
8433	0.026457541199267746
8516	0.04865363465619372
8553	0.1499146633696855
8576	0.031995048538421514
8655	0.03600515354795609
8715	0.03839573538452746
8798	0.025455766715760622
8848	0.03287434161506063
8968	0.049788077092774045
8988	0.0679263658226505
9014	0.08668959467950424
9151	0.03727160965750356
9164	0.03464910053750164
9173	0.08057484693088812
9337	0.022658692459293462
9381	0.13077211407538605
9391	0.013844001373272656
9406	0.06053753216392963
9430	0.042629403606175245
9441	0.011565507914022524
9461	0.026046313782940027
9462	0.03576776073218365
9485	0.03553516406047639
9618	0.03382638321923992
9628	0.07563991645571205
9668	0.03149800112153827
9761	0.0330585558436227
9779	0.117951835731197
9835	0.04498723110013682
9948	0.08057484693088812
10063	0.04687380746137476
10110	0.024271554860499017
10167	0.034864305750219135
10200	0.03839573538452746
10213	0.017865777081892714
10219	0.024534223523222418
10378	0.08361337257582704
10421	0.024271554860499017
10481	0.045927388467544135
10516	0.04939667592178143
10536	0.03931727857706566
10634	0.06461424079354093
10637	0.039975351607095116
10654	0.055811084446807754
10688	0.02826724140395129
10796	0.041069084731220756
10894	0.06643092505995313
10909	0.043515467129149984
11007	0.0679263658226505
11058	0.052967534168810414
11149	0.03166131086199321
11160	0.028145408058982184
11238	0.11405938173713592
11393	0.03727160965750356
11438	0.02144566170622605
11468	0.07679147076905492
11485	0.08442139538837737
11564	0.025078252774949104
11620	0.03166131086199321
11634	0.01852968990086907
11659	0.009543232229304349
11699	0.031649450849478775
11703	0.06083086463170772
11715	0.0362475444726249
11767	0.0790600474284293
11782	0.07201030709591218
11810	0.034864305750219135
11812	0.06365394092678711
11825	0.03839573538452746
11904	0.15301546463356172
11942	0.037542519654624656
12148	0.01233729612004329
12423	0.027103307286744285
12636	0.05229550365644612
12675	0.02098109144391676
12718	0.025846080150566317
12811	0.03869479489117766
12862	0.04719812672877454
12873	0.035083610355417884
12898	0.08797091323325938
12914	0.08057484693088812
12958	0.020165104990308585
13026	0.059946062753976896
