102
t_index	tf-idf
6	0.1272181022809924
114	0.07651912043427755
200	0.04578867618386388
208	0.034106846087568816
213	0.0636090511404962
369	0.25820291561599734
413	0.14331921626781077
499	0.06403122830366617
504	0.07581173264878603
554	0.035540672448246234
659	0.04723883019054443
742	0.1566234624077995
763	0.07233307246648471
778	0.02983692002841216
1019	0.04056541676841544
1140	0.1555640381006753
1279	0.08951076008523648
1644	0.06881446131150251
1790	0.07909472708396287
1978	0.23216249919135173
2023	0.0699214804762261
2037	0.060875013635801216
2160	0.05440699264649409
2224	0.046500917284259126
2291	0.06278994723487542
2347	0.04347453733809075
2423	0.08300655764688099
2456	0.07658446084487947
2505	0.0677642379307784
2976	0.05138932144887099
3083	0.05489355923225355
3085	0.04879957535884045
3581	0.09192885438866367
3993	0.36630940947091106
4083	0.035016990014249745
4394	0.07738749973045057
4467	0.09077655718025794
4708	0.0235294072173794
4972	0.04139559265862553
5483	0.06725865997203719
5565	0.08411357681160458
5712	0.044598930171232995
5770	0.0865251688018632
6009	0.0857174108846455
6150	0.06828261668206091
6151	0.12910145780799867
6313	0.1555640381006753
6432	0.02650936656149658
6439	0.05980651728018924
6454	0.03065602393403292
6591	0.033330454796912795
6646	0.03295302720646327
6679	0.05782352997379468
7072	0.06936049012370941
7095	0.26325109870106134
7319	0.07822332463904465
7362	0.02936073886869473
7394	0.04240869025038736
7553	0.10660751730980161
7562	0.039125695815210505
7589	0.024434187721108152
7604	0.03194960354212112
7677	0.047176995567308144
7913	0.0486442125014281
8023	0.06828261668206091
8043	0.04614169987749961
8058	0.05257316947298266
8288	0.05946239376795985
8398	0.1777378900959492
8551	0.030489560683761817
8580	0.15477499946090115
8938	0.04941695480511771
9045	0.1676090504347666
9117	0.05185467936689176
9241	0.0436314336384162
9322	0.044931862173480074
9499	0.04125487136928182
9672	0.09077655718025794
9954	0.05720303197340235
10329	0.10662201734473871
10714	0.05048918234379293
10751	0.12248788027911803
11493	0.103519105090945
11495	0.07738749973045057
11594	0.09640053634824503
11699	0.08442763104715373
11721	0.04820026817412251
11843	0.0530665636366587
11988	0.07298312284198995
12076	0.09419696734602229
12277	0.09241542097442312
12291	0.06267149997989281
12485	0.04003009563552668
12610	0.18895532076217772
12620	0.10870943168916365
12659	0.08784658643871682
12695	0.14329355414337713
12723	0.09614843060153536
12963	0.12431280438881155
12964	0.04394887979572776
12982	0.0511605496051413
13032	0.16822715362320917
