124
t_index	tf-idf
192	0.08077000465791635
200	0.16573535623647054
212	0.04918518586047553
376	0.035177221879102924
413	0.021614752219065076
576	0.07611376206431873
715	0.0637933751700847
725	0.082143044394742
949	0.03495264267133866
959	0.07949173524429926
1097	0.06276380154139634
1127	0.08700401346686376
1187	0.1275867503401694
1258	0.03264681076149549
1554	0.223585209579448
1616	0.040912805384003194
1720	0.06649551441493518
1760	0.09361232910316404
1998	0.050173556600891525
1999	0.11682296739994312
2078	0.027218474877044294
2167	0.04713711489424647
2275	0.0434387725022725
2288	0.07949173524429926
2316	0.06178844172692982
2372	0.06226970405240637
2373	0.11745983422415947
2386	0.0289109631790004
2403	0.15222752412863746
2487	0.04871009424539429
2498	0.036310916490444684
2591	0.04081100535981379
2695	0.06727752375691533
2794	0.030596448057024828
2839	0.0715722415573274
2849	0.03646356254433565
2926	0.06433044343471235
2986	0.04415837975861863
2998	0.08981413963093395
3042	0.032256742505892534
3079	0.18227663701889552
3107	0.0494273796071587
3134	0.049672781311219924
3198	0.20790215984848298
3442	0.04257687022417527
3496	0.03294484760831701
3513	0.12966529184519077
3588	0.042746072841165925
3739	0.10580624753507929
3866	0.049921477096148664
4083	0.03168661882163023
4197	0.05755936636113728
4252	0.054118481209704875
4466	0.05645839550424666
4708	0.02129158894846806
4715	0.12966529184519077
5600	0.024425565570782997
5626	0.30892871393678806
5688	0.03575087630330744
5765	0.0598074967918365
5790	0.12966529184519077
5856	0.03551927881530066
5859	0.08523814860250228
6184	0.01727512364148879
6198	0.16725208057376648
6432	0.04797626484144913
6454	0.027740412428057942
6591	0.03016048540641481
6670	0.03683045686597224
6671	0.07839779408838948
6849	0.02139868495643589
7183	0.025200349864951486
7198	0.09706047712434854
7226	0.10320846948608901
7341	0.030863036221703038
7343	0.04257687022417527
7589	0.04422063645218195
7815	0.05095105072483701
7913	0.01467259768076287
8399	0.030329352294976946
8433	0.04257687022417527
8503	0.12966529184519077
8553	0.12062529013785829
8560	0.13455504751383066
8576	0.051488118989464676
8620	0.045489135206743164
8783	0.039769020728457054
8794	0.025718504640298012
8824	0.08286767811823527
8938	0.0447170419158896
8988	0.2186213783547572
9014	0.04650182210378341
9176	0.10398064295469543
9198	0.034841365713471066
9211	0.0434387725022725
9344	0.08077000465791635
9369	0.044342735088536755
9381	0.26305672586852363
9449	0.040964761908556226
9486	0.03397442123700536
9618	0.054435199311667654
10161	0.15285315217451104
10198	0.06226970405240637
10207	0.03122456101488858
10212	0.06178844172692982
10302	0.14479164831450922
10904	0.04361607105899899
11209	0.16625758400826884
11373	0.0700273839790321
11410	0.04111980513793328
11437	0.05042911317382337
11590	0.03610379283643447
11659	0.015357472453165969
11703	0.04894611728168215
11904	0.07035444375820585
11942	0.060415401990104166
12148	0.05956148213442174
12281	0.11682296739994312
12322	0.164286088789484
12626	0.03050843098987451
12636	0.16831336334080915
12675	0.033763878541892695
12869	0.027816189866168465
12881	0.06930071994949433
