281
t_index	tf-idf
167	0.03547883083689491
193	0.033137976042951794
194	0.07345354782592858
200	0.025370881359145375
224	0.18164355090308398
230	0.021132169394779916
242	0.03524490822519249
323	0.08739022984748353
440	0.0512061251101169
493	0.021539812460189132
512	0.047254639746168545
546	0.0630546909458931
643	0.04732739667267111
660	0.02048371606490755
705	0.07095766167378982
708	0.030265507912926908
924	0.035961663054129456
949	0.02140229750706619
993	0.05029805302000881
1007	0.03906213350470392
1019	0.0224767445117455
1035	0.059069772246727895
1099	0.06366971094054863
1103	0.0669334193833389
1110	0.15891867936456067
1134	0.034142600585864456
1187	0.03906213350470392
1213	0.02926594464367718
1258	0.09995192111001208
1447	0.028222004525719758
1500	0.12719460495748214
1510	0.21439679392107674
1667	0.04867459616856126
1690	0.02913007661582784
1697	0.0512061251101169
1720	0.02035835738910876
1832	0.02913007661582784
1839	0.054532168021416895
1921	0.031361724360308735
1996	0.018362905089099043
2083	0.08015753906143128
2088	0.0364659613983499
2089	0.04485737088904983
2144	0.049457309582870555
2157	0.04660618641629618
2167	0.028863126776353304
2283	0.11438746514861371
2287	0.07049423167109321
2397	0.021132169394779916
2420	0.04200624772247545
2448	0.04794241666732663
2498	0.01111699971859337
2542	0.04660618641629618
2576	0.023916753691859836
2591	0.02498950612937317
2606	0.059069772246727895
2607	0.026707111610175832
2623	0.0443296085349609
2709	0.11126780020335916
2727	0.02681672448923839
2781	0.021539812460189132
2788	0.027381261088581493
2794	0.018734900537661206
2802	0.035717678495224406
2849	0.022327468085305096
2879	0.05732095671948156
2904	0.12227636399798596
2924	0.0409674321298151
2966	0.025468262598503058
2972	0.017851789612138295
3042	0.01975153656367292
3107	0.030265507912926908
3126	0.07686340434366802
3237	0.034791053915736815
3245	0.04007876953071564
3272	0.018898138529877012
3330	0.03972966984114017
3343	0.04794241666732663
3347	0.05029805302000881
3407	0.05029805302000881
3422	0.06366971094054863
3432	0.02048371606490755
3440	0.04119555687172505
3442	0.0782123559605498
3496	0.020172878957056384
3588	0.026174391928183115
3635	0.07003142329520871
3694	0.0404389535833881
3739	0.12957514023447242
3836	0.04660618641629618
3848	0.025274328906340803
3858	0.036208938409582586
3946	0.018573978056164182
3998	0.026278953449253458
4012	0.049457309582870555
4031	0.06113818199899298
4060	0.03524490822519249
4074	0.027975367752956386
4097	0.07153335807715963
4113	0.05219325567157189
4135	0.04071671477821752
4176	0.04382531019074045
4185	0.03874253927968518
4197	0.07048981645038498
4234	0.0364659613983499
4252	0.13255190417180718
4287	0.01981077870731369
4330	0.03621101033812954
4332	0.052521702667603136
4389	0.025765524444799875
4390	0.0443296085349609
4470	0.045992802186148894
4487	0.028602314261738905
4516	0.11464191343896311
4547	0.028602314261738905
4595	0.025370881359145375
4606	0.032393785058618105
4633	0.04119555687172505
4708	0.03911197147736214
4791	0.04867459616856126
4854	0.11350340156873127
4940	0.0512061251101169
4949	0.04480372155263183
4956	0.03843170217183401
5001	0.05029805302000881
5042	0.04007876953071564
5054	0.019063759642514826
5072	0.030878892143074183
5078	0.02926594464367718
5110	0.021609200106018796
5116	0.05219325567157189
5246	0.04229701053096669
5251	0.0876506203814809
5279	0.03600544207285315
5294	0.05720462852347781
5310	0.01580005119972456
5405	0.05732095671948156
5412	0.03011720717728283
5420	0.0404389535833881
5446	0.030878892143074183
5600	0.014956328940269778
5612	0.03699372375243884
5626	0.2206914183106258
5627	0.10573472467557747
5689	0.032393785058618105
5765	0.01831074479157212
6017	0.05580606380393763
6044	0.0669334193833389
6152	0.0669334193833389
6180	0.059069772246727895
6198	0.0512061251101169
6199	0.05219325567157189
6217	0.04159366244625956
6289	0.0669334193833389
6322	0.04794241666732663
6442	0.019575643974799464
6454	0.01698608501041486
6458	0.03843170217183401
6521	0.03621101033812954
6591	0.01846795069818667
6598	0.03501571164760436
6689	0.04334247797350591
6713	0.0669334193833389
6782	0.033137976042951794
6801	0.03547883083689491
7103	0.059069772246727895
7183	0.015430746972792215
7226	0.04213126105057091
7275	0.0224767445117455
7425	0.059069772246727895
7439	0.05604301706101165
7562	0.02167901475543273
7589	0.013538650370455192
7640	0.05853188928735436
8002	0.03501571164760436
8005	0.05732095671948156
8009	0.021749261696451392
8043	0.025566486975962824
8060	0.0669334193833389
8214	0.04081094903195027
8238	0.14837192874861166
8271	0.03294730189533927
8326	0.045992802186148894
8399	0.04642837933009836
8513	0.04334247797350591
8553	0.02462053556943772
8560	0.04119555687172505
8715	0.037834467189577094
8773	0.04334247797350591
8803	0.03906213350470392
8879	0.034791053915736815
8890	0.0669334193833389
8927	0.02873197104129332
8968	0.07359041376602134
9009	0.05446983355290717
9014	0.11389649024758242
9025	0.05732095671948156
9105	0.0669334193833389
9117	0.02873197104129332
9121	0.0669334193833389
9144	0.0669334193833389
9198	0.021334160096674718
9266	0.04835116533724038
9337	0.022327468085305096
9381	0.032215122394104644
9441	0.04558577407846303
9461	0.1539934153146371
9462	0.03524490822519249
9648	0.0327597795312523
9726	0.03972966984114017
9761	0.06515061289355421
9779	0.03874253927968518
9795	0.05732095671948156
9802	0.033730015309648566
9807	0.04436026073722095
9921	0.06366971094054863
9989	0.029683593452549
10037	0.04867459616856126
10117	0.06113818199899298
10213	0.017604615461892063
10302	0.0443296085349609
10307	0.05029805302000881
10311	0.0443296085349609
10470	0.059069772246727895
10516	0.09734919233712253
10535	0.0669334193833389
10548	0.053274534862381984
10580	0.0857587175684307
10681	0.05133113843821237
10749	0.02596811634140229
10815	0.03435465993250916
10922	0.022704407898612017
11050	0.02073866712512791
11082	0.053274534862381984
11237	0.027152064510993362
11238	0.1685880955051108
11288	0.045410887725770996
11318	0.029403459596800127
11407	0.05446983355290717
11410	0.17625013876315634
11426	0.04660618641629618
11468	0.15133786875830837
11470	0.0669334193833389
11495	0.04287935878421535
11516	0.12733942188109726
11525	0.06113818199899298
11590	0.022107172916355104
11608	0.059069772246727895
11634	0.01825882321477763
11703	0.0299708200529661
11715	0.035717678495224406
11730	0.042434405883397815
11735	0.037267106733411125
11748	0.030415772953783636
11767	0.05193623268280458
11786	0.07003142329520871
11810	0.03435465993250916
11825	0.037834467189577094
11876	0.032215122394104644
11883	0.032215122394104644
11896	0.04485737088904983
11904	0.043079624920378264
12071	0.0669334193833389
12148	0.024313899478012005
12391	0.015675609242016632
12497	0.07153335807715963
12528	0.04159366244625956
12580	0.07153335807715963
12582	0.061757784286148365
12664	0.037547240589159994
12675	0.12404634127512047
12718	0.050936525197006116
12762	0.034142600585864456
12838	0.0982793385937569
12845	0.04794241666732663
12862	0.04650818532958537
12869	0.01703248525803032
12898	0.08668495594701182
12958	0.03974066366952055
12982	0.028347363201518542
13036	0.04159366244625956
