137
t_index	tf-idf
73	0.025723690108610822
99	0.062476940410168
478	0.015974203157787782
484	0.0890442374323061
660	0.022972615552295718
708	0.033942956228034
725	0.05640958073214066
778	0.018541000027121293
849	0.0424315913488534
870	0.0890442374323061
949	0.12001405189559478
1110	0.1336712188923231
1127	0.0597477237158921
1220	0.045352539112755906
1258	0.022419340808062127
1309	0.0770579315353298
1353	0.0438084267919217
1500	0.023774924031975217
1616	0.01404789787919654
1849	0.04344999987168785
1862	0.02208537637930957
1996	0.04118822558352727
2088	0.0408968035533512
2204	0.08223036859403125
2248	0.04210946492184835
2287	0.026353240426084803
2411	0.05546668171429196
2580	0.04276208562505587
2606	0.06624711865199698
2709	0.024957506629380805
2740	0.04664755231727009
2781	0.02415703425826154
2816	0.03007512406982232
2911	0.03110383070268561
2940	0.04033122980937206
2972	0.06006268077246515
3041	0.027310331653152983
3283	0.0890442374323061
3339	0.048608859857953234
3350	0.03674029743259001
3407	0.05640958073214066
3442	0.05847709726196188
3702	0.032077674156329325
3839	0.022487198644889527
3946	0.020830832443144515
3998	0.0294720104884006
4083	0.02175995418379857
4094	0.0376032256387905
4276	0.027955978766574508
4287	0.022217912101135023
4332	0.01963447256854428
4422	0.020652881091378722
4633	0.09240214885600591
4708	0.014621440129884478
4718	0.05458886372962672
4854	0.0424315913488534
4940	0.05742798925497511
5117	0.0478004655523718
5246	0.03162424105926624
5310	0.035439712283426364
5524	0.055428560637424316
5626	0.07071622987151387
5686	0.031374549729468654
5717	0.05640958073214066
5722	0.05376771984421861
6153	0.03653340971573403
6442	0.02195420702946127
6532	0.04061087434633947
6591	0.02071192209869701
6606	0.030451209999478087
6849	0.014694985503714545
7140	0.05158121502207775
7226	0.023625236255503244
7394	0.026353240426084803
7576	0.0890442374323061
7616	0.023043497709138792
7682	0.03738194503098108
7912	0.014012895617104639
7913	0.010076021524668405
7996	0.029169652501343905
8113	0.04666208494505914
8193	0.044948590447196735
8305	0.032976163655283414
8399	0.05206971751057204
8595	0.0376032256387905
8617	0.020890706973621144
8824	0.028453601965566157
8895	0.04033122980937206
8934	0.05458886372962672
8968	0.11004281179086982
9014	0.06386781272798604
9120	0.07140597863826237
9139	0.801398136890755
9164	0.03829113988542248
9198	0.023926393847631587
9234	0.052996373729800685
9337	0.05008078992645235
9358	0.05226912926870973
9441	0.025562365228065986
9461	0.1439204812088431
9528	0.019580215282713743
9761	0.03653340971573403
9787	0.020652881091378722
9802	0.03782842292024821
9847	0.03805767802800282
9954	0.07109322385556668
10037	0.05458886372962672
10063	0.025900405647229504
10103	0.031785807497216725
10204	0.022487198644889527
10358	0.03151210041235018
10383	0.06428581111131385
10460	0.14281195727652474
10654	0.03083875206799142
10796	0.022692971015328307
10878	0.027714280318712158
10894	0.024471206127804596
11050	0.02325854475930745
11089	0.04061087434633947
11238	0.03151210041235018
11410	0.028237947408808414
11644	0.03083875206799142
11659	0.031639023921200486
11724	0.050307821728026586
11748	0.03411147941023459
11765	0.0890442374323061
11767	0.05824680945957208
11835	0.04915035920639393
11841	0.015494021105113344
11883	0.03612946105017486
12322	0.11281916146428132
12485	0.02487515479336377
12568	0.061158167161640895
12718	0.057125631267918406
12867	0.07506624804901886
12876	0.04664755231727009
12880	0.03695060493558297
