21
t_index	tf-idf
1845	0.13854499961761835
2374	0.4779465981740725
2587	0.20552840448949022
2794	0.22555717196123526
2963	0.22775235461715682
3442	0.15693845280384708
4422	0.11085472282945062
5117	0.08552329553895895
5251	0.26381546587546867
5626	0.18978533859914515
6849	0.07887560761084705
7439	0.11245415484544556
7597	0.21357211723580585
7913	0.05408323266853849
11238	0.3382835684308583
11590	0.13307867295711723
11703	0.18041551378713705
12391	0.09436255298743272
12636	0.15510087219797522
12718	0.1533114433924179
12762	0.41105680897898045
