168
t_index	tf-idf
24	0.042869927524180645
46	0.03928449286945049
73	0.024534089270410127
102	0.04919582410939785
105	0.06817046031216657
224	0.09714676814718798
433	0.07651507050332187
554	0.0210640306026393
609	0.13620756951707313
744	0.027667748832509966
746	0.034458641779395345
806	0.04985192552665161
1019	0.02404206564923575
1141	0.06539595556316459
1162	0.03846609830668639
1302	0.06131289181165119
1410	0.05698466981837929
1411	0.08492635624810717
1500	0.2494298900151535
1501	0.06318349801498674
1503	0.04493163878310179
1690	0.0623174956674909
1749	0.10954442454040286
1988	0.042869927524180645
1996	0.01964173100922611
2078	0.01782717534541032
2082	0.0440644899553527
2130	0.24525156724660477
2167	0.06174641424933037
2224	0.08267964649397902
2283	0.0815690767292251
2366	0.34922477864035334
2386	0.018935697621743817
2397	0.02260385188943068
2709	0.023803338207962432
2973	0.08986327756620358
2996	0.03565320421056739
2998	0.029412603441793125
3041	0.02604735603461004
3047	0.03115874783374545
3107	0.03237325261982724
3183	0.13620756951707313
3384	0.04078453836461255
3403	0.016505372098826517
3432	0.021910239096923734
3442	0.11154560783790339
3450	0.045865554878222026
3496	0.02157775473072599
3632	0.07801103379926623
3654	0.04493163878310179
3694	0.08651039089136418
3736	0.05128121326896595
3777	0.05698466981837929
3849	0.05969249901375126
3897	0.035041229824598515
3947	0.050545538319158555
3985	0.04857338407359399
4088	0.03928449286945049
4422	0.019697781548745873
4487	0.061188462309695615
4950	0.08492635624810717
4972	0.07360226781123039
5279	0.115538778526348
5315	0.015997914736523657
5412	0.03221462395274774
5527	0.0440644899553527
5573	0.03544576462534956
5600	0.015997914736523657
5614	0.04919582410939785
5626	0.03372296682958794
5712	0.026432623956111487
5765	0.019585938174246354
5995	0.028802680086038115
6013	0.05427551084159879
6014	0.08651039089136418
6185	0.047981319323316056
6303	0.04687738405147169
6322	0.05128121326896595
6430	0.02197784328420498
6460	0.034085230156083286
6493	0.05477221227020143
6501	0.05958767295412476
6585	0.023339526839238078
6606	0.05808596677730284
6646	0.01953040068494257
6671	0.07702183323389396
6689	0.04636092652541613
6796	0.027137755420799395
6857	0.05206438307482947
7015	0.029164943412533464
7240	0.06318349801498674
7409	0.07746562117298868
7597	0.037949640780630824
7616	0.02197784328420498
7693	0.07651507050332187
8147	0.08492635624810717
8204	0.04365309733004417
8290	0.03986245544471716
8399	0.029797041380041737
8647	0.04636092652541613
8715	0.040469327909134524
8736	0.2547790687443215
8808	0.039570033578530756
8810	0.03565320421056739
8841	0.03565320421056739
8848	0.1039492405049428
8856	0.02904298338865142
8869	0.1274895477026058
8909	0.27241513903414627
9014	0.03045711195318988
9022	0.06318349801498674
9045	0.01986750347944782
9051	0.03237325261982724
9159	0.05826321127143691
9184	0.05698466981837929
9211	0.028450918638373488
9229	0.09375476810294338
9261	0.06131289181165119
9267	0.037949640780630824
9337	0.04776478668497659
9358	0.04985192552665161
9369	0.02904298338865142
9381	0.034458641779395345
9486	0.02225209044176605
9620	0.03586425162106273
9768	0.08492635624810717
9799	0.053800900397469646
9835	0.047416802644418415
10069	0.11396933963675858
10200	0.040469327909134524
10427	0.11652642254287382
10449	0.14758747232819358
10450	0.08492635624810717
10451	0.03846609830668639
10480	0.03145116969993185
10700	0.07349436116275115
10878	0.026432623956111487
10936	0.1779612812883223
11054	0.042496515900868594
11061	0.08492635624810717
11071	0.07651507050332187
11090	0.04919582410939785
11136	0.07651507050332187
11149	0.033371205381923306
11206	0.05477221227020143
11244	0.02478779022299765
11353	0.023646756419563913
11408	0.05969249901375126
11417	0.13620756951707313
11419	0.11871010073559228
11441	0.028109067293531177
11474	0.027776582927333433
11530	0.03237325261982724
11659	0.020117244299812057
11760	0.03873281058649434
11786	0.037454269133436725
11801	0.06318349801498674
11841	0.014777494805196047
12118	0.06810378475853657
12150	0.06854099942505416
12391	0.050301861057955755
12446	0.16985271249621434
12485	0.023724794760739524
12582	0.033029354037081
12626	0.0399639694161221
12646	0.03586425162106273
12718	0.027241918465782087
12863	0.06810378475853657
