51
t_index	tf-idf
778	0.06681067264868187
1885	0.15173732119030525
2302	0.10252976019721653
2386	0.1430827646737784
2420	0.16975722856461933
2576	0.09665328476412396
2794	0.15142436971372225
2849	0.0902306039822359
3198	0.17148751743178267
3442	0.10535823841484178
3496	0.08152339734184696
3672	0.14736761504684734
4031	0.24707392110329457
4252	0.13391843543031745
4595	0.10252976019721653
4854	0.15289807213333115
4943	0.19670560916717994
5117	0.057414761012577864
5251	0.17710849224422096
5279	0.07275327351199198
5429	0.20273801850838125
5433	0.21092534832217355
5626	0.12740949457913894
5688	0.08846703220014204
5765	0.07399807069909226
5923	0.17914648168451044
6309	0.14532962560655785
6454	0.06864480575798317
6656	0.21092534832217355
6953	0.12947814079977715
7226	0.0851312185645504
8009	0.08789393457156526
8715	0.15289807213333115
8923	0.16492674252951683
9014	0.11507069528922552
9184	0.21529505446563146
9198	0.08621641037048969
9381	0.1301889645469846
9441	0.04605573628391625
9461	0.10372066386300194
9486	0.08407112016097022
9611	0.15918836121680208
9761	0.131644553890713
10103	0.057268517783942936
10953	0.09596898529495067
11209	0.1371371050525049
11238	0.11355075896889476
11590	0.1786806777160099
11703	0.24223841099133614
12528	0.16808987342498133
12676	0.04900702611546001
