187
t_index	tf-idf
65	0.04082778256958923
70	0.03282002032879138
157	0.048352221500323624
229	0.03226857964932824
333	0.02550853988765911
342	0.0476866992018886
352	0.05909251890757008
478	0.011766340055531914
493	0.017793681287774664
521	0.03751318005580224
568	0.0552925859595731
680	0.052596490626590824
738	0.08801841667356297
781	0.06940132700324128
797	0.048796557678593845
835	0.08171172387827515
878	0.03542192604697216
908	0.05208843282475362
911	0.10101047323552148
1233	0.03542192604697216
1428	0.020263939481185114
1584	0.06681189569350623
1616	0.010347454698009668
1733	0.03661995327678836
1735	0.0552925859595731
1806	0.048127744858364185
1862	0.01626773155233593
1917	0.01612317668972582
2142	0.05909251890757008
2217	0.023521999680908803
2267	0.03661995327678836
2293	0.02604421641237681
2380	0.052596490626590824
2397	0.01745693412256748
2461	0.04951679323498084
2498	0.03673427523745379
2509	0.03282910214780418
2581	0.04951679323498084
2596	0.11550178934885286
2709	0.01838329630835586
2806	0.04880940454528882
2845	0.019077820496664184
2891	0.05025192963599187
2900	0.01651372435688082
3042	0.016316416273697586
3075	0.6635110315148772
3158	0.06621681156730613
3256	0.03149786164469067
3270	0.04311598155776761
3272	0.01561143833328869
3403	0.012747083762852201
3433	0.01651372435688082
3465	0.09670444300064725
3466	0.05075854359952962
3533	0.04878638413397091
3542	0.04311598155776761
3578	0.03340594784675312
3611	0.040855861939137574
3756	0.028558329565487393
3839	0.0165637073435536
3848	0.020878703292009526
3914	0.041550386127445896
4008	0.058234113843856995
4060	0.029115233251684327
4099	0.020413891284794615
4276	0.02059192245795246
4287	0.016365355224521635
4307	0.02291057935488134
4310	0.013191003690434596
4353	0.04735189022011683
4466	0.028558329565487393
4605	0.03620336079124114
4708	0.053849583284518235
4899	0.06564004065758276
5054	0.01574825518340058
5419	0.027217218826826012
5420	0.03340594784675312
5438	0.052596490626590824
5553	0.040855861939137574
5560	0.03340594784675312
5600	0.012355174906473827
5631	0.059011561837678646
5635	0.052596490626590824
5687	0.04610046234561157
5765	0.03025240424587739
5810	0.019479530038339677
5856	0.017966703822808645
5897	0.0552925859595731
6252	0.059011561837678646
6260	0.1550699546422912
6407	0.04175740658401905
6432	0.012133908256037428
6433	0.03254024469335606
6442	0.016171114327681084
6454	0.014031922680895745
6501	0.02300975263786007
6531	0.02440470227264441
6807	0.03205606163767181
6906	0.11818503781514016
6907	0.023952962403546732
7015	0.022524059099815155
7017	0.03661995327678836
7039	0.017401967467717466
7170	0.044009208336781486
7198	0.06546142089808654
7202	0.31499251154262153
7208	0.17998649892238747
7226	0.0522059024031524
7245	0.05909251890757008
7255	0.05909251890757008
7304	0.0552925859595731
7341	0.01561143833328869
7409	0.029913314159808285
7562	0.01790867399166516
7577	0.04499662473059687
7616	0.016973468249801994
7663	0.040209275388784514
7807	0.040855861939137574
7927	0.030339377881923552
8076	0.02874031174535908
8279	0.0826048109242849
8402	0.02271532671370359
8487	0.11818503781514016
8551	0.013955728864566495
8565	0.01989923245847207
8617	0.015387757362548746
8623	0.014664857680711895
8655	0.029308472835656088
8656	0.02300975263786007
8678	0.02590739956226492
8721	0.01144161571145591
8794	0.04553213631228072
8797	0.015040614425020526
8810	0.055069873949523264
8824	0.04191692733898689
8879	0.05748062349071816
8891	0.08801841667356297
8920	0.03282002032879138
8921	0.02706230971668122
8980	0.058616945671312176
8999	0.02632399204781213
9107	0.04610046234561157
9140	0.044009208336781486
9317	0.02970733251026189
9336	0.026612377502673815
9391	0.011269123950406825
9448	0.052934151113314634
9456	0.027863805377179068
9781	0.03224635337945164
9787	0.030425157317365763
9832	0.0552925859595731
9904	0.11423331826194957
10107	0.04642260845856529
10174	0.027863805377179068
10177	0.059011561837678646
10184	0.14306009760566582
10185	0.10203415955063644
10556	0.04052787896237023
10636	0.032004568168638364
10878	0.020413891284794615
10894	0.03605019042572896
10981	0.05909251890757008
11070	0.040855861939137574
11160	0.04582115870976268
11186	0.06354839609366748
11296	0.03403096525574089
11318	0.024289709568753915
11438	0.01745693412256748
11474	0.021451829568004892
11581	0.05909251890757008
11671	0.02803267098697903
11699	0.012881448613319944
11841	0.02282529142137181
11849	0.033713247107805266
11894	0.03505435784646664
11937	0.027374731572988777
12144	0.027374731572988777
12213	0.048796557678593845
12257	0.03012392499580911
12518	0.022619204970705072
12532	0.016817700878034147
12536	0.05909251890757008
12676	0.02003539215180314
12773	0.03850059644961762
12911	0.04610046234561157
13001	0.10050385927198374
13002	0.12026049991768395
