56
t_index	tf-idf
81	0.057008493401269365
539	0.16929172927834926
1839	0.06452825139066737
2224	0.06097700857715624
2498	0.026309628924697657
2581	0.07092931313505482
2587	0.08080230050162471
2591	0.11828094808271787
2948	0.07024955911278591
3586	0.10746996810730448
3979	0.0948509112893121
4247	0.04358189150710612
4328	0.07935065780198108
4708	0.06170858337864312
4899	0.09402472764957555
5117	0.03362298774805888
5620	0.3168109150334007
5631	0.08452989934769108
5635	0.15068152478108998
5765	0.04333443491910589
6013	0.06004304137340593
6260	0.19039437478109045
6432	0.06952387034922165
7028	0.11346111578657139
7072	0.09095294132231813
7202	0.2256022757812643
7275	0.053193741342838025
7334	0.12118504852218177
7589	0.03204073728563214
7677	0.030931777600933442
7840	0.2578179625155843
7911	0.05763050229479353
8015	0.09519329312714774
8213	0.3758038675512171
8602	0.3168109150334007
8620	0.06591969485043178
8623	0.042012748183434756
8794	0.01863473519767578
9389	0.11903599389122228
9441	0.026970964077734465
9806	0.11526100458958706
9807	0.10498354129191173
9990	0.12890898125779215
10283	0.11704628008246983
10406	0.12352120390848373
10556	0.05805332756465346
10953	0.05620094832509851
11066	0.06862185775120577
11301	0.3758038675512171
11849	0.0965836963456556
12148	0.057541574990687835
12391	0.03709809056091278
12424	0.11704628008246983
12626	0.04421069893014506
12718	0.060273505017966675
13001	0.14396468833825882
