187
t_index	tf-idf
4	0.03501126091358261
188	0.029187721875178423
208	0.017216194481634584
242	0.03210809326712165
298	0.0651668524195542
446	0.03473564064076717
617	0.032988211795152704
659	0.0715345727562078
694	0.037178753579530724
804	0.03865772193627528
1019	0.020476302690683137
1344	0.047548029074443804
1428	0.022346943031396144
1631	0.039063073800086175
1720	0.018546453111421862
1829	0.03091425051607265
1833	0.043675516927731306
1845	0.04193375272885336
1848	0.036839865917203334
1862	0.035879900903537015
1944	0.05221936209197507
1948	0.04245821185624957
2089	0.04086504181032275
2209	0.026786536570842366
2216	0.04434253207680502
2217	0.025939911009991108
2235	0.036839865917203334
2293	0.05744279102344603
2304	0.03276105654766491
2386	0.032254555978587514
2397	0.01925139545062616
2402	0.04505558359470077
2418	0.054873520499180775
2498	0.010127581026300476
2509	0.018101862082396013
2512	0.0580030739222799
2583	0.024231263251951598
2794	0.017067484754677304
2853	0.05381253213790188
2900	0.036422459490864235
2924	0.018660654800604113
3041	0.02218418143590842
3178	0.05569685235845733
3272	0.017216194481634584
3466	0.02798809884002347
3533	0.02690065640893574
3543	0.05569685235845733
3573	0.04664875364062758
3604	0.04962199035352386
3768	0.026415173947900456
4276	0.022708640563304627
4328	0.030545098856389154
4391	0.03420551686663444
4445	0.03420551686663444
4708	0.07126197180212895
4809	0.02433016494172669
4960	0.0580030739222799
4988	0.0580030739222799
5058	0.0651668524195542
5110	0.019685970183233672
5146	0.10762506427580376
5246	0.012844184946957096
5598	0.05221936209197507
5639	0.03558558353360391
5675	0.019685970183233672
5715	0.02571023160869616
5718	0.04853307386118303
5778	0.022851196584982133
6019	0.04664875364062758
6050	0.04582150043354957
6073	0.03395031506811667
6196	0.05083929542500561
6407	0.04604980127079148
6413	0.05569685235845733
6432	0.02676239304777054
6557	0.04027924631469734
6646	0.016633778558371157
6732	0.0651668524195542
6834	0.02605669358262092
6932	0.04136929536390874
7019	0.02784748241630831
7202	0.021710733114404763
7226	0.01919077857473684
7341	0.06886477792653833
7362	0.02964098112092355
7389	0.07233063091682848
7394	0.0214067362660126
7440	0.07002252182716522
7447	0.07233063091682848
7467	0.5786450473346278
7643	0.03473564064076717
7677	0.023813645174363438
7698	0.07233063091682848
7912	0.011382674614147567
7913	0.03273900771242463
7984	0.07233063091682848
7996	0.011847253847565499
8014	0.033701263313048464
8015	0.20153943852104403
8043	0.023291056486568054
8076	0.06338926444923859
8100	0.060976310635176174
8113	0.01895180497523276
8123	0.07233063091682848
8279	0.12146141050596843
8290	0.03395031506811667
8361	0.047128496205755765
8399	0.01691849187686695
8486	0.029844142305013675
8617	0.03393904107156488
8620	0.025375008242706408
8623	0.0485169341517252
8628	0.033701263313048464
8656	0.07612502472811923
8721	0.02523548145496917
8766	0.04304895250627161
8794	0.014346442601549056
8893	0.04886004443636021
8906	0.05569685235845733
8930	0.022023943377904125
8957	0.019942757248678722
8999	0.05805986059103439
9242	0.0210388985911649
9315	0.035294433358975266
9341	0.09164300086709914
9369	0.024735516805537584
9406	0.02717174194150569
9477	0.03948497514335329
9499	0.020824320342749173
9528	0.031810016363219104
9550	0.037178753579530724
9618	0.030365352626492106
9659	0.02571023160869616
9698	0.03865772193627528
9781	0.017780536272573057
9917	0.0651668524195542
9984	0.04582150043354957
10012	0.04434253207680502
10020	0.03501126091358261
10068	0.05541750703686773
10093	0.026786536570842366
10172	0.025265640579670307
10212	0.03446718015189726
10445	0.03253878673998071
10550	0.037178753579530724
10556	0.022346943031396144
10591	0.03865772193627528
10713	0.0651668524195542
10715	0.02259599478646435
10760	0.059352174839858086
10814	0.05381253213790188
10953	0.021633891513500394
10963	0.04582150043354957
11050	0.018892915085346625
11210	0.02886381080522312
11214	0.04664875364062758
11318	0.026786536570842366
11412	0.028130654861700972
11467	0.039063073800086175
11474	0.023656940631930298
11659	0.008566792670713507
11699	0.014205579255257545
11718	0.05221936209197507
11822	0.0651668524195542
11862	0.026661260519269633
11898	0.5063144164177994
12074	0.03091425051607265
12150	0.029187721875178423
12168	0.05381253213790188
12183	0.05083929542500561
12254	0.060976310635176174
12257	0.06644094415979043
12272	0.05083929542500561
12391	0.014280471957701496
12468	0.036839865917203334
12469	0.04826659806611348
12470	0.07302347686091402
12478	0.039063073800086175
12511	0.060976310635176174
12532	0.018546453111421862
12535	0.029187721875178423
12537	0.032988211795152704
12610	0.0953794303416104
12686	0.03210809326712165
12840	0.0210388985911649
13002	0.04420750372984781
13028	0.14466126183365696
