185
t_index	tf-idf
84	0.041428791617009526
108	0.09549396381499854
186	0.04261176468181868
208	0.019360714700225868
212	0.030854396310257253
323	0.029843103417997553
413	0.027118333272415876
478	0.02918433881844685
554	0.020174624700214302
557	0.019995353233115916
565	0.04774698190749927
619	0.04774698190749927
694	0.04180989252480574
817	0.08134043273976162
998	0.0305563662282529
1019	0.0230269154389887
1040	0.0460864659032869
1058	0.04841130765028194
1144	0.08134043273976162
1341	0.05066789298643876
1351	0.3388791535519735
1416	0.03318669876341658
1428	0.025130570458796495
1518	0.06522817613052145
1554	0.28051481537735995
1556	0.08134043273976162
1616	0.03849756454301187
1634	0.05872402129105885
1636	0.02272304097049487
1646	0.07298609490535066
1647	0.04986602082942582
1681	0.028170688083792327
1690	0.029843103417997553
1691	0.03634725825746016
1727	0.05457855378862687
1832	0.029843103417997553
1873	0.04541467945433994
2037	0.0345556363771986
2078	0.051223326462529244
2094	0.04986602082942582
2208	0.06857177147594049
2275	0.02724960938072305
2373	0.03684190892324805
2487	0.0305563662282529
2498	0.011389114305300745
2576	0.024502172214031573
2589	0.08134043273976162
2593	0.05066789298643876
2670	0.0263961959580742
2717	0.04774698190749927
2786	0.08134043273976162
2798	0.06564692988078029
2845	0.02365959060610321
2992	0.06857177147594049
3041	0.02494753460742104
3080	0.032129375964047
3272	0.07744285880090347
3403	0.015808450619583234
3465	0.02998229713381854
3478	0.04911591952128129
3488	0.039372408029319884
3533	0.015125756581624034
3771	0.02878578061862797
3853	0.06522817613052145
3869	0.08134043273976162
3936	0.05457855378862687
3946	0.019028619640242994
3987	0.03610760984235608
4080	0.05717204782590137
4083	0.019877356926697672
4247	0.018866064034437968
4280	0.053470807758960015
4287	0.020295693881978646
4414	0.04261176468181868
4609	0.08134043273976162
4697	0.032823464940390144
4716	0.2763398341661723
4767	0.06522817613052145
4878	0.12210643948541666
4972	0.023498163895093287
5078	0.02998229713381854
5117	0.014554977261153814
5265	0.06263468209324695
5431	0.06857177147594049
5483	0.03817930639188381
5600	0.015322420095371115
5720	0.05066789298643876
5726	0.0316347252982591
5747	0.03610760984235608
5984	0.2138558783187648
5987	0.05457855378862687
6153	0.03337266331238945
6161	0.0639242846798482
6260	0.054946253167727575
6432	0.030096027147341983
6441	0.07328430443514154
6469	0.06857177147594049
6575	0.04261176468181868
6591	0.03783999402905807
6609	0.3769486693018747
6778	0.08134043273976162
6807	0.019877356926697672
7015	0.05586697046263551
7030	0.0515292155869048
7039	0.021581261135092077
7072	0.039372408029319884
7094	0.1452339229508458
7202	0.07324533482863425
7275	0.0230269154389887
7352	0.08134043273976162
7442	0.055803110212119346
7562	0.022209659379857
7589	0.01387004052457838
7619	0.02619228658135347
7640	0.02998229713381854
7717	0.03999070646623183
7911	0.02494753460742104
7996	0.013322996668546654
8007	0.04911591952128129
8012	0.03116027018291116
8124	0.06857177147594049
8284	0.08134043273976162
8305	0.030123178087263728
8433	0.05341785761565055
8551	0.10384419905926519
8620	0.02853582396661416
8794	0.04840048405611167
8800	0.0313162797246998
8898	0.10491902973340063
9045	0.03805723928048599
9068	0.03735855114971986
9072	0.08134043273976162
9211	0.02724960938072305
9241	0.02476733663577006
9328	0.0263961959580742
9381	0.033003662912041126
9394	0.03876055432308367
9486	0.021312519998029522
9621	0.1030584311738096
9893	0.08134043273976162
9949	0.0407134094231992
9990	0.055803110212119346
10053	0.04911591952128129
10066	0.04841130765028194
10103	0.01451790374852676
10107	0.02878578061862797
10124	0.08134043273976162
10158	0.025410645128062678
10185	0.0316347252982591
10240	0.11434409565180274
10461	0.035872803142112206
10556	0.025130570458796495
10635	0.04070214649513888
10705	0.035872803142112206
10794	0.031006327053494178
10832	0.07328430443514154
10894	0.04470808114029308
10904	0.05472166134608912
10953	0.024328698301783556
11041	0.16268086547952323
11176	0.07328430443514154
11228	0.06857177147594049
11350	0.05717204782590137
11400	0.1153988915381601
11441	0.026922192339058054
11503	0.08523849904865903
11721	0.08208249201913369
11767	0.026603746765498752
11779	0.037097359565604685
11876	0.033003662912041126
11951	0.08134043273976162
12065	0.05066789298643876
12068	0.05066789298643876
12332	0.09191072005447543
12391	0.03211861293186139
12400	0.04774698190749927
12417	0.0871236937829538
12469	0.054278884669045235
12659	0.04986602082942582
12661	0.08134043273976162
12676	0.024847134714747993
12677	0.032823464940390144
12759	0.08134043273976162
12885	0.03634725825746016
12977	0.08134043273976162
