332
t_index	tf-idf
81	0.015624817715760114
101	0.018469403686366483
150	0.029096204438187633
157	0.018983009738472674
212	0.01953517113842681
213	0.04572238786182163
230	0.013707132378617037
333	0.020029229105777924
342	0.1497738134474768
349	0.05149993077377729
478	0.018477789928129647
493	0.013971545243969595
499	0.023012925073372176
556	0.017989318277955545
557	0.012659870037786469
704	0.030651164601424787
742	0.009381786826549764
811	0.04129860688065295
849	0.024540880803751344
898	0.02811358701993435
999	0.026230250177588232
1058	0.030651164601424787
1134	0.022146195084745853
1166	0.02983268855420112
1167	0.03455589855096954
1262	0.06911179710193908
1265	0.04639926882721512
1298	0.043415572859620874
1342	0.04639926882721512
1354	0.02752457677134559
1358	0.08683114571924175
1387	0.01732325287822125
1428	0.015911184577469033
1437	0.03385453955986004
1448	0.022861193930910816
1460	0.033039376163366996
1466	0.03718056235234406
1500	0.013750546662038244
1504	0.07436112470468811
1616	0.016249580863572748
1636	0.014386879901342662
1646	0.015403486755062453
1680	0.02162035002824567
1681	0.017836006489006413
1720	0.02641041669982471
1763	0.02332610849503876
1783	0.05149993077377729
1832	0.018894880545063285
1839	0.017685823731547198
1845	0.014928567159215754
1917	0.012659870037786469
1921	0.020342412527444516
2078	0.010810522630906861
2109	0.10220201061945045
2198	0.030651164601424787
2232	0.01963136466107677
2243	0.0310972829875286
2264	0.043415572859620874
2271	0.022861193930910816
2275	0.01725283416194206
2298	0.02137087869025095
2304	0.02332610849503876
2347	0.015624817715760114
2363	0.08626417080971029
2386	0.01148273821879319
2393	0.023167850789226684
2397	0.09594992665031926
2410	0.05149993077377729
2494	0.05149993077377729
2498	0.007210910718586669
2503	0.023822388627496773
2591	0.0324182966918856
2611	0.058192408876375265
2654	0.022423914824783422
2727	0.034788703958211875
2788	0.01776053198434864
2805	0.023012925073372176
2811	0.038692952384158236
2818	0.013578405486233673
2831	0.03965656049753172
2845	0.01497984750399052
2849	0.014482448773111938
2860	0.03965656049753172
2900	0.03889958068830702
2925	0.029455236604407374
2934	0.03718056235234406
2966	0.016519688081683498
3035	0.026721011974807845
3085	0.017538644831541907
3155	0.10859383480227232
3187	0.06642849793299305
3191	0.07436112470468811
3202	0.04639926882721512
3219	0.030651164601424787
3221	0.08683114571924175
3275	0.023167850789226684
3320	0.0383149109130587
3324	0.03619794493409077
3328	0.03262523871790777
3333	0.04129860688065295
3432	0.013286520776094527
3450	0.027813190221286147
3533	0.14365096003611333
3536	0.019253912711283024
3568	0.02555050265486261
3619	0.025770181645703622
3628	0.02332610849503876
3666	0.020895959094404254
3727	0.03965521656552259
3756	0.022423914824783422
3771	0.01822544654847659
3848	0.01639389528012671
3877	0.04639926882721512
3884	0.05149993077377729
3998	0.017045533138183678
4008	0.13717575522794107
4013	0.01639389528012671
4074	0.018145892263431815
4099	0.03205785256892778
4112	0.05149993077377729
4185	0.0251298910523401
4276	0.008084357914156425
4310	0.010357536582432844
4361	0.03718056235234406
4380	0.020449840708300436
4578	0.05149993077377729
4617	0.04129860688065295
4708	0.10147807555646939
4861	0.04572238786182163
4915	0.017045533138183678
4921	0.04639926882721512
4965	0.028426770441600933
5054	0.012365482794144012
5110	0.014016552721860755
5117	0.02764604131483457
5232	0.015083492875070265
5246	0.009145152298954767
5272	0.02162035002824567
5429	0.016270216743688778
5443	0.02492827022932347
5532	0.025770181645703622
5559	0.05149993077377729
5598	0.03718056235234406
5600	0.009701246325096193
5729	0.03945766461425945
5750	0.025770181645703622
5761	0.08626163283989362
5856	0.028214804040335394
5995	0.017466144740706183
6038	0.10299986154755458
6260	0.20873222374927125
6373	0.019440218857189173
6407	0.01639389528012671
6417	0.020029229105777924
6422	0.043415572859620874
6432	0.057165050484032254
6454	0.022035647309330487
6460	0.10334759849570722
6466	0.033214248966496523
6467	0.03385453955986004
6497	0.019728832307129726
6521	0.023487844669218872
6531	0.0191624991171516
6646	0.011843370276245574
6807	0.012585161784985026
6834	0.018552553720173524
6852	0.05149993077377729
6883	0.02149455722668888
6911	0.06911179710193908
6969	0.03926272932215354
7015	0.053057471194641596
7058	0.04129860688065295
7134	0.04639926882721512
7170	0.03455589855096954
7201	0.043415572859620874
7202	0.2782475735219103
7208	0.03533121494546445
7226	0.06831986362944138
7227	0.025337192076098483
7244	0.03533121494546445
7301	0.02752457677134559
7331	0.033821014674104595
7335	0.03965656049753172
7341	0.07354832767972855
7343	0.016910507337052297
7356	0.07436112470468811
7362	0.010552296146494998
7419	0.03385453955986004
7439	0.024234427912612967
7575	0.02697923845921971
7589	0.008781685845348327
7593	0.023167850789226684
7617	0.020669519699141447
7639	0.06303553957209362
7674	0.02555050265486261
7677	0.008477743539671501
7702	0.05149993077377729
7717	0.012659870037786469
7728	0.09279853765443025
7733	0.02492827022932347
7854	0.04639926882721512
7882	0.043415572859620874
7885	0.033214248966496523
7891	0.0310972829875286
7923	0.05149993077377729
7936	0.043415572859620874
7996	0.008435330167527075
8015	0.07827138190121781
8069	0.028753877613297875
8113	0.01349382179985291
8230	0.05149993077377729
8279	0.23782385031070238
8280	0.0383149109130587
8295	0.024172869137093943
8312	0.015135868182974133
8399	0.04216130874207892
8532	0.03619794493409077
8550	0.04639926882721512
8551	0.010957996498331596
8565	0.015624817715760114
8576	0.020449840708300436
8617	0.08457694689589129
8623	0.011514802320485169
8656	0.01806718884266451
8676	0.03368782463033409
8721	0.0808553014366375
8794	0.020429541162977655
8797	0.011809845390490124
8800	0.019827608282761294
8816	0.05149993077377729
8824	0.032913045779189846
8844	0.03533121494546445
8848	0.021011846524031208
8856	0.0352237326563236
8927	0.01863665406065142
8930	0.047043619485300066
8936	0.02332610849503876
8937	0.033214248966496523
8938	0.01776053198434864
8942	0.04129860688065295
8946	0.03718056235234406
9003	0.21707786429810436
9090	0.04639926882721512
9093	0.02811358701993435
9098	0.043415572859620874
9125	0.015911184577469033
9215	0.0176118663281618
9229	0.028426770441600933
9309	0.02149455722668888
9328	0.016712503471442257
9364	0.021249244521014815
9391	0.008848482367793448
9448	0.0415637368833244
9452	0.05149993077377729
9471	0.132264163815443
9537	0.03262523871790777
9550	0.1058861625472525
9551	0.06770907911972009
9745	0.029455236604407374
9787	0.011944871191621503
9849	0.02399554249162546
9904	0.022423914824783422
10032	0.03533121494546445
10046	0.05149993077377729
10068	0.03945766461425945
10093	0.019072207190531768
10177	0.023167850789226684
10178	0.02112958823102606
10182	0.04572238786182163
10184	0.0748869067237384
10185	0.3204676656924468
10211	0.32479488179050586
10350	0.029455236604407374
10480	0.019072207190531768
10556	0.015911184577469033
10564	0.024732026607638947
10568	0.02752457677134559
10584	0.0251298910523401
10608	0.03619794493409077
10636	0.0753896731570203
10688	0.01806718884266451
10749	0.016843912315167044
10794	0.03926272932215354
10828	0.05149993077377729
10859	0.04572238786182163
10894	0.04245975229416255
10909	0.027813190221286147
10994	0.10299986154755458
11090	0.02983268855420112
11097	0.022283744878251677
11119	0.024540880803751344
11142	0.02752457677134559
11157	0.030651164601424787
11160	0.017989318277955545
11210	0.04110248284839859
11272	0.029096204438187633
11318	0.019072207190531768
11327	0.05149993077377729
11353	0.014339556910626997
11416	0.03157220258337529
11528	0.04639926882721512
11530	0.01963136466107677
11589	0.05149993077377729
11659	0.012199236309783134
11712	0.05149993077377729
11837	0.05149993077377729
11841	0.017922350448054503
11995	0.04639926882721512
12144	0.02149455722668888
12148	0.00788546203088415
12150	0.0415637368833244
12157	0.05149993077377729
12243	0.03455589855096954
12257	0.0236532156667357
12275	0.01822544654847659
12374	0.05149993077377729
12391	0.0101677990073689
12403	0.05149993077377729
12506	0.04129860688065295
12518	0.03552106396869728
12520	0.03965656049753172
12532	0.013205208349912356
12610	0.016977710541069026
12631	0.017685823731547198
12662	0.019728832307129726
12676	0.015731729899080327
12776	0.01602892628446389
12804	0.0310972829875286
12862	0.015083492875070265
13001	0.05918649692138918
13002	0.06295212285336141
13037	0.029455236604407374
