166
t_index	tf-idf
27	0.04410293153751783
73	0.03615956734151355
111	0.048190281191604664
114	0.23394142677844687
157	0.04613751513112749
162	0.09638382876110518
407	0.08228222777733606
413	0.0625955629468323
530	0.08587123362444406
554	0.031045221392361284
557	0.06153870787335703
587	0.11497656175270375
592	0.07558081590540715
643	0.03730562103304581
660	0.06458481155437916
742	0.022802091851098556
858	0.12419913586805999
917	0.08587123362444406
1040	0.02363967208675185
1074	0.13519789562966977
1252	0.19998490341751257
1279	0.026062922396786058
1539	0.10551997166590978
1616	0.01974700780583089
1642	0.07071726723105337
1720	0.06418955776217092
1855	0.08228222777733606
2008	0.03825071156652691
2019	0.05382552213248625
2021	0.06494444828778385
2063	0.02497452261879147
2103	0.061581124326248786
2146	0.05317508492104283
2160	0.11881296945510728
2221	0.09638382876110518
2373	0.05669325878598856
2576	0.03770456066874409
2695	0.06494444828778385
2739	0.0903660052725191
2849	0.07039813060318129
2869	0.06433811726914739
2906	0.04509130742585979
2924	0.03229240577718958
2972	0.08442958770432304
2976	0.04488921429122102
3272	0.029792756153549215
3384	0.06011029165310841
3485	0.07929445676643394
3504	0.08797778935589924
3581	0.040150501386799674
3858	0.08562462945041684
4099	0.03895772267799937
4135	0.03209477888108546
4186	0.04893045793963576
4195	0.05556330083766269
4206	0.061077286723459884
4247	0.02903157523150207
4259	0.10037476280639132
4307	0.08744476831466037
4449	0.059192908409628923
4858	0.08820586307503565
4972	0.10847870202454066
5064	0.05382552213248625
5078	0.04613751513112749
5110	0.0340667218844891
5164	0.10551997166590978
5246	0.044453920467033246
5294	0.04509130742585979
5310	0.02490864758255373
5315	0.023578526549864833
5384	0.0903660052725191
5524	0.03895772267799937
5595	0.1689258575541855
5688	0.10353328159247768
5689	0.05106852918958765
5851	0.11838581681925785
5852	0.04868031327296779
5854	0.08587123362444406
5904	0.06759894781483489
6184	0.033352100712072376
6432	0.02315626287238499
6606	0.08561000182770143
6807	0.030587778243912525
6835	0.10037476280639132
7029	0.04429628533549648
7226	0.03320978902066906
7275	0.07086879666009278
7277	0.053497346831065745
7341	0.029792756153549215
7589	0.04268713646028663
7604	0.11163351135887303
7662	0.04657375754151261
7792	0.049967563064953445
7819	0.07158988186012101
7886	0.05669325878598856
7913	0.042491327331045575
7996	0.02050176334533396
8221	0.17007977635796567
8380	0.2710980158175573
8391	0.11579889921598524
8398	0.03881406686856458
8430	0.05023651628537824
8486	0.05164551639176626
8551	0.02663301216265895
8595	0.05285852706213478
8721	0.02183509678074708
8794	0.03723994288239419
8824	0.03999698068350251
8904	0.10037476280639132
9125	0.038671555739095566
9127	0.17174246724888811
9242	0.03640797483639451
9322	0.07849708588254835
9337	0.03519906530159064
9340	0.11277173625688341
9391	0.02150591474987209
9406	0.0470209071345008
9441	0.017966397180379762
9486	0.03279624337997849
9615	0.05630861918472849
9744	0.050786869004422974
9760	0.06689748331594185
9802	0.05317508492104283
9855	0.07558081590540715
9856	0.05341113650907328
9909	0.06832905131443352
10050	0.08707020882689867
10094	0.03473748995195729
10103	0.0223405165014652
10110	0.03770456066874409
10201	0.06375166957898354
10329	0.21731654974652898
10415	0.20498715394330055
10505	0.077969031822027
10695	0.06988525432684396
10719	0.049967563064953445
10740	0.07347426017395198
10796	0.12759724754001756
11089	0.057086352678173746
11159	0.07347426017395198
11160	0.04372238415733019
11279	0.059645718724968225
11353	0.03485177182398405
11410	0.03969383694966568
11412	0.04868031327296779
11491	0.06988525432684396
11492	0.04245082989256427
11493	0.06028348770585489
11634	0.05756976189254061
11659	0.0148249002024719
11671	0.053497346831065745
11716	0.07558081590540715
11748	0.047950209773369175
11802	0.057086352678173746
11876	0.050786869004422974
12156	0.06011029165310841
12275	0.04429628533549648
12291	0.054744338186070156
12469	0.041762858455132855
12470	0.06318384245491505
12663	0.08587123362444406
12676	0.019117698833252227
12749	0.0336331236272902
12785	0.03640797483639451
12952	0.077969031822027
12963	0.08144159075301335
