69
t_index	tf-idf
76	0.09364346002295189
287	0.12389918969800237
367	0.14390224801424822
413	0.05033969699933031
554	0.07490021486807388
557	0.07423465247943418
587	0.13869717775935742
742	0.22005081651749017
778	0.06287983786417874
949	0.08140298919777099
1252	0.0964973774677495
1279	0.06287983786417874
1616	0.047641957806175896
2008	0.09228429969884247
2063	0.12050789309786111
2160	0.05733002724529498
2418	0.11454988370804368
2525	0.18513234968381675
2849	0.08492184742136182
2924	0.15581838510667897
2964	0.19476094320352003
2972	0.06789874014591138
2983	0.18513234968381675
3164	0.16139797526875765
3235	0.14070450586021702
3314	0.09838194653074789
3858	0.06885979930997721
3923	0.09724135749641499
3993	0.0964973774677495
5106	0.15668605064096608
5232	0.08844623589458593
5315	0.05688594333207094
5688	0.08326203614685147
5750	0.15111059379683722
5802	0.0589985918969942
6184	0.04023291504454396
6442	0.07445536791056641
7095	0.13869717775935742
7135	0.09364346002295189
7183	0.058690377924380546
7275	0.0854896157801092
7277	0.12906858423965414
7604	0.1346644284088514
7913	0.03417175982203452
8361	0.09838194653074789
8391	0.13968917024534117
8398	0.09364346002295189
8576	0.2398266038607614
8746	0.14982244522236998
8794	0.059897134963524085
8894	0.15820023311472647
8968	0.18659927062743656
9337	0.08492184742136182
9441	0.043346027145636935
9486	0.23737427847402426
9849	0.14070450586021702
10103	0.0538990998026902
10329	0.14980042973614777
11167	0.09228429969884247
11492	0.10241757467587125
11493	0.07272047000567379
11634	0.0694468801036818
11699	0.05930902325537664
11735	0.14174430973359062
11857	0.16668823760009677
12291	0.0660385481089862
12308	0.18810937640671574
12749	0.08114383062471454
12963	0.13099155303171928
