201
t_index	tf-idf
27	0.03200856439550194
76	0.05634013502058873
111	0.03497503827940862
114	0.024255366003256847
157	0.06697040639427097
193	0.03791546368484577
202	0.03348520319713549
278	0.04086708072144669
287	0.037271674256889264
367	0.0432890459243062
376	0.02464519788577715
384	0.05195775572507504
413	0.015143317670783734
477	0.06385159983246538
491	0.057549501521358355
492	0.05569199159935254
528	0.06758583570674288
554	0.022531676091977492
557	0.022331459895184914
587	0.041723243246359856
592	0.21941701638720223
742	0.0661962549811142
778	0.018915675234940366
908	0.10821788761115408
917	0.06232272584535556
1074	0.09812251470669907
1097	0.04397238401507345
1179	0.05569199159935254
1226	0.12464545169071112
1279	0.03783135046988073
1435	0.038592856995992735
1441	0.03791546368484577
1472	0.05485425409680056
1616	0.02866355359773399
1624	0.043626218805300106
1631	0.049061257353349534
1745	0.05072058898202469
1751	0.05569199159935254
1777	0.13116978840597446
1786	0.03348520319713549
1800	0.026699012888602394
1855	0.05971793471768951
1988	0.04585690836113573
2063	0.14500598261781628
2160	0.017246166870288036
2260	0.09338929172737544
2275	0.030433248762879898
2282	0.09253803998510818
2286	0.14877343270623972
2307	0.0432890459243062
2369	0.05195775572507504
2483	0.04202165698815259
2525	0.05569199159935254
2535	0.05262356454096493
2586	0.05658754846732239
2587	0.03906492451263858
2609	0.24382040584295947
2727	0.030682880034687315
2781	0.0492903957715543
2849	0.025546409480943374
2924	0.023436844530970734
2930	0.1636925826075901
2964	0.05858848997107806
2972	0.0408509487647179
2983	0.05569199159935254
3023	0.06385159983246538
3164	0.048552155785693524
3235	0.04232709287027024
3314	0.029595511260327906
3336	0.05406732067504769
3403	0.017655391075140383
3450	0.049061257353349534
3504	0.06385159983246538
3720	0.053325380109690734
3722	0.12464545169071112
3858	0.0621437480470694
3897	0.037482742745990255
3901	0.06095510146073987
3923	0.02925239632105949
3993	0.029028590327254047
4013	0.02891811794918094
4247	0.021070233041308915
4529	0.057549501521358355
4560	0.05485425409680056
4766	0.08184629130379505
5112	0.048552155785693524
5187	0.03791546368484577
5232	0.02660662512439453
5246	0.01613165073495292
5310	0.018077937732388374
5315	0.017112576400513738
5467	0.06758583570674288
5524	0.08482298556367332
5600	0.017112576400513738
5688	0.025047100766316173
5722	0.05485425409680056
5750	0.045457479120637356
5802	0.03549621759689956
5851	0.30072286992587155
5852	0.03533068863836107
6088	0.0699524471964047
6184	0.04841187767572686
6225	0.057549501521358355
6432	0.016806110284967722
6439	0.03791546368484577
6442	0.02239785608125103
6454	0.019434961523459405
6526	0.0274627876493077
6669	0.07454334851377853
6759	0.04232709287027024
6849	0.014991940724007337
6953	0.03665831167830319
7080	0.05406732067504769
7135	0.05634013502058873
7226	0.04820530669372124
7275	0.05143441405015459
7277	0.03882674487463434
7307	0.14418681074491022
7394	0.05377156966279535
7498	0.0395548100500287
7589	0.04647153517741749
7604	0.020255050585394663
7886	0.04114624042844983
7892	0.03626493532953212
7996	0.029759110761252445
8079	0.06758583570674288
8221	0.2880236829991488
8222	0.07284894556813022
8361	0.08878653378098372
8391	0.04202165698815259
8398	0.028170067510294366
8399	0.010624387730589853
8542	0.05971793471768951
8617	0.04262572978407734
8721	0.03169449635310549
8794	0.07207364337806954
8810	0.0381373567133432
8824	0.05805718065450809
8856	0.062133131764039756
8894	0.047590202731657566
8927	0.03287424685195587
9130	0.21854683670439065
9198	0.04881979342031674
9322	0.0854561910309763
9337	0.025546409480943374
9469	0.12191020292147974
9486	0.02380251451687689
9495	0.03836310894391278
9509	0.09426940489801607
9528	0.039951781756783045
9672	0.057549501521358355
9726	0.045457479120637356
9856	0.01938208802438982
9909	0.09918228847082647
10094	0.025211412151127616
10096	0.05658754846732239
10103	0.06485626566185117
10161	0.035696358624267226
10200	0.0432890459243062
10329	0.06759502827593247
10367	0.04086708072144669
10480	0.03364254362144198
10654	0.1573096968652399
10794	0.034628873069635274
10796	0.023151548957120176
10913	0.02859223239591915
11073	0.049591144235413234
11084	0.05569199159935254
11160	0.03173237469790976
11167	0.02776120139110044
11353	0.050588708905953086
11386	0.03626493532953212
11410	0.028808577838575038
11437	0.03533068863836107
11438	0.024178785096327694
11492	0.0308095193423307
11493	0.04375191922507076
11634	0.04178237968611034
11659	0.010759461020953674
11699	0.017841493561473302
11719	0.04506997493938286
11735	0.04263988935710681
11767	0.0594238568360426
11809	0.07658318144240772
11841	0.031614246359843175
11944	0.06758583570674288
11988	0.04626901999255409
12074	0.07765348974926868
12078	0.1399048943928094
12121	0.05858848997107806
12275	0.03214889469278501
12291	0.01986588660923042
12308	0.05658754846732239
12391	0.01793555503157918
12469	0.181861263766221
12626	0.02137423817930012
12676	0.013875043514452203
12749	0.02440989671015837
12776	0.02827432852122444
12952	0.11317509693464478
12963	0.019702608656693234
