113
t_index	tf-idf
76	0.046364626545685995
157	0.05511271637791592
193	0.062404405435378514
278	0.06726242082912494
384	0.08551637085941474
413	0.024924124452736836
477	0.1050922430162791
554	0.037084495699953035
557	0.03675496332700813
587	0.06867156391035839
592	0.09028366739664045
742	0.054475635171992075
908	0.059371316058799035
1074	0.08074907432218902
1226	0.20515179156550684
1279	0.031132982475352493
1441	0.062404405435378514
1616	0.047176846755710995
1624	0.07180363844598348
1631	0.08074907432218902
1745	0.08348013952999706
1777	0.21589008444148053
1800	0.043943443204959916
2063	0.14916427313558098
2260	0.07685390943283257
2286	0.24486361791017486
2307	0.07124869143696752
2369	0.08551637085941474
2525	0.09166248505247121
2587	0.06429628311689393
2781	0.0405631046393842
2849	0.04204639320563469
2924	0.038574296766973076
2964	0.09642978158969694
2972	0.03361793476037903
2983	0.09166248505247121
3023	0.1050922430162791
3235	0.06966542955488078
3314	0.04871073974218563
3897	0.06169219753168064
3923	0.04814601280230122
4013	0.04759582981573986
4529	0.09471972848318835
5232	0.04379138378290411
5315	0.02816529331193101
5467	0.11123835720933559
5524	0.13960868381705668
5688	0.04122458963430009
5750	0.07481767810341487
5851	0.2121233857193282
5852	0.058150168923837446
6088	0.11513352209869204
6184	0.03984013577514947
6442	0.0368642436604645
6454	0.03198766678978242
6669	0.061344803558657554
6759	0.06966542955488078
7080	0.08898846729807636
7135	0.09272925309137199
7275	0.04232750592734881
7277	0.06390426737313268
7307	0.1582097174730652
7498	0.06510257724391104
7589	0.025495565138638612
7604	0.03333743718266256
7892	0.05968782938282851
7996	0.024490002664582837
8079	0.11123835720933559
8221	0.27088753983666236
8222	0.11990081863591777
8361	0.1461322192265569
8391	0.06916271792300906
8399	0.017486495878128602
8617	0.0350784754412436
8794	0.07414047636267604
8856	0.10226384616582342
8894	0.07832789098146295
9130	0.23980163727183554
9322	0.04688362191204199
9469	0.10032494647905338
9486	0.03917614666773421
9495	0.06314117701940132
9509	0.07757819095008098
9528	0.03287797305262191
9672	0.09471972848318835
9726	0.07481767810341487
9909	0.08162120597005829
10094	0.04149502689864825
10103	0.0533729025580192
10329	0.037084495699953035
10654	0.15534798440592815
10794	0.056995062826344825
10913	0.04705946042407633
11084	0.09166248505247121
11160	0.052227766289119106
11167	0.04569168087678823
11438	0.039795443901934666
11492	0.05070885463221685
11634	0.06876889555300605
11659	0.017708810668880418
11735	0.07018025587866152
11767	0.04890234872707684
11988	0.0761533791782962
12074	0.06390426737313268
12078	0.23026704419738409
12121	0.09642978158969694
12275	0.05291330933952694
12308	0.0931364666011016
12391	0.029519819596629655
12469	0.2494352553044113
12676	0.022836693970208967
12749	0.04017582650704253
12952	0.0931364666011016
