318
t_index	tf-idf
9	0.07050170916683444
27	0.0275719090249717
73	0.04521188349007701
76	0.0242654599882741
111	0.030127204758994795
112	0.03175051823169385
114	0.14625358250438067
157	0.028843873309227597
162	0.06025645156533307
167	0.03496715770765339
202	0.057687746618455195
220	0.04797261466723638
240	0.05144052831768728
278	0.10560768216704959
287	0.06421101547208054
310	0.03594005194363104
363	0.1410034183336689
367	0.11186646373029961
413	0.026088653773786222
498	0.03192660423619699
530	0.05368427355766918
546	0.031072660379489483
554	0.019408596890257108
557	0.05770839701058582
586	0.06117988477542239
587	0.03594005194363104
633	0.07050170916683444
638	0.02365621504553436
643	0.023322422192461365
645	0.04657313675354573
660	0.04037660279016692
707	0.042717395894681515
741	0.04797261466723638
742	0.12829702293291811
749	0.032851199346539864
778	0.016293804066919552
784	0.045934035370641065
807	0.05368427355766918
858	0.07764579713303521
949	0.021093635122199483
979	0.02982902094938844
1040	0.014778856312569933
1074	0.08452191155360717
1248	0.03210550773604027
1252	0.25004984345336523
1279	0.048881412200758666
1447	0.027814988820057708
1503	0.0414004366595725
1531	0.03915669141959059
1539	0.06596811045576587
1616	0.024690544766830635
1642	0.044210441134293677
1690	0.028709964760237443
1720	0.04012950126605917
1745	0.043690290130659164
1829	0.033445032529157794
2008	0.023913266140948904
2019	0.03365019847254438
2021	0.040601437533567986
2063	0.04684010166092724
2103	0.03849878224386088
2146	0.033243563471306005
2160	0.14855703558010383
2204	0.02408797641734227
2209	0.028979405031654318
2214	0.027452322535321743
2218	0.02939614507668769
2221	0.06025645156533307
2287	0.02315918965551708
2293	0.031072660379489483
2302	0.025004984345336524
2348	0.04099380165833413
2372	0.03757925913641656
2373	0.07088605310722752
2418	0.05936571799243018
2498	0.010956671153654458
2525	0.04797261466723638
2535	0.13598849197033402
2548	0.05368427355766918
2576	0.047143656003944975
2695	0.040601437533567986
2739	0.05649427803239037
2745	0.07050170916683444
2781	0.0212291668446262
2811	0.02939614507668769
2818	0.020631807757675234
2823	0.03496715770765339
2849	0.0440109259147047
2869	0.040222376480208266
2906	0.028189813756602924
2924	0.08075320558033384
2931	0.043690290130659164
2964	0.05046763408170963
2972	0.08797166197516676
2976	0.028063470828172163
2983	0.04797261466723638
3010	0.05046763408170963
3134	0.029977118878706906
3164	0.08364483990900354
3235	0.07292040589453112
3244	0.03619710303904559
3294	0.03451071758977547
3314	0.025493325284277887
3384	0.03757925913641656
3403	0.015208205857319718
3427	0.07825194735386255
3433	0.019702084348293628
3485	0.04957265814152989
3581	0.0502019223190235
3780	0.023826924165972294
3848	0.04981964873002952
3858	0.14274694288718487
3923	0.0251977689521124
3947	0.04657313675354573
3993	0.07501495303600957
4014	0.06457464072609839
4020	0.03140645323256247
4025	0.04957265814152989
4078	0.032472138293180144
4099	0.07306580864703645
4186	0.030589942387711195
4206	0.07636759436722589
4247	0.03629944419697628
4255	0.02939614507668769
4307	0.027334001534915192
4321	0.07050170916683444
4414	0.04099380165833413
4449	0.07401147400849742
4524	0.05821787226873775
4666	0.03818379718361294
4708	0.012849300485628759
4842	0.04874403984536224
4858	0.1102876360998868
4972	0.022605941745038504
4980	0.026872854521493905
5064	0.03365019847254438
5106	0.040601437533567986
5110	0.0212975537868522
5117	0.014002326715182567
5143	0.07825194735386255
5232	0.02291872382425318
5246	0.013895668702631453
5272	0.032851199346539864
5294	0.05637962751320585
5304	0.1236377113701808
5310	0.01557218400543325
5315	0.02948125969461765
5384	0.05649427803239037
5595	0.07040512144469972
5600	0.014740629847308825
5688	0.10787681308275353
5712	0.02435526954901215
5721	0.04182241995450177
5750	0.03915669141959059
5802	0.045864216380625045
5852	0.030433558996584825
5854	0.05368427355766918
5856	0.021435595419169694
5882	0.07050170916683444
5904	0.04226095577680358
5916	0.04725099460575008
5985	0.07050170916683444
6009	0.023404940871043015
6073	0.03672964321868244
6087	0.026649222462930482
6150	0.037288821243433204
6172	0.0550012327927782
6184	0.03127618917495349
6377	0.07825194735386255
6442	0.019293325454903722
6460	0.03140645323256247
6557	0.02178834486937697
6563	0.028843873309227597
6606	0.0535209588054947
6675	0.04957265814152989
6759	0.03646020294726556
6807	0.01912261633446579
6834	0.028189813756602924
6835	0.06275147097980632
6849	0.012913932054015715
6901	0.037288821243433204
6969	0.02982902094938844
7015	0.026872854521493905
7025	0.052506213378304946
7029	0.02769278836658565
7095	0.03594005194363104
7135	0.0485309199765482
7183	0.030416411714639435
7275	0.04430517305996003
7277	0.06689006505831559
7311	0.06275147097980632
7319	0.042717395894681515
7341	0.018625590944448513
7377	0.03849878224386088
7562	0.02136636157444769
7589	0.026686793870342725
7604	0.12213271535558996
7616	0.020250592532225598
7618	0.07825194735386255
7662	0.02911659976147581
7677	0.012881569570647117
7767	0.03594005194363104
7792	0.031238311264058242
7794	0.0309094278425452
7819	0.04475597519127683
7913	0.0708383453996473
7996	0.012817124261415066
8009	0.04287119083833939
8068	0.07825194735386255
8151	0.04226095577680358
8221	0.03544302655361376
8305	0.028979405031654318
8361	0.025493325284277887
8380	0.22597711212956148
8391	0.03619710303904559
8398	0.0727963799648223
8399	0.018303517042146018
8430	0.06281290646512494
8435	0.032472138293180144
8499	0.052506213378304946
8551	0.03330041622222404
8576	0.06214532075897897
8595	0.033045660425348
8620	0.027452322535321743
8671	0.06025645156533307
8721	0.013650686723127846
8746	0.038822898566517605
8791	0.03818379718361294
8794	0.031041816086535317
8812	0.039855745923068384
8894	0.04099380165833413
8904	0.06275147097980632
8968	0.04835273209833774
9117	0.028317600635471295
9125	0.02417636604916887
9127	0.10736854711533836
9242	0.02276123910535462
9322	0.07361124652806325
9337	0.0880218518294094
9391	0.013444891400877675
9414	0.052506213378304946
9441	0.06739250901848129
9486	0.10251643227665701
9499	0.022529094499598046
9523	0.04725099460575008
9615	0.03520256072234986
9637	0.05649427803239037
9668	0.030589942387711195
9744	0.03175051823169385
9760	0.04182241995450177
9820	0.06596811045576587
9849	0.03646020294726556
9855	0.04725099460575008
9856	0.03339113626711526
9873	0.03757925913641656
9909	0.042717395894681515
9950	0.056126941656344326
9986	0.08344496646017313
10050	0.027216919520625275
10094	0.043433798131830036
10103	0.0418999826366607
10110	0.023571828001972488
10158	0.02444580632058575
10161	0.03074854405683276
10207	0.018843768212095796
10213	0.01735072297248363
10243	0.06025645156533307
10284	0.03915669141959059
10329	0.2523117595733424
10415	0.042717395894681515
10505	0.04874403984536224
10695	0.043690290130659164
10740	0.045934035370641065
10749	0.02559360604792623
10796	0.059827650538672596
10878	0.02435526954901215
10913	0.024629109281512004
10936	0.04099380165833413
11159	0.045934035370641065
11167	0.023913266140948904
11248	0.03818379718361294
11279	0.037288821243433204
11353	0.02178834486937697
11380	0.03787744294602292
11410	0.04963093486414707
11438	0.02082740277798812
11491	0.043690290130659164
11492	0.05307812333684182
11493	0.07537507284838318
11519	0.025004984345336524
11594	0.026321943580445543
11634	0.03599099157705896
11659	0.018536219041998172
11699	0.015368512978847896
11715	0.10560768216704959
11716	0.04725099460575008
11735	0.03672964321868244
11766	0.044210441134293677
11857	0.043193264740641876
11883	0.03175051823169385
12133	0.04797261466723638
12148	0.011981623090177418
12156	0.03757925913641656
12275	0.02769278836658565
12291	0.051336924535773
12308	0.04874403984536224
12347	0.05368427355766918
12470	0.03950075641872196
12485	0.021860250134538902
12611	0.05821787226873775
12662	0.029977118878706906
12663	0.05368427355766918
12749	0.042052960769213436
12785	0.04552247821070924
12795	0.03619710303904559
12869	0.016786843988992967
12871	0.043193264740641876
12963	0.11880163343386738
