293
t_index	tf-idf
24	0.031190168175807186
81	0.018746309049276835
84	0.03147047122174996
101	0.022159180078705668
105	0.09919532150173853
112	0.02507050732947975
171	0.045969378602556454
218	0.026735541870775908
312	0.061788472407444374
342	0.06738573479987986
478	0.0221692417051972
501	0.061788472407444374
538	0.08123584836064511
554	0.015325210349051684
556	0.021583184275116744
557	0.01518903071826843
742	0.02251211866715594
748	0.08291879822169416
878	0.03336964750690467
988	0.03205927631935937
1019	0.01749189033432573
1036	0.1479122806997486
1174	0.04757905995717452
1181	0.026249429870201527
1213	0.0683261796169112
1279	0.025731481376392078
1330	0.061788472407444374
1408	0.02922007741819221
1428	0.019089885645735438
1460	0.019819954626704495
1616	0.019495885989280506
1646	0.036961522162986156
1669	0.017036108912215426
1690	0.022669657757968482
1723	0.12357694481488875
1813	0.026249429870201527
1845	0.035821926210027326
1883	0.08685897973692412
1996	0.028580822446978852
1998	0.023908845408830332
2063	0.024656922729776508
2107	0.03147047122174996
2112	0.02061588102444847
2172	0.04757905995717452
2181	0.061788472407444374
2204	0.019020092362476617
2220	0.030150284797668535
2230	0.03533973826451965
2271	0.027428352410923305
2304	0.02798614657269848
2307	0.02944360339158091
2358	0.04145939911084708
2372	0.02967293587905916
2386	0.013776734122428629
2397	0.04933653840128725
2403	0.03626994564399597
2425	0.045969378602556454
2483	0.02858157244628739
2488	0.035792596725386594
2498	0.025954471274443117
2505	0.02922007741819221
2508	0.025350810375422524
2581	0.023323942545253475
2587	0.05314102537087099
2591	0.03889475190640147
2611	0.03490897945062336
2686	0.0384887515628564
2818	0.0814553456788758
2821	0.02121905826320159
2845	0.017972488123019575
2858	0.0299083846150362
2891	0.07101064364503258
2900	0.01555695080173098
2906	0.044517883282680484
3041	0.018950846483152314
3134	0.023670214548344195
3181	0.04238960649032341
3189	0.03730982902213462
3201	0.04238960649032341
3272	0.014706941501904955
3294	0.02724998666057724
3403	0.024017084296506
3452	0.02922007741819221
3505	0.020784053811159085
3533	0.06893969174043042
3537	0.028789318604295924
3588	0.020369479794379915
3755	0.02724998666057724
3780	0.018813963053544106
3794	0.02922007741819221
3839	0.015604037869904552
3853	0.049549150714789506
3916	0.03410580741902591
3933	0.04342948986846206
3998	0.020450851839108053
4013	0.03933806243803407
4072	0.02355327503273172
4276	0.02909829887568145
4337	0.049549150714789506
4390	0.03449826333399512
4644	0.07354917219405274
4813	0.05208903944888389
4829	0.06981795890124672
4949	0.06973445674561714
5054	0.014835831445811012
5077	0.15795621552729566
5078	0.09110157282254827
5117	0.0221127373091086
5209	0.03175996615228661
5232	0.018096839535825374
5279	0.014010108177546653
5315	0.011639339740263151
5431	0.05208903944888389
5600	0.011639339740263151
5619	0.09907012651144186
5626	0.04907052880874299
5649	0.032369090716528964
5715	0.021962976351880863
5749	0.03787962699861404
5781	0.04460841240918385
5956	0.05675720497533536
6013	0.01974417043302043
6052	0.025209546492062876
6161	0.02427933911258655
6252	0.027796272494385856
6260	0.25043228318752153
6421	0.03373005690990158
6432	0.022861785711378636
6433	0.030654925250698933
6442	0.01523419094131106
6454	0.013218939960653457
6501	0.021676611648058414
6503	0.11133762312223389
6557	0.05161284509677812
6573	0.03677458609702637
6646	0.04262823735080955
6667	0.02321147217899228
6796	0.01974417043302043
6807	0.015099397416874154
6849	0.010196962010195586
7019	0.02378872376870876
7027	0.024535264404371496
7028	0.03730982902213462
7035	0.05208903944888389
7039	0.016393730808265634
7202	0.3894744640907905
7215	0.08395843971809544
7218	0.10601921479355894
7331	0.060866552651175805
7343	0.020288850883725267
7394	0.018286713614137997
7405	0.2321147217899228
7430	0.02967293587905916
7476	0.04238960649032341
7589	0.021072143025964385
7593	0.11118508997754342
7649	0.12437819733254125
7682	0.025939615473031932
7717	0.01518903071826843
7869	0.061788472407444374
7911	0.03790169296630463
7996	0.03036156500443204
8012	0.04734042909668839
8015	0.06260550966744816
8043	0.01989639496875607
8055	0.03677458609702637
8289	0.03147047122174996
8312	0.018159678266259114
8361	0.06038930707162226
8399	0.007226314462204901
8423	0.03787962699861404
8432	0.04145939911084708
8437	0.03269017353176293
8486	0.025494371332908546
8561	0.040617924180322555
8566	0.026570512685435494
8602	0.05208903944888389
8614	0.049549150714789506
8617	0.02899244035624206
8620	0.021676611648058414
8707	0.02724998666057724
8721	0.043114841659874364
8783	0.018950846483152314
8791	0.030150284797668535
8794	0.07966045574834914
8797	0.028338380074795663
8800	0.04757744753741752
8814	0.03787962699861404
8832	0.03787962699861404
8865	0.0769775031257128
8923	0.03175996615228661
8930	0.018813963053544106
8936	0.02798614657269848
8944	0.03730982902213462
8946	0.04460841240918385
8957	0.017036108912215426
8982	0.09193875720511291
9002	0.1449246344723798
9045	0.014454672786836148
9068	0.02837860248766768
9108	0.05566881156111694
9135	0.061788472407444374
9215	0.021130325814249798
9241	0.018813963053544106
9251	0.11118508997754342
9336	0.07521152198843926
9337	0.017375720179905407
9441	0.008868959654823927
9448	0.024933623899871547
9454	0.03205927631935937
9473	0.03147047122174996
9475	0.03039899995891399
9485	0.02724998666057724
9499	0.01778918456250289
9620	0.026093163766826116
9787	0.02866238198556123
9806	0.20845931131467543
9807	0.051783176314440335
9847	0.026408511730052705
10103	0.011028206575317119
10110	0.03722507345425212
10145	0.0384887515628564
10182	0.027428352410923305
10184	0.11230955799979978
10185	0.0720918718540233
10207	0.014879216321098836
10401	0.061788472407444374
10422	0.030654925250698933
10426	0.029002071172620013
10480	0.022882410326292575
10556	0.019089885645735438
10676	0.03730982902213462
10698	0.049549150714789506
10700	0.2673554187077591
10725	0.03205927631935937
10744	0.01952064445963173
10760	0.025350810375422524
10794	0.02355327503273172
10859	0.027428352410923305
10878	0.05769344858728526
10904	0.06235216143347726
10953	0.05544228324447924
11008	0.024798830375434632
11050	0.016139280795012804
11066	0.06769552094026957
11091	0.024030623951341097
11165	0.021676611648058414
11210	0.061642306824441266
11438	0.016445512800429083
11441	0.020450851839108053
11529	0.04460841240918385
11530	0.02355327503273172
11553	0.039143036350141394
11555	0.030654925250698933
11594	0.020784053811159085
11644	0.04279848839587635
11659	0.007318186304269112
11779	0.05636038808010712
11780	0.03373005690990158
11810	0.026735541870775908
11813	0.039143036350141394
11841	0.02150283776109514
11843	0.022882410326292575
11876	0.02507050732947975
11933	0.061788472407444374
11937	0.02578869206534447
12191	0.07354917219405274
12366	0.04238960649032341
12391	0.07319459567869714
12469	0.04123176204889694
12485	0.01726105877148011
12504	0.04642294435798456
12518	0.042617383129191735
12532	0.031686631011106844
12568	0.02121905826320159
12577	0.024666063898269842
12626	0.04361389203510742
12662	0.023670214548344195
12677	0.024933623899871547
12682	0.0384887515628564
12718	0.059459863880113484
12724	0.045969378602556454
12727	0.06538034706352586
12739	0.05208903944888389
12749	0.01660270634793108
12840	0.017972488123019575
12842	0.058004142345240026
12843	0.02858157244628739
12862	0.018096839535825374
12869	0.09278534748177573
13001	0.023670214548344195
13002	0.09441069743863453
13036	0.032369090716528964
