58
t_index	tf-idf
158	0.1822710350715123
376	0.07369532033469152
554	0.067375360302303
592	0.16402797194488047
799	0.21783661079005254
847	0.12944510006210969
1279	0.05656261119292545
1429	0.20209859282041584
2078	0.057021962450000206
2160	0.05157036262974778
2196	0.1553667156489263
2304	0.12303757441902262
2449	0.16653301710187562
2972	0.12215457831358467
4067	0.13477052430368838
4099	0.08454733077320689
5064	0.1168139180359704
5246	0.048237679971147425
5310	0.0540575660359303
5412	0.10304162279120604
5600	0.05117089363342212
5851	0.2569247924526805
5852	0.10564761658302105
6184	0.036190912828656406
6373	0.10254078063952368
6501	0.09529849748596807
6591	0.06318539426207269
6669	0.11145165019579291
6692	0.21783661079005254
6908	0.1359292589545902
6953	0.10961754231320621
7579	0.2716452496352246
7589	0.04632051359751368
7635	0.1751942733978298
7677	0.1341519527643765
7817	0.15735765092954673
8486	0.11208279789397527
8794	0.02693978285877569
9151	0.12565528940319892
9337	0.07639016894182897
10103	0.04848412351783453
10161	0.10674106151590543
10654	0.0940790863677945
10887	0.13712365252229444
11050	0.07095431865646881
11089	0.1238906797096529
11386	0.21688249681850477
11433	0.21783661079005254
11493	0.06541460363785316
11721	0.09137447918657436
12266	0.24474093021263857
12291	0.05940398142409675
12582	0.10564761658302105
12620	0.10304162279120604
12626	0.06391433076877666
12869	0.05827415904880323
12952	0.16921095665703165
12982	0.09698636028706686
