71
t_index	tf-idf
114	0.12294127207547824
131	0.11056239751332914
218	0.09961756464202981
289	0.308958343983223
554	0.11420454015694534
638	0.06959923935782444
708	0.0877603270375221
742	0.04194047099164646
778	0.04793820005103066
1038	0.38817116776768285
1202	0.10806273213969374
1252	0.147134939992715
1283	0.09722404134618101
1416	0.09393165245752495
1616	0.03632117673503564
1917	0.056594860008459945
2017	0.10806273213969374
2160	0.08741429394116278
2175	0.1846218695751825
2275	0.07712731104110211
2576	0.1387019264115498
2760	0.0966519150299594
2820	0.10573966600077961
2972	0.10352900067453628
3727	0.08863761726748803
3839	0.058141191178960966
3858	0.052497190624532855
3998	0.07620058964631697
4523	0.13901772862356843
4682	0.08863761726748803
4831	0.08607296056419038
4980	0.1581259073329667
5595	0.10356988406671098
6184	0.030672686119316533
6598	0.10153440393223351
7020	0.09093900536014984
7131	0.1351430867650792
7377	0.11326773768405729
7600	0.07620058964631697
7677	0.07579804648598508
7877	0.10500038918150821
8009	0.06306592721974374
8398	0.14278341269732503
8678	0.09093900536014984
8856	0.07873233345642645
8968	0.14225916396343583
9215	0.07873233345642645
9242	0.06696611970786497
9322	0.14438169861276076
9441	0.03304605405016001
9745	0.13167710151580447
9849	0.1072700086246731
9856	0.049120235020931526
10103	0.08218296728095663
10329	0.171306810235418
10481	0.06561402114649072
10879	0.1351430867650792
11167	0.14071102505347272
11210	0.045936278489869274
11412	0.0895389458134651
11594	0.07744211185484673
11634	0.05294476805937802
11876	0.09341358767195433
12291	0.05034633099987146
12394	0.1256793724564203
12485	0.06431530904699381
12509	0.28995574508987826
12610	0.07589739455998061
12620	0.08733030216903243
12887	0.07873233345642645
12963	0.049932533921235214
