226
t_index	tf-idf
15	0.05573651093984142
73	0.034048134732003736
76	0.0365476324911849
114	0.06293745673859397
126	0.054131420166139955
148	0.04730310124555441
167	0.10533217419147851
184	0.0746642879320353
230	0.031369372879954775
287	0.14506796470127223
310	0.054131420166139955
375	0.09935844027849833
407	0.0774775967575195
413	0.0785873031687721
478	0.02114361582869069
499	0.05266608709573926
507	0.07116749431201456
554	0.05846485223502439
586	0.04607330637263167
633	0.10618675919908388
660	0.030406784802980563
714	0.08508934561225596
742	0.12882378069160236
778	0.02454105395936923
784	0.06918394476653325
940	0.05798527394439305
949	0.03177036102846733
1134	0.050682537550257936
1140	0.042650799183591326
1181	0.05007008072518665
1252	0.037661473499484684
1279	0.09816421583747692
1283	0.04977200734038147
1447	0.041893786049517635
1531	0.05897618954124418
1720	0.03022069775382786
1745	0.13160901692365945
1751	0.07225436861063542
1917	0.02897266713835874
1998	0.045605478884138226
2017	0.22128267958446812
2063	0.047032416232250955
2146	0.05007008072518665
2160	0.13425027861788377
2275	0.03948386672811773
2302	0.037661473499484684
2348	0.061743169020876426
2372	0.05660032626096702
2418	0.08941418975000363
2430	0.07908268753122095
2480	0.050682537550257936
2498	0.033004970096922666
2535	0.06827341455665678
2539	0.0746642879320353
2576	0.10650873802241728
2585	0.05616288071575999
2643	0.09075577582691073
2781	0.03197449330473749
2783	0.07116749431201456
2811	0.04427525822463301
2818	0.031074775747942623
2821	0.040474782324968865
2849	0.06628743682191365
2869	0.06058128031494565
2924	0.0912203544089417
2972	0.0264998559521296
2977	0.06002907652944717
2983	0.07225436861063542
3080	0.046554502154421695
3099	0.08284058260770434
3164	0.06299119963634553
3272	0.05610618987629277
3359	0.06580450846182972
3452	0.05573651093984142
3522	0.06433917539142903
3578	0.06002907652944717
3581	0.03780602980848711
3848	0.07503629494371479
3858	0.13437471436771795
3888	0.06658793839598065
3910	0.053752961394360095
3923	0.0759036754056682
3946	0.055143798312712704
3985	0.06740959923553119
4247	0.05467272191775678
4255	0.08855051644926602
4276	0.07400562886510127
4328	0.04977200734038147
4414	0.061743169020876426
4422	0.02733636095887839
4449	0.05573651093984142
4529	0.0746642879320353
4708	0.03870617018136033
4845	0.09451367090339412
4858	0.08305533862634372
4896	0.10618675919908388
4980	0.08094956464993773
5106	0.06115220639986665
5117	0.06326917656479071
5131	0.11785984749477364
5232	0.03451923416661123
5294	0.042458331870450186
5304	0.046554502154421695
5310	0.04690835932149676
5344	0.11785984749477364
5386	0.11785984749477364
5417	0.04470709487500182
5595	0.053020641382886535
5600	0.022201727171393792
5612	0.05491485010029088
5688	0.09748775718508389
5744	0.07994407466308473
5750	0.05897618954124418
5802	0.06907878629068963
5820	0.06433917539142903
5854	0.08085703306222301
5856	0.032285407488179325
5923	0.06580450846182972
6184	0.04710690290822208
6313	0.042650799183591326
6442	0.02905880904789708
6501	0.041347553087196766
6557	0.03281670412438046
6606	0.04030552756766828
6796	0.037661473499484684
7012	0.17537070396561713
7133	0.07601226368711879
7135	0.0730952649823698
7183	0.09162388329620783
7275	0.06673061970538542
7277	0.05037352508965658
7377	0.05798527394439305
7562	0.032181130333982615
7600	0.03900944925456816
7604	0.1051149976285773
7616	0.030500605138091823
7662	0.043854218629672384
7677	0.019401687452252854
7717	0.05794533427671748
7792	0.04704985276503079
7819	0.06740959923553119
7913	0.04001017004006428
8009	0.032285407488179325
8043	0.0379518377028341
8058	0.04324176180460111
8113	0.03088120227653014
8201	0.061743169020876426
8271	0.04890819201925588
8361	0.03839699242949688
8398	0.0730952649823698
8399	0.02756800054380803
8430	0.04730310124555441
8435	0.04890819201925588
8551	0.02507785499391845
8617	0.027651149686590402
8620	0.041347553087196766
8794	0.023376949926724566
8810	0.04947911810417687
8893	0.03980773645178774
8894	0.061743169020876426
8908	0.07601226368711879
8968	0.03641344288401556
9045	0.055143798312712704
9215	0.04030552756766828
9242	0.034282037194781165
9322	0.07391347719833649
9337	0.06628743682191365
9374	0.03314371841095683
9486	0.03088120227653014
9615	0.053020641382886535
9726	0.05897618954124418
9744	0.04782131772063503
9781	0.02897266713835874
9802	0.05007008072518665
9835	0.06580450846182972
9856	0.05029234876830389
9873	0.05660032626096702
9950	0.04226803937575283
9989	0.04406342264415165
10094	0.032709095409391056
10103	0.06310802134110387
10169	0.09451367090339412
10173	0.06580450846182972
10329	0.11692970447004877
10342	0.05451857989734667
10478	0.04406342264415165
10481	0.033589855933954756
10550	0.06058128031494565
10600	0.09935844027849833
10681	0.038098919044691704
10714	0.04152766931317186
10749	0.03854803116923336
10751	0.05037352508965658
10778	0.09451367090339412
10922	0.03370326179412913
11051	0.06918394476653325
11167	0.03601717268107135
11244	0.0688004361538838
11386	0.04704985276503079
11492	0.039972037331542365
11493	0.028381704517348963
11594	0.03964502304496601
11634	0.08131221500358873
11644	0.04081848214406649
11703	0.04448979242007023
11782	0.05266608709573926
11841	0.041016084076585684
11927	0.07116749431201456
11971	0.06505590937069701
12148	0.03609245054981918
12291	0.02577385100835769
12308	0.07341625731656619
12394	0.06433917539142903
12405	0.05007008072518665
12468	0.06002907652944717
12469	0.03932423798228017
12485	0.032925004861584256
12620	0.08941418975000363
12765	0.09075577582691073
12785	0.06856407438956233
12787	0.09451367090339412
12839	0.03932423798228017
12869	0.05056730060695695
12871	0.06505590937069701
12963	0.1278100771393817
12964	0.14459291769978105
