216
t_index	tf-idf
37	0.0862958802424475
75	0.09909580671516723
114	0.02645870574534925
174	0.08928114866065
189	0.08856261904657513
212	0.07517887943519153
348	0.02985062213268144
401	0.08915883300503523
412	0.12157280133418609
413	0.08259462796929447
424	0.08928114866065
478	0.017777417092895816
557	0.024360033410810153
579	0.03955921558262086
586	0.03873814161547638
645	0.05897875661774965
661	0.1670798834827131
742	0.018052368615611027
795	0.07946649060613276
801	0.041359676728898155
924	0.044883934873527244
940	0.0487536478390098
946	0.06391062563232205
1024	0.06798407676754585
1029	0.06798407676754585
1082	0.05242821179373517
1190	0.032668391917538016
1220	0.10094412798753814
1227	0.09909580671516723
1233	0.05351794615817497
1252	0.06333105256527373
1279	0.0825358454617713
1462	0.06075101146286041
1554	0.034174691465327395
1557	0.09909580671516723
1568	0.07946649060613276
1646	0.029639281515239035
1685	0.09909580671516723
1690	0.03635739703466076
1849	0.04835476065851137
1984	0.05740385073034274
1988	0.05002251644258101
1996	0.022918835396107774
2078	0.02080153206085007
2160	0.01881279607963333
2167	0.03602421557997
2220	0.04835476065851137
2260	0.05093635340834317
2283	0.047589192675825495
2498	0.041625551961318584
2546	0.0737252836868393
2549	0.07154257811750594
2641	0.06514266831525706
2798	0.03998832595176211
2869	0.05093635340834317
2918	0.09909580671516723
2920	0.07946649060613276
2924	0.051131660760030465
2972	0.044561819130615396
3191	0.07154257811750594
3352	0.05409596757780481
3475	0.09909580671516723
3505	0.03333328206670651
3581	0.09536120491083665
3699	0.08928114866065
3768	0.03618982633925352
3771	0.03506927681901
3874	0.05242821179373517
3881	0.056677560327636614
4099	0.030842747884734584
4155	0.04835476065851137
4195	0.043989349519844644
4210	0.047966803280565094
4221	0.0696518325516155
4267	0.09909580671516723
4276	0.015555864973810691
4300	0.06391062563232205
4324	0.09909580671516723
4431	0.03758943971759576
4523	0.05983717449709826
4545	0.08928114866065
4595	0.031665526282636865
4644	0.05897875661774965
4697	0.03998832595176211
4763	0.3341597669654262
4770	0.05897875661774965
4780	0.06514266831525706
4841	0.05983717449709826
4965	0.054698592928044486
4997	0.06075101146286041
5117	0.0354642129340405
5232	0.02902355152870693
5246	0.017597038112125596
5310	0.01972012439968067
5315	0.03733414069820303
5326	0.09909580671516723
5417	0.03758943971759576
5421	0.1430851562350119
5424	0.08928114866065
5425	0.1329844367643077
5502	0.09909580671516723
5516	0.05191326200847145
5633	0.07154257811750594
5639	0.0487536478390098
5675	0.026970552745785543
5688	0.027322361116343764
5763	0.09909580671516723
5895	0.0696518325516155
6150	0.047221391256447545
6172	0.139303665103231
6184	0.013202394326165875
6426	0.09909580671516723
6442	0.024432460977951417
6549	0.0763068764366711
6585	0.027233586164084878
6591	0.023049943355991115
6670	0.056294846259694074
6849	0.04906139302721301
6901	0.047221391256447545
6907	0.03618982633925352
7015	0.034030938367635676
7020	0.039142727954233805
7080	0.05897875661774965
7135	0.030729015879678835
7183	0.01925919391253385
7212	0.04835476065851137
7223	0.09909580671516723
7362	0.020304654465025326
7374	0.09909580671516723
7377	0.0487536478390098
7405	0.037226354221160086
7431	0.047966803280565094
7553	0.0737252836868393
7589	0.05069297551019584
7616	0.025644713918317366
7717	0.024360033410810153
7996	0.01623120332980153
8113	0.05192943512102735
8160	0.05351794615817497
8242	0.06075101146286041
8295	0.04651326578054735
8312	0.029124331729975313
8348	0.07946649060613276
8394	0.05242821179373517
8399	0.011589499356572506
8507	0.06514266831525706
8558	0.09909580671516723
8616	0.07154257811750594
8715	0.047221391256447545
8721	0.034573601265850296
8752	0.05740385073034274
8760	0.04235373803676092
8794	0.009827595066384103
8797	0.022724421927726435
8911	0.08928114866065
8949	0.08928114866065
9022	0.0737252836868393
9211	0.033197782865199116
9215	0.03388863004914048
9333	0.05002251644258101
9409	0.06798407676754585
9618	0.04160172635812946
9674	0.07946649060613276
9700	0.09909580671516723
9761	0.08131481187850366
9787	0.022984237630183427
9849	0.04617205508917801
9939	0.05141638441264671
9950	0.07107739487605257
10050	0.03446665146877032
10072	0.0763068764366711
10110	0.02985062213268144
10248	0.08928114866065
10280	0.06277725623025823
10293	0.09909580671516723
10461	0.04370328810365773
10481	0.02824213624889594
10591	0.10592519635148198
10660	0.0737252836868393
10674	0.055328010260739816
10864	0.07946649060613276
10876	0.07946649060613276
10884	0.0737252836868393
10936	0.05191326200847145
11050	0.025884036097188076
11080	0.06893330293754064
11089	0.04519514648904972
11167	0.06056601732135312
11168	0.04835476065851137
11204	0.08928114866065
11303	0.1514161919813072
11353	0.05518415029482612
11485	0.05191326200847145
11492	0.03360823358942171
11553	0.12555451246051647
11689	0.08353994174135655
11715	0.044579416502517615
11766	0.1119734262873905
11780	0.05409596757780481
11817	0.03893898978449256
11883	0.04020785838806377
12148	0.015173150905868148
12291	0.021670489247349396
12391	0.019564807758264795
12417	0.035380488434532474
12548	0.0487536478390098
12582	0.03854010260399412
12610	0.032668391917538016
12636	0.032158082328449945
12669	0.058169418713028616
12686	0.043989349519844644
12749	0.02662727390886322
12811	0.047589192675825495
12869	0.021258331626795007
12960	0.08928114866065
12963	0.042984758489582865
