214
t_index	tf-idf
15	0.0530741384519472
76	0.0348018574219987
86	0.04796732697901948
129	0.03613898779778514
157	0.04136828095947955
208	0.02671307944553295
213	0.04981972335431981
278	0.05048799815624713
471	0.07109779008948075
472	0.05083287756832309
491	0.07109779008948075
492	0.06880298566837063
498	0.045789576176739746
554	0.02783607737344267
557	0.08276617899619505
592	0.13553605644497033
628	0.07888352673361257
742	0.020445039995743108
744	0.03656287876614769
847	0.05348014177252198
908	0.04456483811853324
917	0.07699472563307722
998	0.04216035674615861
1019	0.03177154516408934
1074	0.060611245703664045
1179	0.06880298566837063
1413	0.06501219031593547
1416	0.045789576176739746
1435	0.047678377277275086
1460	0.036000144726314236
1500	0.02996555791196676
1624	0.05389669180480807
1631	0.060611245703664045
1635	0.04981972335431981
1644	0.05389669180480807
1786	0.04136828095947955
1855	0.07377671526068483
1996	0.025956511098719118
2063	0.1343574397866964
2160	0.021306254955776278
2167	0.040798885953993114
2224	0.03642033316464633
2260	0.11537497431448647
2275	0.07519567242406633
2283	0.05389669180480807
2287	0.03321522925136432
2304	0.05083287756832309
2350	0.06990937429952988
2386	0.025023489286657735
2397	0.05974189669599059
2483	0.051914384465120506
2502	0.11223002226699474
2525	0.06880298566837063
2587	0.14478473641497316
2609	0.07530513547420199
2760	0.04711564323744163
2782	0.04856133098244135
2788	0.038704224843192414
2794	0.05296467540181153
2818	0.029590423271913014
2835	0.05229172598257112
2899	0.04364823009969502
2923	0.06340722449369851
2964	0.07238137692778118
2972	0.025234034209246203
2977	0.05716166055505659
3047	0.04117622747144372
3080	0.04433072776249172
3101	0.060611245703664045
3247	0.11223002226699474
3503	0.05716166055505659
3504	0.07888352673361257
3505	0.03775129455609856
3627	0.06587922712194982
3653	0.10111452375586737
3722	0.07699472563307722
3829	0.0641896369630746
3924	0.06776802822248516
4099	0.06986132706560359
4276	0.03523529663391754
4287	0.08400937023236871
4337	0.08999902524473996
4422	0.02603058178273625
4445	0.0530741384519472
4469	0.0641896369630746
4529	0.07109779008948075
4560	0.06776802822248516
4663	0.06501219031593547
4679	0.08999902524473996
4789	0.08999902524473996
4815	0.046306920221426816
4858	0.03954401223809783
5034	0.10111452375586737
5112	0.05998229157835335
5171	0.07377671526068483
5187	0.04684151221031927
5209	0.057687487157243235
5232	0.03287034983928837
5246	0.019929359723903816
5279	0.05089476051004059
5293	0.08349687543890859
5315	0.04228242930522643
5524	0.034930663532801796
5787	0.0864206339853294
5848	0.06776802822248516
5851	0.26537069225973603
5852	0.08729646019939004
5854	0.07699472563307722
5899	0.04796732697901948
6022	0.07377671526068483
6104	0.06990937429952988
6225	0.07109779008948075
6244	0.07377671526068483
6432	0.04152520072890097
6442	0.027670753490856632
6526	0.033928069921471266
6585	0.03084314142969241
6679	0.045288401807815404
6759	0.05229172598257112
7039	0.029776893682017934
7135	0.0348018574219987
7137	0.060611245703664045
7226	0.05955378736403587
7276	0.04886679306722596
7307	0.05937707731611845
7331	0.03685182846789208
7454	0.08349687543890859
7589	0.03827456787444952
7604	0.025023489286657735
7619	0.03613898779778514
7640	0.04136828095947955
7717	0.027588726332065015
7797	0.04236464326139459
7815	0.08819997203572906
7886	0.10166575513664618
7913	0.050798666042188
7996	0.018382496409355468
8221	0.25416438784161544
8361	0.10968863629844305
8363	0.10111452375586737
8542	0.07377671526068483
8551	0.023879958138421472
8620	0.1181174989353592
8667	0.08102487281065729
8794	0.07791105141422068
8824	0.07172498691112644
8833	0.0530741384519472
8922	0.06266121674955744
8953	0.08999902524473996
9130	0.08999902524473996
9137	0.08349687543890859
9198	0.030156468197394447
9208	0.08999902524473996
9242	0.03264448308317083
9392	0.08349687543890859
9430	0.05937707731611845
9431	0.058793875788402485
9441	0.016109211002699013
9469	0.07530513547420199
9486	0.029406096247326582
9495	0.09478908399795341
9501	0.10111452375586737
9509	0.05823114174856903
9668	0.043872517316330455
9672	0.07109779008948075
9698	0.05998229157835335
9726	0.05615906694372606
9904	0.04886679306722596
9909	0.0612658784166538
9989	0.0839172798816396
10030	0.06776802822248516
10032	0.07699472563307722
10069	0.07530513547420199
10094	0.03114667619345085
10096	0.06990937429952988
10103	0.040062355364646904
10164	0.0693481553312247
10276	0.05348014177252198
10284	0.05615906694372606
10480	0.04156266242524744
10580	0.060611245703664045
10654	0.07773740179218629
10668	0.08349687543890859
10744	0.03545649013498844
10769	0.04320885262643115
10778	0.17999805048947992
10796	0.028601880546068294
10878	0.034930663532801796
10922	0.03209335411530375
10953	0.0335676890344531
11018	0.05083287756832309
11117	0.08102487281065729
11180	0.056652529711357764
11353	0.031249144750267188
11386	0.04480241690209538
11410	0.07118137136890114
11492	0.03806268831270187
11493	0.02702599229223156
11634	0.02580938828166535
11659	0.013292450515141468
11719	0.05568033662966064
11782	0.05015037990552639
11841	0.01952843197690488
11862	0.12410484287843866
11894	0.05998229157835335
12148	0.01718420910503993
12291	0.02454270842919984
12469	0.11233749741394185
12749	0.060312936394788894
12773	0.06587922712194982
12776	0.034930663532801796
12887	0.038380248681409254
12952	0.06990937429952988
13002	0.03429673614816174
