47
t_index	tf-idf
148	0.11888476394421577
188	0.23906191919006045
413	0.04937748657182408
493	0.08036006072914453
908	0.1176212374883629
1279	0.12335586166989707
1560	0.1057574587798962
2078	0.12435764834364761
2160	0.0562342012210467
2367	0.1987549735992619
2924	0.15284001845205206
3216	0.16941752404539173
3403	0.05756854968544872
3581	0.09501620001864841
4560	0.17886207328912326
4858	0.10436962975897641
5612	0.2760300622707537
5852	0.11520200802362773
5995	0.10045992963255022
6150	0.14115165053681925
6482	0.22809242315313208
6646	0.06811944835147188
6849	0.04888389505382032
6977	0.23753697239686364
7135	0.18370705290037662
7341	0.07050458599560935
7604	0.06604520290963298
7715	0.2138512380989299
7797	0.11181420098294907
8214	0.15225621618957907
8430	0.11888476394421577
8435	0.12291876663570889
8678	0.1170033434052922
8895	0.13416465126110486
8957	0.08167053671059213
9322	0.09288171449272828
9337	0.08329862177673757
9391	0.05089376787034749
10162	0.2668744219507338
10413	0.23753697239686364
10715	0.09253620242720204
11380	0.14337979618722543
12291	0.06477626439661735
12469	0.19766368913280957
12620	0.22472067500418938
12677	0.11953095959503023
12963	0.06424386752796851
