73
t_index	tf-idf
81	0.07601658441363393
129	0.08068020129689435
908	0.09949089139644168
1020	0.1276132664769697
1036	0.08568381070237778
1044	0.1276132664769697
1174	0.1929338526346033
1409	0.1681185295710157
1460	0.08037023448161906
1636	0.06999387067191935
1646	0.07493978313740182
1996	0.057947847131957504
2003	0.10338008540274932
2063	0.049992108930392624
2107	0.1276132664769697
2271	0.11122240974962927
2293	0.09949089139644168
2509	0.06270483597421085
2752	0.13255917894245217
2845	0.07287872812377721
2891	0.09598310033048581
3159	0.15607250603105385
3533	0.13977577887094775
3771	0.08866895097476953
4276	0.03933135649906717
4287	0.06251690408060469
5315	0.04719770966961678
5729	0.09598310033048581
5765	0.057783244802817234
5904	0.13531445682955295
6260	0.16925115538550675
6883	0.10457356070197155
6953	0.10110624555160112
7202	0.3008238495292798
7215	0.1134842740383571
7341	0.05963688410381037
7439	0.05895167766588085
7619	0.08068020129689435
7677	0.04124522404959316
7890	0.17189053544151933
8012	0.09598310033048581
8015	0.06346658691431495
8043	0.08068020129689435
8110	0.1415564725955743
8721	0.08741568785362398
8794	0.049696065854927335
8797	0.05745629327455388
8930	0.07629092248801353
8931	0.17189053544151933
9251	0.11271433159987108
9391	0.0430489122548589
9793	0.11760386461508462
9989	0.09367256038025294
10184	0.273250237378724
10185	0.09744456625075656
10239	0.25055324843965365
10400	0.13255917894245217
10556	0.07740979303291955
10796	0.06385362791118193
10884	0.1864065688769989
11012	0.1864065688769989
11050	0.06544504295242905
11186	0.06068992894684038
11466	0.14707521237793175
11849	0.12878717307194856
12437	0.10338008540274932
12518	0.08640708668604168
12571	0.1276132664769697
12676	0.03826836240910834
12749	0.06732424101591164
12798	0.09150214171856652
12862	0.07338297510080394
13002	0.07656737902409509
