242
t_index	tf-idf
27	0.05166570612768863
101	0.026293410358675624
111	0.05645395486098464
114	0.1174533099759921
188	0.02958548116851163
193	0.030600079094949564
230	0.039027492450956415
232	0.038789167483364986
413	0.02444315186740751
468	0.04494681542234677
554	0.03636885869507994
573	0.12361454571461257
587	0.0336731881759031
643	0.021851396109175095
660	0.075659820736454
742	0.05342439314598569
846	0.08607363278940865
847	0.03493688591650049
949	0.019763186372064572
989	0.04363560743606903
1040	0.013846702570667536
1171	0.030961355972578906
1190	0.0483396126683462
1252	0.04685566645905968
1258	0.05537821660008817
1279	0.045798291942416615
1433	0.03548838120612363
1435	0.09344032976045029
1447	0.02606060097290491
1460	0.0235177564530498
1473	0.05879351799301431
1612	0.05454586908167497
1634	0.0529309879137107
1666	0.03959541067435791
1669	0.02021452964202525
1720	0.018799197197273593
1800	0.021547722927488563
1905	0.061807272857306285
1977	0.07331632554427693
2021	0.26628394803018696
2073	0.05879351799301431
2144	0.04566958413807938
2160	0.0417561083811648
2224	0.023792252276114048
2260	0.03768541164671546
2302	0.04685566645905968
2386	0.016347054466671555
2445	0.07331632554427693
2470	0.07331632554427693
2539	0.04644593860347113
2763	0.04142193522674005
2781	0.039780339277078906
2794	0.01730007401614923
2820	0.0336731881759031
2972	0.04945379042550346
2986	0.024968363544471295
3043	0.056455868109317416
3084	0.03467165678242348
3216	0.0419330605580548
3235	0.03416053145110874
3410	0.038789167483364986
3542	0.14458798718149715
3548	0.04728446530604366
3581	0.0470355129060996
3637	0.14663265108855386
3659	0.05879351799301431
3751	0.05879351799301431
3757	0.04002306153041235
3780	0.04464815478576063
3858	0.0668716989740867
4106	0.17638055397904293
4135	0.03759839439454719
4152	0.04566958413807938
4156	0.05454586908167497
4222	0.0336731881759031
4250	0.06605492176864562
4276	0.01150905268697065
4287	0.03658711048560121
4366	0.03637420366043772
4369	0.05454586908167497
4405	0.029747902890489064
4422	0.08502478078235524
4423	0.02741025300679217
4530	0.051532114217383
4552	0.06605492176864562
4606	0.1196515301590776
4730	0.061807272857306285
4809	0.024661727276577207
4831	0.05482050601358434
4868	0.05879351799301431
4980	0.07553367105967328
5080	0.0529309879137107
5117	0.03935745416731706
5272	0.03077916022868111
5294	0.026411784400271785
5323	0.04566958413807938
5406	0.06605492176864562
5417	0.02781065809659949
5439	0.051532114217383
5443	0.03548838120612363
5471	0.05879351799301431
5485	0.03734190575081496
5524	0.02281909819955234
5600	0.0276217743623893
5675	0.019954243179055267
5688	0.10107264821012626
5689	0.0299128825397694
5802	0.042971401130621
5909	0.031146776586816763
6030	0.061807272857306285
6045	0.039184534827839825
6146	0.08186918390306883
6160	0.05454586908167497
6184	0.039071321884014326
6191	0.07331632554427693
6328	0.06605492176864562
6329	0.06605492176864562
6339	0.07331632554427693
6350	0.04142193522674005
6353	0.07331632554427693
6450	0.04644593860347113
6598	0.0323340068987266
6625	0.039184534827839825
6756	0.07331632554427693
6802	0.04247040865954955
6834	0.05282356880054357
6836	0.07331632554427693
6849	0.012099405555332222
6907	0.05355030000221904
7000	0.07331632554427693
7012	0.10909173816334994
7024	0.061807272857306285
7029	0.051892216251999516
7094	0.08727121487213806
7176	0.022085071028983317
7183	0.014248971550029984
7234	0.03493688591650049
7275	0.10377673020297114
7347	0.07331632554427693
7394	0.08679383685864167
7401	0.06605492176864562
7562	0.04003742204152605
7600	0.024266359932102362
7604	0.06538821786668622
7708	0.061807272857306285
7714	0.07331632554427693
7792	0.05853600518674115
7912	0.03461338026492685
7913	0.07466661583460746
8002	0.0323340068987266
8009	0.020083578046696145
8073	0.07331632554427693
8183	0.05029822017033563
8227	0.0529309879137107
8278	0.07331632554427693
8329	0.03133553829220621
8391	0.033914026166908
8398	0.06820485971819519
8399	0.008574525359725499
8553	0.04546990647879679
8617	0.017200774777733276
8667	0.0529309879137107
8721	0.012789690551341649
8938	0.025284246507513153
9142	0.0419330605580548
9241	0.022324077392880316
9266	0.022324077392880316
9270	0.09639199145433144
9322	0.04597888654677777
9337	0.020617502062127733
9369	0.025072603123095286
9374	0.041235004124255466
9495	0.030961355972578906
9528	0.016121755649665837
9558	0.061807272857306285
9575	0.04247040865954955
9577	0.03254565028314447
9607	0.07331632554427693
9668	0.028660528591527852
9678	0.07331632554427693
9684	0.07331632554427693
9709	0.04644593860347113
9711	0.07331632554427693
9749	0.0529309879137107
9787	0.01700495615647105
9815	0.061807272857306285
9856	0.20335276945360153
9899	0.03008050197518365
9900	0.0838661211161096
9928	0.07331632554427693
9949	0.01834854744895873
9951	0.07331632554427693
10022	0.056455868109317416
10023	0.051532114217383
10053	0.04427071044175168
10057	0.3017893210220138
10103	0.013085735120845456
10110	0.022085071028983317
10164	0.02265147876413809
10219	0.04464815478576063
10289	0.061807272857306285
10329	0.05455328804261991
10423	0.07331632554427693
10693	0.07331632554427693
10719	0.029268002593370576
10750	0.12426580568022015
10796	0.03736940870073689
10848	0.033914026166908
10913	0.023075665910054513
11167	0.02240497347993736
11278	0.07331632554427693
11318	0.027151573414170765
11392	0.061807272857306285
11410	0.023250269805502797
11416	0.22473407711173385
11466	0.04303681639470432
11493	0.03531045274749238
11503	0.07682985367377011
11634	0.033720914869919016
11652	0.05879351799301431
11666	0.11758703598602863
11671	0.03133553829220621
11825	0.03493688591650049
11827	0.07274840732087544
11865	0.07331632554427693
11870	0.029268002593370576
12148	0.022451801104855503
12396	0.061807272857306285
12405	0.031146776586816763
12568	0.025177890353224423
12598	0.10059644034067126
12636	0.023792252276114048
12705	0.0529309879137107
12749	0.019700267316760726
12762	0.03152776370773368
12765	0.056455868109317416
12787	0.05879351799301431
12839	0.024462178553364588
12851	0.07331632554427693
12948	0.04142193522674005
12963	0.07950600159910762
12964	0.022486499114857752
