252
t_index	tf-idf
37	0.03843386844534924
81	0.02678043478413393
135	0.041742957273790814
167	0.039443413058059006
200	0.02820595068919589
229	0.0434271319096807
334	0.04872256981065236
342	0.032088437097056936
478	0.01583516867611437
643	0.052615996973088275
659	0.029099249552869647
791	0.08826922416403117
801	0.036840979427398904
840	0.0744128948403754
945	0.051814195071140524
973	0.07078448327287298
988	0.045798954687042946
1036	0.21130320516106801
1213	0.0976088035500673
1214	0.10822747857374466
1226	0.06055656551671962
1309	0.038193621667429865
1377	0.0656705243947963
1413	0.05113226821553966
1531	0.04416926209909883
1553	0.05113226821553966
1586	0.062042112827293876
1616	0.041776888073466766
1636	0.024658649205004882
1646	0.02640108063956079
1669	0.09734916937509636
1681	0.030570341189096482
1806	0.03238521724836979
1832	0.06477043449673958
1848	0.044957804758507934
1849	0.043071824625561424
1917	0.021698609871178155
1958	0.04379273937770234
1996	0.06124460417298159
2003	0.03642052134362892
2008	0.02697447821898026
2078	0.03705777584942802
2107	0.1348734142755238
2216	0.05411373928687233
2232	0.06729505464876293
2252	0.041431519858204986
2271	0.03918335076233635
2347	0.02678043478413393
2373	0.039980199365073264
2411	0.10996783403520931
2430	0.05922769816494901
2487	0.03315923765575717
2498	0.06179634468264521
2531	0.044557371936135674
2654	0.03843386844534924
2670	0.08593407950835694
2767	0.07078448327287298
2831	0.06797006861052811
2845	0.02567497659523087
3083	0.10144375120010786
3159	0.054983917017604654
3169	0.045798954687042946
3199	0.04238989776996056
3256	0.04238989776996056
3350	0.03642052134362892
3432	0.02277266907205837
3496	0.022427097469231022
3533	0.04924262461052606
3537	0.04112758769394889
3544	0.049869958139527985
3756	0.07686773689069848
3810	0.050485327719369914
3923	0.028423414257149313
4020	0.035426891653519726
4083	0.021570562329863954
4086	0.041742957273790814
4093	0.08826922416403117
4184	0.07952685371845208
4276	0.04156898797096733
4287	0.022024534324332382
4338	0.0744128948403754
4525	0.053299742381714775
4708	0.07247089837828648
4796	0.051814195071140524
4965	0.04872256981065236
5110	0.02402392033588636
5117	0.015794808403313734
5183	0.10226453643107931
5257	0.053299742381714775
5279	0.02001443523528827
5310	0.017565628040965044
5429	0.027886627950135044
5534	0.1313410487895926
5600	0.016627624031223375
5623	0.0307010426124799
5625	0.08826922416403117
5686	0.031101475434852168
5715	0.03137567263566003
5778	0.027886627950135044
5788	0.054983917017604654
5810	0.026215598260184818
5832	0.07078448327287298
6161	0.0346847614641016
6233	0.10507021964656287
6260	0.08944007871250663
6302	0.06372628746318376
6334	0.08826922416403117
6373	0.033319909567272564
6430	0.04568586858543514
6432	0.016329842842211086
6521	0.04025740996321656
6526	0.02668452120794063
6557	0.024577539121693467
6563	0.032536267850022435
6700	0.053299742381714775
6796	0.08461785206758766
6807	0.021570562329863954
6883	0.11052293828219673
6885	0.0656705243947963
6907	0.03223595426977838
6946	0.04238989776996056
6953	0.035619453783004386
7015	0.03031293277544305
7020	0.034866240486996596
7027	0.07010073786424648
7183	0.03431011182078202
7202	0.2914434034550193
7215	0.039980199365073264
7218	0.15145598315810974
7341	0.02100991116334082
7357	0.04872256981065236
7362	0.018086296039731393
7394	0.02612387004141749
7430	0.04238989776996056
7439	0.02076851480929273
7616	0.02284293429271757
7625	0.05411373928687233
7639	0.03601362881587221
7657	0.0569281539492172
7797	0.033319909567272564
7829	0.07078448327287298
7996	0.014457884472228977
8015	0.15651373492491147
8018	0.07952685371845208
8076	0.038678780499625656
8110	0.049869958139527985
8113	0.02312797635617765
8288	0.036628998395714145
8335	0.1488257896807508
8349	0.12111313103343924
8399	0.041293215144596725
8617	0.08283552310508667
8656	0.03096658030420235
8678	0.034866240486996596
8721	0.03079630774957985
8727	0.06797006861052811
8794	0.00875389404116141
8798	0.027886627950135044
8808	0.04112758769394889
8841	0.037056584241463845
8910	0.0569281539492172
8930	0.10750833334970114
8936	0.039980199365073264
8982	0.0656705243947963
8999	0.035426891653519726
9095	0.06865890835996465
9109	0.06797006861052811
9125	0.02727125837029311
9198	0.02371814597861049
9242	0.02567497659523087
9309	0.07368195885479781
9344	0.054983917017604654
9391	0.030332028097868086
9441	0.012669939187217743
9443	0.0346847614641016
9448	0.10685836134901315
9458	0.08826922416403117
9475	0.0868542638193614
9528	0.0388195903925568
9611	0.08758547875540468
9648	0.07284104268725784
9656	0.03772643586925154
9744	0.03581500149055659
9781	0.04339721974235631
9793	0.08286303971640997
9835	0.0492832209771755
10001	0.03795786574748475
10103	0.015754576871633848
10184	0.12835374838822775
10200	0.04206228001285166
10352	0.038193621667429865
10358	0.031237828919494174
10400	0.0934004723861277
10421	0.0531786630293845
10530	0.07952685371845208
10556	0.02727125837029311
10715	0.027575190534549206
10749	0.0288699236990783
10815	0.038193621667429865
10833	0.0492832209771755
10859	0.03918335076233635
10904	0.029691497999770146
10915	0.055918609336507434
10928	0.04670023619306385
11050	0.023056109640438208
11066	0.1289438170791135
11089	0.04025740996321656
11097	0.038193621667429865
11144	0.0744128948403754
11165	0.03096658030420235
11186	0.021380895981470527
11210	0.052836249744400925
11211	0.05113226821553966
11353	0.024577539121693467
11372	0.055918609336507434
11560	0.1313410487895926
11564	0.027473063867349743
11590	0.049155078243386933
11596	0.1199405980952198
11634	0.020299155553503055
11644	0.030570341189096482
11659	0.010454549241904311
11767	0.0866097710972349
11777	0.03432945417998232
11780	0.048185783503638106
11817	0.0346847614641016
11841	0.04607749793474961
11857	0.1461677094319571
11883	0.03581500149055659
11904	0.14368067380228072
12144	0.036840979427398904
12145	0.07952685371845208
12148	0.013515428179866227
12175	0.04670023619306385
12191	0.05253510982328143
12275	0.031237828919494174
12437	0.03642052134362892
12518	0.03044098031675725
12532	0.045266604380161855
12559	0.054983917017604654
12571	0.044957804758507934
12581	0.06372628746318376
12582	0.03432945417998232
12598	0.06055656551671962
12631	0.03031293277544305
12718	0.02831421379588475
12795	0.04083080754263603
12840	0.05134995319046174
12862	0.02585262142612568
12904	0.04670023619306385
13001	0.033814583733369284
13002	0.10789791287592104
