58
t_index	tf-idf
114	0.12301541105619207
412	0.07065409903886943
413	0.038401017073414305
472	0.10434024535113227
583	0.09505020468032445
643	0.06865856249784616
710	0.07361183440830109
742	0.08393152587131499
793	0.1663127391764369
920	0.2515103252635783
988	0.11952602149968528
1114	0.16191738353755483
1201	0.1580404051000375
1220	0.11733079007727513
1279	0.09593421777759108
1433	0.11150689076406163
1435	0.1957305516048457
1616	0.072686159996163
1720	0.059068347360029125
2008	0.07039793998741146
2160	0.043733504297714935
2794	0.05435800106870089
2848	0.07250530090384719
2972	0.10359143320394446
3042	0.0573076992577751
3083	0.08824923385120524
3581	0.22168313775102771
3858	0.05252884873362459
4276	0.03616222090576569
5272	0.09671020037501392
5841	0.1839240820315638
5851	0.21788137492051166
5852	0.08959294172602346
6184	0.030691183094711784
6935	0.1942026260058032
7319	0.12575516263178915
7406	0.14349691805176554
7862	0.23036484691156886
8179	0.12187818419427184
8221	0.20868049070226455
8551	0.049016321922533655
8564	0.4607296938231377
8620	0.08081652012592691
8813	0.12187818419427184
9441	0.03306598227054144
9486	0.06035934702183894
9615	0.10363234125059825
9856	0.049149856677641234
10110	0.06939278487913811
10224	0.1391015624128835
10329	0.057136705252508156
11703	0.08695823418939543
12148	0.035272537773906244
12156	0.11062907148959873
12257	0.10580343165836532
12291	0.05037669204624748
12963	0.049962645429818806
12971	0.0919620410157819
