189
t_index	tf-idf
70	0.03683746670774792
85	0.06632593996369228
101	0.02640129017181033
102	0.04264466143571843
148	0.029546269958450402
367	0.03508022923609148
398	0.06632593996369228
402	0.22085141013896936
478	0.013206638988198929
503	0.05476966653067571
565	0.043213393097659154
710	0.02352395580307492
756	0.04445234971579972
763	0.0371611529665022
847	0.03508022923609148
886	0.02863099959906412
900	0.43554366126688027
1036	0.12587737029652063
1040	0.013903514511966836
1196	0.07361713671298978
1460	0.023614247974571484
1476	0.13265187992738456
1553	0.04264466143571843
1616	0.011614070135522611
1680	0.030905444723868997
1738	0.03311753653395357
1845	0.04267960569953321
1890	0.036523444182693404
1952	0.14723427342597956
1996	0.03405227919496892
2170	0.04063495648374097
2251	0.024762912421215488
2276	0.106296319262318
2372	0.035353464686420914
2386	0.01641412515689815
2580	0.035353464686420914
2591	0.06951103070561751
2607	0.024762912421215488
2641	0.048393740140764474
2899	0.02863099959906412
2900	0.018535143035358536
3305	0.04264466143571843
3326	0.13265187992738456
3335	0.03289607628278316
3350	0.030374963916413856
3364	0.07361713671298978
3367	0.13265187992738456
3368	0.13265187992738456
3459	0.03856576613256397
3496	0.018704352690353667
3533	0.027379123829335186
3619	0.03683746670774792
3670	0.053148159631159
3737	0.032679182549328216
3739	0.030035612765125886
3771	0.026052562985145945
3776	0.042105108636849436
3851	0.07243705010722737
3900	0.07361713671298978
4013	0.02343443208490758
4026	0.07361713671298978
4044	0.05174354646509724
4121	0.06632593996369228
4276	0.023112546866033114
4389	0.04777974006520171
4391	0.034813911887551924
4414	0.03856576613256397
4431	0.02792476305893369
4445	0.034813911887551924
4487	0.05304029978574385
4511	0.06632593996369228
4708	0.0241764899789456
4815	0.030374963916413856
4949	0.020771071187825882
4972	0.021267006895621204
5045	0.06206086327997323
5077	0.053770012708891216
5117	0.013172978244619531
5201	0.06632593996369228
5419	0.030548835203832884
5483	0.06910834190545204
5623	0.1280243976674282
5718	0.04939630538614695
5747	0.032679182549328216
5808	0.039345305919810517
5980	0.07361713671298978
6013	0.04704791160614984
6177	0.050504589846956674
6575	0.03856576613256397
6579	0.047478469781378194
6581	0.06632593996369228
6744	0.06206086327997323
6801	0.03289607628278316
6849	0.02429809694635822
6883	0.030725628834205095
7095	0.06762269328433888
7097	0.0371611529665022
7099	0.07361713671298978
7102	0.06206086327997323
7202	0.044193780354555505
7212	0.03592219634836164
7362	0.015084094607133402
7453	0.07361713671298978
7514	0.1399095080073241
7515	0.13265187992738456
7693	0.19897781989107685
7717	0.01809678905073318
7773	0.07361713671298978
7886	0.03334375973444346
7996	0.024115949083109853
8043	0.09482128762478266
8105	0.05668750213544447
8109	0.07361713671298978
8254	0.04159188619814244
8305	0.027262974203428502
8399	0.051658235813361805
8413	0.03856576613256397
8455	0.07869061183962103
8496	0.06109767040766577
8565	0.06700519736323662
8623	0.01645995953613657
8630	0.029869956217204688
8638	0.14723427342597956
8676	0.024077713834882424
8721	0.012842165654719564
8794	0.007300807506834387
8797	0.033763424129248265
8808	0.03430068944884493
8884	0.039345305919810517
8930	0.022415671342265207
8944	0.04445234971579972
9095	0.08589299879719237
9125	0.022744416015828366
9151	0.03405317277267816
9211	0.02466225162059713
9262	0.027135469934509597
9335	0.14723427342597956
9336	0.08960986865161406
9443	0.028927328304316168
9550	0.037840031953130404
9668	0.20144684354378836
9734	0.06632593996369228
10110	0.022175684353887646
10178	0.060407839860035464
10184	0.053523952046761296
10185	0.02863099959906412
10186	0.07361713671298978
10204	0.018591244359765613
10213	0.016323051225273968
10456	0.05476966653067571
10556	0.022744416015828366
10626	0.14723427342597956
10635	0.03683746670774792
10708	0.03127456938326645
10744	0.02325763845453537
10859	0.032679182549328216
10894	0.020231518388956888
10897	0.07361713671298978
10957	0.106296319262318
11008	0.029546269958450402
11111	0.042105108636849436
11210	0.014688597895332394
11321	0.043213393097659154
11353	0.020497835737496445
11760	0.06714991053882272
11771	0.07361713671298978
11784	0.03357495526941136
11817	0.028927328304316168
11841	0.012809649482328524
11876	0.029869956217204688
11937	0.030725628834205095
12135	0.047478469781378194
12391	0.04360341295702157
12409	0.03455417095272602
12514	0.036218525053613684
12532	0.16988695954181757
12535	0.029706868091562727
12676	0.01124394628606102
12764	0.05903474321439476
12768	0.02938808692657527
12843	0.03405317277267816
12869	0.031585140835637654
12896	0.06206086327997323
12943	0.14723427342597956
12946	0.07361713671298978
12976	0.14723427342597956
12993	0.09026245740485583
13002	0.08998759735864642
13003	0.09026245740485583
