394
t_index	tf-idf
15	0.028977044683167377
27	0.10794980785345545
67	0.061861499130948315
73	0.01770140083889834
76	0.03800174649985214
83	0.055205796239985144
101	0.021974875086512774
114	0.13088307577254601
148	0.024592570566971346
167	0.027380751563512978
230	0.016308730207502557
310	0.02814256856893253
367	0.02919871151950164
413	0.01021425523885515
434	0.03149580834983394
472	0.027753376835403593
478	0.05496213256809203
493	0.033246656656102866
546	0.02433119675843708
554	0.015197745670137383
557	0.1355642882003174
575	0.0544004440523593
583	0.07584697946313561
586	0.02395320831800898
587	0.02814256856893253
643	0.018262435089809334
660	0.03161657402123454
695	0.04028009190618802
701	0.03209986663014078
704	0.07293744019138514
736	0.03881747119009056
742	0.17859902537419156
744	0.019962343292885282
812	0.049137034571357395
852	0.03816862829876852
858	0.030399958427064826
871	0.04718332968905061
908	0.02433119675843708
940	0.030146161747833994
949	0.016517201303036508
1007	0.06029232349566799
1029	0.04203703856743503
1040	0.011572464552895708
1046	0.029426136575289537
1082	0.032418278896846106
1146	0.04718332968905061
1190	0.16160048249759615
1202	0.02876085166530692
1252	0.11747971109347628
1279	0.051034928822165496
1334	0.032418278896846106
1435	0.07809331488453909
1437	0.04028009190618802
1447	0.021780303248873954
1500	0.016360384471568252
1560	0.02187704867924501
1578	0.03756457001846168
1616	0.019333732466348456
1634	0.04423738996739627
1636	0.017117493021717743
1669	0.016894414142422005
1720	0.03142308316049241
1745	0.034211330237560275
1847	0.035968276898807286
1978	0.03309210146948834
1984	0.03549489824391728
1998	0.023709987890151194
2008	0.03745018138172426
2037	0.05206220992302606
2078	0.012862347288962921
2095	0.06483655779369221
2160	0.18612222672432946
2204	0.018861896167404264
2237	0.11770454630115815
2250	0.055205796239985144
2255	0.031208721241280008
2273	0.03504580635179512
2283	0.029426136575289537
2307	0.02919871151950164
2386	0.027324297231682653
2498	0.008579533210263163
2516	0.04558703656939621
2571	0.04558703656939621
2576	0.07383092121080266
2585	0.02919871151950164
2607	0.020611186184207334
2709	0.13739329837074923
2727	0.041391559623968316
2763	0.03461863029680734
2764	0.05165579823802396
2781	0.033246656656102866
2794	0.028917280817234648
2816	0.020695779811984158
2820	0.05628513713786506
2830	0.04203703856743503
2833	0.05165579823802396
2842	0.04558703656939621
2849	0.017231200754514717
2936	0.049137034571357395
2948	0.09163313205815853
2952	0.05165579823802396
2972	0.055108401805141274
2976	0.06592462525953834
3000	0.07512914003692336
3045	0.055205796239985144
3072	0.09827406914271479
3083	0.04694668359779884
3084	0.028977044683167377
3141	0.04203703856743503
3204	0.03461863029680734
3205	0.04892181670217129
3341	0.03382213850403134
3383	0.15807309960307386
3403	0.04763465304071796
3410	0.032418278896846106
3426	0.035968276898807286
3438	0.04718332968905061
3472	0.027753376835403593
3485	0.03881747119009056
3496	0.09341039273530707
3542	0.04028009190618802
3581	0.07862042288482046
3631	0.03179262905846061
3632	0.02814256856893253
3635	0.0270233398008606
3638	0.055205796239985144
3666	0.024861987896846415
3669	0.04306827290272965
3702	0.022073806900304783
3705	0.04423738996739627
3755	0.0270233398008606
3757	0.033449513232140723
3768	0.022377491876130303
3771	0.021684615166775854
3780	0.037314962603801106
3839	0.015474254093267708
3848	0.05851631277539569
3855	0.056687700722902114
3858	0.09780473968694411
3873	0.1215998337082593
3874	0.032418278896846106
3876	0.03816862829876852
3881	0.03504580635179512
3930	0.0369995112341019
3993	0.019579951848912713
3998	0.020280755559590614
4020	0.024592570566971346
4072	0.02335737490666179
4111	0.030930749565474158
4171	0.04028009190618802
4186	0.04790641663601796
4191	0.030661332235599092
4206	0.05979903046035908
4217	0.039518274900768466
4235	0.02794581034787276
4247	0.014211993890962867
4276	0.019237519341177855
4422	0.12790794501866581
4431	0.0232429239649714
4449	0.028977044683167377
4523	0.0369995112341019
4525	0.0369995112341019
4547	0.022073806900304783
4560	0.0369995112341019
4585	0.04558703656939621
4844	0.034211330237560275
4858	0.06476988471207326
4980	0.14729800795507114
5064	0.02634951722821836
5297	0.03179262905846061
5299	0.03756457001846168
5310	0.012193673421181592
5412	0.0232429239649714
5434	0.03382213850403134
5485	0.062417442482560016
5487	0.021311989894885232
5524	0.05721359371207357
5535	0.05165579823802396
5600	0.023085063253541344
5670	0.03816862829876852
5697	0.035968276898807286
5712	0.019071197904024523
5715	0.021780303248873954
5744	0.020781198756475893
5747	0.02720022202617965
5765	0.014131298643571771
5797	0.04718332968905061
5802	0.03591360570030648
5810	0.01819829288085209
5820	0.06689902646428145
5841	0.12230454175542822
5851	0.057954089366334754
5852	0.023830753561551794
5856	0.01678497056281472
6013	0.019579951848912713
6153	0.02513995957265227
6184	0.016327045563012205
6297	0.03756457001846168
6309	0.027753376835403593
6369	0.031208721241280008
6421	0.033449513232140723
6430	0.03171412716896002
6454	0.013108993806617378
6532	0.02794581034787276
6534	0.055205796239985144
6557	0.01706118818224615
6585	0.01683952134591189
6591	0.01425262214188879
6606	0.020954578132232855
6625	0.03274870952146282
6646	0.014091228219562268
6671	0.018523808898343604
6689	0.06689902646428145
6849	0.020224301227760293
7072	0.029659627008780116
7110	0.049137034571357395
7135	0.01900087324992607
7176	0.03691546060540133
7183	0.01190866326017949
7237	0.020695779811984158
7275	0.06938561873833377
7276	0.026679947852835076
7319	0.033449513232140723
7331	0.020120102017998003
7362	0.012555109717282752
7377	0.15073080873916997
7422	0.03549489824391728
7439	0.014417047112513941
7473	0.05165579823802396
7604	0.17760793200593722
7610	0.055205796239985144
7616	0.01585706358448001
7619	0.01973091028446907
7677	0.010086809431605557
7717	0.045188096066772473
7797	0.023129949850873896
7817	0.03549489824391728
7892	0.024460908351085647
7911	0.01879322622821867
7912	0.00964277991161846
7913	0.062403071100921303
7962	0.04203703856743503
8009	0.06713988225125889
8043	0.01973091028446907
8086	0.04558703656939621
8113	0.03210986705654346
8159	0.03179262905846061
8166	0.05165579823802396
8221	0.027753376835403593
8312	0.03601727682115701
8391	0.028343850361451057
8398	0.01900087324992607
8415	0.04718332968905061
8423	0.03756457001846168
8430	0.04918514113394269
8435	0.050854093362412395
8486	0.02528232648771187
8491	0.03309210146948834
8551	0.026075623050789934
8563	0.07098979648783456
8565	0.018590389997637704
8620	0.021496320331936887
8794	0.006076761095738507
8803	0.030146161747833994
8810	0.02572386738983286
8813	0.032418278896846106
8850	0.030930749565474158
8864	0.09198399670679727
8903	0.03549489824391728
8957	0.016894414142422005
8959	0.032418278896846106
8974	0.04111456802042286
9045	0.043003345942260164
9093	0.06689902646428145
9241	0.037314962603801106
9242	0.017823005187665702
9267	0.08214225469053894
9322	0.05764069445725239
9328	0.019884517248326246
9337	0.017231200754514717
9372	0.04558703656939621
9391	0.03158374217804406
9394	0.02919871151950164
9426	0.05589162069574552
9432	0.04203703856743503
9438	0.03504580635179512
9441	0.07036154943273015
9457	0.0232429239649714
9486	0.03210986705654346
9509	0.03179262905846061
9535	0.030399958427064826
9760	0.03274870952146282
9856	0.03921999097827075
9873	0.058852273150579074
9883	0.04306827290272965
9900	0.07009161270359024
9904	0.026679947852835076
9950	0.021974875086512774
9989	0.02290828301453963
10020	0.029659627008780116
10051	0.04306827290272965
10063	0.05346901556299711
10107	0.021684615166775854
10110	0.03691546060540133
10135	0.055205796239985144
10164	0.018931108957590665
10304	0.055205796239985144
10306	0.05165579823802396
10329	0.12158196536109907
10358	0.021684615166775854
10367	0.027565082000564633
10421	0.018457730302700665
10467	0.061861499130948315
10493	0.030930749565474158
10505	0.03816862829876852
10536	0.02989951523017954
10547	0.032418278896846106
10695	0.06842266047512055
10714	0.02158996157069109
10719	0.024460908351085647
10750	0.06923726059361468
10751	0.0523777273732515
10769	0.02359086534015237
10796	0.04684756049444432
10848	0.028343850361451057
10878	0.019071197904024523
10894	0.01683952134591189
10986	0.03816862829876852
11055	0.03149580834983394
11066	0.022377491876130303
11073	0.033449513232140723
11080	0.021311989894885232
11108	0.055205796239985144
11137	0.03646872009569257
11148	0.030930749565474158
11161	0.0369995112341019
11165	0.021496320331936887
11167	0.01872509069086213
11210	0.012225921606308032
11245	0.03309210146948834
11248	0.02989951523017954
11249	0.03881747119009056
11307	0.04306827290272965
11316	0.055205796239985144
11392	0.05165579823802396
11410	0.03886310430895191
11453	0.03881747119009056
11468	0.02919871151950164
11483	0.039518274900768466
11492	0.08312479502590357
11493	0.05902184446897595
11538	0.03179262905846061
11620	0.024077400079206248
11624	0.033449513232140723
11634	0.09863859753693588
11644	0.0424425196713273
11659	0.014514637213556655
11671	0.02618886368662575
11699	0.012034190462164918
11703	0.04625989970174779
11776	0.027565082000564633
11777	0.023830753561551794
11786	0.0270233398008606
11971	0.03382213850403134
12033	0.032418278896846106
12136	0.033449513232140723
12148	0.028146340738011442
12156	0.029426136575289537
12212	0.05165579823802396
12348	0.033449513232140723
12392	0.04423738996739627
12400	0.035968276898807286
12405	0.23427994465361723
12483	0.029659627008780116
12582	0.023830753561551794
12610	0.06060018093659855
12620	0.0232429239649714
12626	0.014417047112513941
12631	0.021042572565010166
12636	0.05965355174497874
12646	0.025876138573328357
12676	0.0187175939893628
12681	0.03881747119009056
12705	0.04423738996739627
12718	0.019655105721205116
12749	0.016464616325964212
12768	0.024460908351085647
12771	0.04203703856743503
12869	0.02628960630091277
12871	0.03382213850403134
12880	0.025427046681206197
12887	0.04190915626446571
12963	0.039868570031852124
12964	0.09396613114109334
