189
t_index	tf-idf
15	0.09282230901936904
111	0.0377843671875546
126	0.1352238413992759
129	0.03160206072916618
200	0.03136027778153466
212	0.03722708603275082
278	0.04414968102470035
310	0.045074613799758634
413	0.01635968689268155
491	0.18651629309786447
498	0.04004110395114043
554	0.02434150653414861
586	0.03836471470451761
592	0.0592603576881054
628	0.06898040466200357
631	0.051412829921097594
656	0.04713044363741381
731	0.060165385472502275
742	0.035756695742059676
745	0.07794024162977033
749	0.04120069513885533
804	0.10490410145077997
908	0.03897012081488516
1179	0.060165385472502275
1387	0.06602391355518732
1394	0.12658908335404997
1416	0.04004110395114043
1428	0.030321056977242262
1435	0.04169278294719942
1616	0.03096591990507023
1636	0.027416274576505608
1644	0.04713044363741381
1866	0.05357449470312683
1917	0.04825041641258689
2017	0.046064888433708005
2063	0.11749006351015431
2103	0.04828367371657488
2112	0.032744842728693456
2160	0.03726288997307257
2204	0.09063060642752943
2287	0.058090707897420615
2291	0.04300430480380475
2399	0.20694121398601073
2416	0.08273463562482133
2483	0.045396997275185653
2587	0.042202768733169665
2610	0.06898040466200357
2900	0.024709587076904013
2906	0.03535456682586046
2923	0.05544701391001718
2972	0.022066126643738727
3047	0.03600691996222084
3079	0.06898040466200357
3085	0.03342241720920245
3403	0.019073539645437045
3432	0.05063876313165839
3485	0.06217209769928816
3496	0.024935164009133724
3503	0.0999710494576493
3505	0.03301195677759366
3570	0.08273463562482133
3619	0.09821759557735645
3858	0.022378457228677852
3993	0.03136027778153466
4013	0.031240931839327243
4099	0.030545430781028317
4170	0.08273463562482133
4186	0.07672942940903522
4394	0.05300204527905998
4422	0.06828802435611997
4469	0.05613120148358269
4547	0.03535456682586046
4560	0.0592603576881054
4697	0.03960284754696911
5279	0.022252688999403088
5293	0.14602917730184634
5296	0.05479466077365681
5315	0.0739484960761593
5524	0.030545430781028317
5747	0.04356530215408979
5771	0.06217209769928816
5851	0.04641115450968452
5852	0.03816858474425007
5904	0.05300204527905998
5916	0.0592603576881054
6184	0.013075126235212588
6194	0.0584102147626815
6225	0.18651629309786447
6432	0.054468124117160684
6570	0.05760867869204641
6585	0.026971060561888183
6679	0.03960284754696911
6760	0.07870045163590174
7019	0.0377843671875546
7039	0.05207734138711697
7135	0.0912983853802228
7137	0.10600409055811996
7226	0.026038670693558485
7280	0.03917787370459261
7319	0.05357449470312683
7341	0.04671898192746346
7377	0.04828367371657488
7396	0.06898040466200357
7439	0.023091098779337196
7454	0.43808753190553895
7589	0.016734768902756558
7596	0.06451470774755497
7600	0.03248272175927149
7604	0.02188201375526801
7639	0.08008220790228086
7677	0.016155563003701655
7717	0.04825041641258689
7886	0.04445126390758706
7892	0.03917787370459261
7912	0.015444382036687677
7913	0.011105336833231977
8009	0.02688368916668108
8221	0.17780505563034824
8361	0.09591820791990376
8417	0.045396997275185653
8551	0.020882042726902063
8595	0.04144458065243523
8623	0.043886233050870624
8754	0.08273463562482133
8794	0.09732859275900872
8797	0.022505363647439585
8798	0.031005244550807772
8824	0.03136027778153466
8826	0.06898040466200357
8893	0.03314744636848232
8915	0.10384563141413568
9198	0.02637059301947674
9328	0.031848085698630374
9337	0.05519678968985601
9391	0.016862059309896205
9414	0.06585124845748086
9441	0.028173686947449407
9477	0.05357449470312683
9486	0.02571442356425584
9659	0.03488447598448402
9668	0.03836471470451761
9856	0.020938931500933084
9873	0.04713044363741381
9949	0.04912238697018953
9950	0.035196112444261934
10069	0.06585124845748086
10094	0.05447297849539844
10096	0.12226575378999152
10103	0.017516442273801055
10204	0.024784376926538395
10278	0.08273463562482133
10367	0.04414968102470035
10415	0.10714898940625366
10477	0.04750441416145277
10480	0.03634484145980983
10700	0.04246488970259163
10744	0.031005244550807772
10794	0.07482079332703127
10866	0.07301458865092317
10922	0.02806432021365643
11180	0.24770155357103615
11186	0.02377196374571586
11321	0.05760867869204641
11353	0.10930437517046028
11437	0.07633716948850014
11493	0.023633120397949358
11634	0.0451385003046381
11659	0.011623702101714147
11699	0.038549181191203374
11719	0.04869016778878334
11735	0.046064888433708005
11752	0.09500882832290554
11767	0.032098504202576025
11776	0.04414968102470035
11817	0.07712725348535342
11862	0.07234972570110579
11953	0.07557129543137903
12291	0.02146159063938494
12391	0.03875241488583376
12395	0.07301458865092317
12417	0.07007885707945471
12469	0.06548968545738691
12521	0.05760867869204641
12537	0.04475947551362553
12620	0.03722708603275082
12749	0.10548237207790696
12952	0.06113287689499576
12963	0.021285197576909602
12964	0.030100216766410892
