372
t_index	tf-idf
15	0.028549850069397052
21	0.043585219432824576
27	0.12763002699278012
67	0.06094950484314401
73	0.017440437611721496
111	0.023243076574331528
114	0.1773111032311459
184	0.038245203907698436
200	0.07716517619578986
202	0.022252988997478546
230	0.03213659690540604
236	0.048412630936168065
287	0.02476933325664015
310	0.027727676234611986
348	0.05455685062351257
367	0.028768248978322947
376	0.016378258604678144
413	0.020127342786565524
445	0.08283461350762891
478	0.010830370463726894
493	0.04913477581403443
529	0.08486667619593875
546	0.023972493643076655
557	0.01484063657668634
575	0.02679922225308371
586	0.02360007770417809
587	0.027727676234611986
643	0.01799320080487797
660	0.062300932195379057
708	0.04602605675569536
734	0.04050843574579442
742	0.06598725973514621
784	0.035438013915615775
801	0.025197171157836897
812	0.048412630936168065
846	0.035438013915615775
858	0.08985535944382603
898	0.03295638316859389
940	0.02970173140425225
949	0.03254739231855972
1019	0.01709067499473557
1044	0.030748626094838836
1046	0.05798464243209273
1136	0.0464877285839931
1190	0.1791203449663634
1192	0.04491496884499126
1224	0.06037121661256543
1252	0.03858258809789493
1258	0.015200117596193706
1262	0.04050843574579442
1277	0.07787135201358515
1283	0.025494659124869565
1333	0.0464877285839931
1433	0.029222369412530216
1435	0.05129468183645703
1634	0.043585219432824576
1668	0.05439192377436675
1720	0.030959827779517786
1745	0.03370696907281067
1862	0.01497369262529719
1978	0.032604240555420785
1988	0.030474752421572004
1996	0.013962628915097976
2063	0.012045680732343857
2078	0.012672723897676225
2160	0.17191717160284214
2224	0.01959136938736296
2237	0.05798464243209273
2275	0.02022477647487676
2287	0.0714690689519661
2302	0.019291294048947465
2386	0.026921468277589383
2403	0.035438013915615775
2413	0.03452914290759574
2418	0.04580052946253699
2498	0.016906098568479144
2535	0.03497161405424505
2576	0.10911370124702514
2579	0.08101687149158884
2591	0.01900130720945328
2709	0.06768388757227924
2727	0.02039067189776708
2749	0.048412630936168065
2788	0.020819929414885027
2820	0.027727676234611986
2835	0.028128971665250403
2839	0.0333235150055657
2849	0.016977169460723054
2850	0.05439192377436675
2869	0.031031480816418936
2872	0.03968626191100935
2878	0.03701077365461762
2931	0.03370696907281067
2948	0.06771167169359509
2952	0.050894261683189945
2966	0.019365339963896448
2972	0.06786995647346056
2986	0.020559820378535376
3047	0.022149678827051714
3072	0.048412630936168065
3084	0.028549850069397052
3195	0.04243333809796938
3204	0.03410826450344908
3216	0.06905828581519148
3236	0.05439192377436675
3264	0.02970173140425225
3294	0.0266249477172221
3302	0.03295638316859389
3335	0.026977090330395203
3383	0.1557427040271703
3403	0.02346619914642713
3433	0.015200117596193706
3485	0.038245203907698436
3496	0.015338881383957894
3522	0.03295638316859389
3569	0.05160554776487406
3588	0.0398045211036363
3613	0.04050843574579442
3635	0.0532498954344442
3702	0.021748383396413298
3705	0.043585219432824576
3755	0.0266249477172221
3757	0.03295638316859389
3780	0.01838242304092743
3839	0.030492249235835905
3848	0.05765363495891464
3858	0.06883060822478021
3872	0.028992321216046366
3873	0.029951786481275344
3874	0.031940351824438974
3876	0.03760592659462588
3930	0.03645404525977069
3993	0.019291294048947465
4008	0.03573453447598305
4014	0.024909601324838125
4040	0.048412630936168065
4059	0.05439192377436675
4067	0.08985535944382603
4078	0.02505218797822025
4111	0.030474752421572004
4135	0.030959827779517786
4186	0.04720015540835618
4191	0.030209306981633866
4206	0.029458721077417087
4210	0.029222369412530216
4217	0.038935676006792576
4222	0.08318302870383595
4235	0.027533818725242132
4252	0.025197171157836897
4255	0.02267906553141533
4287	0.015063550689131025
4292	0.06037121661256543
4310	0.012141707283789443
4332	0.01331200121074878
4405	0.024495459583373323
4422	0.08401483985905747
4426	0.08101687149158884
4526	0.06037121661256543
4606	0.09852523829629438
4682	0.023243076574331528
4708	0.009913208925394821
4712	0.050894261683189945
4815	0.024909601324838125
4858	0.021271671165463354
4972	0.017440437611721496
4980	0.10366176026129191
4981	0.1811136498376963
5046	0.04491496884499126
5064	0.025961058986240286
5087	0.0316266337564272
5112	0.03226591106949975
5117	0.02160553258513821
5170	0.05844473882506043
5246	0.01072047985501796
5294	0.08699353358565319
5304	0.047693120152380426
5417	0.022900264731268494
5434	0.0333235150055657
5552	0.0464877285839931
5595	0.027158703272591074
5600	0.04548946256855559
5602	0.038245203907698436
5630	0.04535813106283066
5686	0.04254334233092671
5688	0.01664534793144845
5697	0.035438013915615775
5712	0.03758008083688293
5744	0.0409496631037997
5802	0.11794716236087863
5810	0.01793000421361506
5841	0.02410029296018681
6013	0.03858258809789493
6073	0.028336844281075517
6146	0.03370696907281067
6184	0.02412951569062121
6350	0.03410826450344908
6369	0.030748626094838836
6407	0.019217878319638216
6430	0.015623290533170938
6432	0.044674799798591715
6450	0.038245203907698436
6454	0.02583146844902278
6585	0.016591264392999683
6606	0.020645654879023416
6801	0.026977090330395203
6843	0.031940351824438974
6849	0.01992614409523578
6861	0.03410826450344908
6901	0.08630474693496884
6912	0.05439192377436675
7017	0.03370696907281067
7020	0.023846560076190213
7132	0.04491496884499126
7135	0.03744150505369692
7176	0.018185616874504193
7183	0.058665497866067826
7198	0.015063550689131025
7275	0.01709067499473557
7331	0.019823481044238346
7377	0.118806925617009
7422	0.03497161405424505
7431	0.029222369412530216
7439	0.014204503530506883
7589	0.010294403321081176
7604	0.1884502779431257
7640	0.022252988997478546
7677	0.009938104458188697
7717	0.044521909730059026
7719	0.050894261683189945
7792	0.02410029296018681
7892	0.07230087888056044
7911	0.018516166745174634
7913	0.04782018319430868
8009	0.0826875891291242
8047	0.027344222167367014
8096	0.04243333809796938
8150	0.04243333809796938
8151	0.032604240555420785
8206	0.030748626094838836
8319	0.048412630936168065
8331	0.06905828581519148
8391	0.02792599062660523
8398	0.03744150505369692
8399	0.0070605628964493525
8426	0.04243333809796938
8430	0.02423001414343518
8433	0.019823481044238346
8435	0.02505218797822025
8553	0.01872075252684846
8623	0.013498321545217372
8678	0.047693120152380426
8700	0.048412630936168065
8714	0.032604240555420785
8746	0.029951786481275344
8794	0.011974348667216514
8797	0.013844188206039663
8850	0.06094950484314401
8893	0.02039067189776708
8927	0.043693941421836656
8936	0.027344222167367014
8974	0.04050843574579442
9068	0.027727676234611986
9076	0.04111964075707075
9142	0.03452914290759574
9198	0.01622188641719844
9267	0.026977090330395203
9322	0.03786061697327889
9329	0.050894261683189945
9343	0.038935676006792576
9358	0.07087602783123155
9391	0.05186353046425108
9409	0.041417306753814456
9426	0.027533818725242132
9441	0.03466212149857062
9456	0.05129468183645703
9457	0.04580052946253699
9498	0.03760592659462588
9499	0.017381150119749122
9596	0.03497161405424505
9714	0.032604240555420785
9745	0.03452914290759574
9750	0.043585219432824576
9760	0.0645318221389995
9787	0.014002473309842913
9826	0.12074243322513085
9856	0.038641789540504026
9873	0.14496160608023184
9939	0.03132392564029382
9942	0.03760592659462588
9949	0.07554416593737023
9950	0.02165091008670425
9989	0.022570557231198364
10020	0.029222369412530216
10063	0.017560249206142364
10103	0.010775250173143514
10110	0.018185616874504193
10208	0.03295638316859389
10213	0.013386047125697763
10219	0.01838242304092743
10329	0.16471061887826907
10334	0.06037121661256543
10403	0.1452378928085042
10461	0.0266249477172221
10467	0.030474752421572004
10481	0.01720569398041663
10536	0.029458721077417087
10688	0.02117941043439239
10695	0.10112090721843202
10719	0.02410029296018681
10796	0.03077127298193929
10797	0.09682526187233613
10829	0.0666470300111314
10878	0.018790040418441466
10922	0.017263783736132843
11054	0.06041861396326773
11055	0.031031480816418936
11073	0.03295638316859389
11080	0.020997797492196518
11160	0.021088126025672727
11165	0.06353823130317716
11167	0.018449035697229745
11209	0.05160554776487406
11210	0.04818272292937543
11237	0.020645654879023416
11410	0.11487049283839902
11437	0.0469588564784368
11441	0.019981766148041598
11461	0.09682526187233613
11468	0.028768248978322947
11483	0.038935676006792576
11493	0.08722757076331775
11538	0.03132392564029382
11587	0.050894261683189945
11604	0.05439192377436675
11620	0.02372243856605356
11634	0.027766976057144645
11659	0.0071503274538457515
11671	0.02580277388243703
11715	0.027158703272591074
11806	0.06037121661256543
11810	0.02612230286082394
11827	0.029951786481275344
11884	0.050894261683189945
12036	0.05439192377436675
12078	0.0464877285839931
12123	0.03593107931947403
12133	0.07402154730923524
12136	0.03295638316859389
12148	0.01848759519494595
12234	0.050894261683189945
12238	0.05439192377436675
12256	0.04243333809796938
12400	0.07087602783123155
12405	0.1282367045911426
12485	0.03373027613253303
12522	0.06037121661256543
12569	0.043585219432824576
12620	0.0687007941938055
12626	0.042613510591520645
12627	0.050894261683189945
12631	0.02073235205225838
12636	0.058774108162088876
12640	0.11905878573302806
12664	0.028549850069397052
12677	0.024361715879126118
12705	0.043585219432824576
12768	0.02410029296018681
12880	0.02505218797822025
12887	0.06193696463707024
12910	0.05359844450616742
12963	0.03928080690546864
12964	0.09258083372587317
