36
t_index	tf-idf
202	0.16544846785721345
742	0.08176797449931318
1190	0.14797106651904046
1258	0.11301116303183684
1279	0.09346126609060687
2302	0.14342859935548374
2781	0.12177050878963994
2972	0.10092109705659906
3432	0.11580010419015561
3635	0.19795348872423119
3793	0.20192190118585956
3839	0.2267064401173689
3848	0.14288276167353406
3858	0.20469912915986885
3993	0.14342859935548374
4255	0.16861629891746974
5417	0.17026089006480252
5802	0.1753847746289228
7135	0.13918668737274298
7275	0.12706724444275705
7600	0.1485621816758733
7913	0.10158219378395944
8398	0.13918668737274298
8714	0.24240885780124255
8803	0.22082902903950685
9266	0.1366712457355366
9856	0.0957657849238694
10714	0.1581524802572433
10749	0.1468049336569458
11167	0.1371665033355995
11244	0.3930256549600865
11410	0.14234153027165306
11493	0.10808786136050323
11735	0.21068124694366266
12677	0.18112661481254796
12963	0.09734945897891475
