174
t_index	tf-idf
6	0.059552873709024276
76	0.04160100619490993
81	0.040702283483761814
111	0.051650454284398906
114	0.10745955411635628
126	0.06161607174456546
129	0.04319936827001378
157	0.04945029489662358
188	0.0541362796048228
230	0.03570675818260449
278	0.06035170762865603
586	0.05244377742635259
587	0.12323214348913092
742	0.048878669043707815
940	0.06600279077327555
1040	0.025337054946001653
1074	0.28981083135010727
1140	0.09709609296757582
1202	0.0629697568402007
1279	0.16760580123042146
1460	0.043033399787172674
1616	0.021164888411284534
1772	0.21516380354892328
1917	0.032978664360725295
2017	0.1259395136804014
2037	0.05699317839344397
2063	0.08030325245464429
2146	0.05699317839344397
2160	0.050937605637410545
2224	0.0870713587054355
2316	0.06392841859575595
2386	0.029912263595864283
2397	0.03570675818260449
2400	0.08100769242616265
2576	0.08082366979313592
2783	0.08100769242616265
2818	0.03537142764876495
2842	0.09980944379692738
2848	0.04222445106296827
2849	0.07545287839200679
2924	0.034611074828477265
2966	0.043033399787172674
2972	0.030163942134819877
2986	0.04568775820881343
3134	0.05139314518584309
3235	0.06250782509005921
3272	0.03193194460926319
3294	0.05916560316337734
3537	0.06250782509005921
3581	0.043033399787172674
3672	0.06161607174456546
3858	0.06118178326543034
3910	0.06118528417677624
3923	0.04319936827001378
4072	0.05113924425513714
4206	0.1309255529421883
4247	0.031116109145260924
4255	0.05039711647884306
4276	0.02105956265168374
4449	0.06344309545769525
4487	0.04832896707041597
4858	0.04726962351868127
4972	0.03875590749285476
4980	0.04607115578949696
5110	0.03651279091562291
5117	0.024005762952894853
5141	0.08224484682845998
5223	0.12086900644861114
5412	0.05088866238599628
5417	0.05088866238599628
5595	0.06035170762865603
5600	0.02527151901884819
5639	0.06600279077327555
5659	0.1341561111227606
5704	0.0689577421543105
5750	0.0671307184411807
5802	0.026210060866997526
6184	0.05362028744763797
6313	0.09709609296757582
6432	0.024818935837544107
6497	0.05139314518584309
6547	0.0649375589585484
6670	0.0381060405116936
6671	0.04055650909288173
6759	0.06250782509005921
6957	0.0671307184411807
7018	0.08356738774174295
7029	0.04747686056433169
7039	0.03559432830006865
7072	0.0649375589585484
7137	0.07245270783752682
7183	0.07821941142548552
7234	0.06392841859575595
7362	0.02748848383210418
7439	0.03156505800291754
7562	0.03663075584187617
7589	0.045752171096649204
7600	0.04440321381941042
7604	0.059824527191728566
7614	0.0541362796048228
7616	0.06943573505639802
7664	0.055353783323675874
7886	0.060763965238481175
7913	0.030361534947534085
8009	0.073498902411525
8023	0.06392841859575595
8043	0.04319936827001378
8058	0.049220720415909726
8193	0.06772058775201316
8289	0.068329186170365
8312	0.039428581424976565
8391	0.12411352667477145
8399	0.03137977710815752
8423	0.08224484682845998
8430	0.05384361376703121
8435	0.055670637480160996
8576	0.05327135515107189
8585	0.07673020013184474
8721	0.09361162792018554
8794	0.013304618827968281
8798	0.04238353280601151
8936	0.060763965238481175
8974	0.18003460961198844
9267	0.059948129774478914
9322	0.12620003594857918
9376	0.21516380354892328
9412	0.07984556449937087
9449	0.04238353280601151
9457	0.05088866238599628
9486	0.07030217826131732
9495	0.11330778190350478
9543	0.058786001847687126
9620	0.05665389095175239
9856	0.028623089514367473
9909	0.07323523444862841
9946	0.08224484682845998
9949	0.03357464728666974
9950	0.048112363183620874
10050	0.04666102510032942
10094	0.07446344334802964
10103	0.04788923399973067
10214	0.10330440948014372
10329	0.19964603840758025
10719	0.05355534908642145
10721	0.09980944379692738
10894	0.036868886109396266
10953	0.04012572152509251
11032	0.12086900644861114
11137	0.07984556449937087
11167	0.04099720068570199
11186	0.06499157286947542
11244	0.0391566727522031
11318	0.04968265216605121
11386	0.05355534908642145
11492	0.1364966915206129
11493	0.032305990428603486
11554	0.10947073422504994
11587	0.11309654847107688
11594	0.045126667224991215
11634	0.030851701642616892
11671	0.05733857945024755
11776	0.12070341525731206
12148	0.04108288708645239
12291	0.029337553827159316
12391	0.02648687780763066
12394	0.07323523444862841
12405	0.05699317839344397
12568	0.04607115578949696
12571	0.068329186170365
12620	0.10177732477199256
12636	0.0870713587054355
12676	0.020490393606207555
12785	0.039022151217543516
12963	0.11638571252744807
