65
t_index	tf-idf
111	0.20516147510431565
114	0.07114026050048665
131	0.25590878076575313
554	0.06608472972457467
742	0.09707581454101288
1428	0.08231860474590667
1441	0.11120491701401215
1460	0.08546677760544731
1772	0.21366377090358835
1917	0.06549750162855963
2017	0.12506151571446913
2146	0.1131916912647001
2160	0.05058248981369376
2204	0.0820176450751616
2585	0.12696547244264075
2639	0.1827906843847949
2849	0.07492685227188031
2972	0.05990730332463024
3600	0.11986192119417044
3910	0.12151745159166748
3946	0.06233083413659903
4131	0.2664416609063361
4276	0.12547646478231178
4606	0.10870754974728056
4775	0.1344969358994667
4809	0.08962412569928975
5688	0.0734623947978528
5802	0.05205467042398629
6907	0.09730459600029408
7019	0.10258073755215782
7029	0.09429174323489262
7135	0.08262196252695381
7589	0.045433205968184565
7600	0.17637461224255313
7603	0.2664416609063361
7604	0.05940745544313905
7792	0.10636396688591736
7913	0.030149866940031966
8009	0.072986498600126
8426	0.18727482590221448
8880	0.1310852934756943
8997	0.13001279438204716
9241	0.16225756581782014
9337	0.07492685227188031
9358	0.15640173938342103
9376	0.21366377090358835
9528	0.05858868840104303
9856	0.056847082452324664
9986	0.09470782606589702
10094	0.07394431515795424
10103	0.09511074031316073
10329	0.06608472972457467
11052	0.14096519612402433
11186	0.06453847862514678
11393	0.12324825873160891
11493	0.06416153297068071
11578	0.21366377090358835
11634	0.06127323279312742
11699	0.05232856513113592
11827	0.1321888837920476
12148	0.08159294853236645
12394	0.14544933764144388
12537	0.12151745159166748
12785	0.07750020998317793
12964	0.08171904589671897
