292
t_index	tf-idf
27	0.03248789450493042
76	0.028591915906101037
81	0.027974233630348917
114	0.1477115491008438
126	0.042348051235367924
148	0.03700612599836357
184	0.11682261729301177
202	0.03398664605831464
230	0.024540863806352536
264	0.053411605473956035
401	0.08295813525391417
478	0.01654105736864466
493	0.0250142611543921
498	0.03761901830543622
554	0.022869089249072796
583	0.03804404899390933
586	0.03604403381368261
656	0.044279523963741824
659	0.030396414846187388
660	0.04757562527594219
742	0.0839844346764161
746	0.037411536714919154
778	0.038397877138696385
920	0.05033377449834325
927	0.07773001902898592
940	0.045362995176505536
949	0.024854564548100425
1019	0.026102323692766938
1046	0.044279523963741824
1066	0.058411308646505886
1134	0.03964992402433457
1140	0.033366540606409326
1187	0.045362995176505536
1190	0.15198207423093693
1233	0.04979595252946885
1252	0.11785318060827504
1258	0.06964471381958592
1260	0.1265120245635347
1279	0.05759681570804458
1417	0.05033377449834325
1458	0.03700612599836357
1483	0.11682261729301177
1507	0.07393986275577605
1527	0.06656703179987335
1560	0.03291989414818531
1578	0.0565259824056181
1660	0.038483249953937
1720	0.023642233159960533
1721	0.05273582613240822
1874	0.08307194426599027
2008	0.02817692699304378
2034	0.07099998915283666
2078	0.019354855285007775
2095	0.04878200553454879
2160	0.08752214610022929
2167	0.03351885223004813
2171	0.04654361822513337
2194	0.06186790764262244
2204	0.028382787567415118
2232	0.0351474424535276
2237	0.044279523963741824
2287	0.027288401019554973
2295	0.13719587503754338
2366	0.047393900895403886
2385	0.07393986275577605
2387	0.09220402577620447
2391	0.06656703179987335
2397	0.024540863806352536
2418	0.03497522027946523
2535	0.053411605473956035
2560	0.08592188708488113
2576	0.16664766898574943
2580	0.044279523963741824
2585	0.04393730189928732
2673	0.06656703179987335
2781	0.0250142611543921
2783	0.0556756997353476
2818	0.024310394803286423
2820	0.1693922049414717
2835	0.042960943542440566
2874	0.04574490042972035
2948	0.03447166311197978
2972	0.06219404113986011
2976	0.03306710024620014
2977	0.046961901252148976
2986	0.031400695803470796
2996	0.07741693168682735
3071	0.06480778124556182
3080	0.0364204825297692
3158	0.04654361822513337
3205	0.036808004840714705
3235	0.08592188708488113
3314	0.03003870575901646
3426	0.054123930771553135
3432	0.023787812637971095
3496	0.02342683639425329
3581	0.029576384333199455
3651	0.05946585600855747
3654	0.04878200553454879
3789	0.0446308730176211
3848	0.05870233688744557
3858	0.08409913904075327
4078	0.07652363877037932
4083	0.022532119251145014
4094	0.03893759872673748
4124	0.06186790764262244
4134	0.1331340635997467
4135	0.023642233159960533
4206	0.08998369852267782
4210	0.0446308730176211
4255	0.03463738616133199
4263	0.06859793751877169
4276	0.0434220202416557
4308	0.042960943542440566
4332	0.02033121364185454
4449	0.087207489244388
4525	0.0556756997353476
4547	0.0332159697251537
4606	0.03761901830543622
4708	0.01514029073072813
4844	0.05148013274558214
4858	0.03248789450493042
4949	0.026015360943313377
4980	0.06332840152271847
5032	0.05033377449834325
5054	0.02213881217228756
5117	0.0164988979448037
5142	0.06480778124556182
5246	0.016373223140903545
5294	0.0332159697251537
5310	0.018348655899077686
5417	0.03497522027946523
5524	0.02869773823172054
5532	0.0461382075085778
5600	0.017368838225233815
5630	0.03463738616133199
5675	0.05018968255072035
5688	0.05084436510778298
5715	0.03277431467017476
5802	0.018013887757711854
5841	0.036808004840714705
5856	0.025257495300656626
6073	0.04327842417482054
6150	0.04393730189928732
6161	0.07246182733258262
6184	0.04913684835348726
6313	0.033366540606409326
6343	0.03989618930111005
6442	0.02273326527591951
6501	0.03234698611674286
6532	0.042051975658399535
6563	0.06797329211662928
6646	0.021204036623367815
6670	0.02618986427203607
6907	0.03367294531656676
6957	0.0461382075085778
7019	0.03549879150740688
7034	0.06859793751877169
7064	0.03870846584341368
7077	0.06859793751877169
7094	0.05487698193993457
7097	0.09308723645026674
7180	0.044279523963741824
7183	0.035839563162230116
7237	0.03114235794387697
7275	0.052204647385533876
7276	0.04014714562607744
7314	0.05033377449834325
7331	0.030276096122214328
7384	0.07099998915283666
7409	0.042051975658399535
7420	0.053411605473956035
7600	0.06103568502824069
7604	0.04111674228681145
7717	0.022665874803113772
7792	0.07361600968142941
7794	0.0364204825297692
7817	0.053411605473956035
7867	0.04499184926133891
7886	0.041762407766773535
7892	0.036808004840714705
7911	0.028279455204704932
7912	0.014510151649746313
7913	0.09390217690162887
7932	0.07393986275577605
8058	0.03382886203222634
8161	0.06186790764262244
8305	0.03414634266460632
8399	0.03235046566031418
8430	0.03700612599836357
8504	0.08295813525391417
8520	0.0483028687794449
8551	0.01961888834425745
8553	0.028591915906101037
8573	0.06480778124556182
8623	0.020615777808123098
8663	0.07773001902898592
8721	0.06433824655074452
8743	0.05273582613240822
8841	0.03870846584341368
8938	0.03179795631332799
8974	0.06186790764262244
8976	0.05946585600855747
9045	0.06471008119939213
9111	0.04927922713629166
9117	0.033366540606409326
9154	0.04654361822513337
9184	0.06186790764262244
9198	0.024775436330012807
9213	0.045362995176505536
9322	0.08673590245108533
9333	0.04654361822513337
9369	0.03153178950904041
9378	0.06186790764262244
9383	0.04878200553454879
9391	0.015842073650625954
9442	0.0483028687794449
9470	0.06480778124556182
9486	0.024158958553137724
9620	0.03893759872673748
9847	0.03940817763242855
9856	0.05901700775216327
9949	0.02307548734037401
9950	0.03306710024620014
9954	0.036808004840714705
9986	0.03277431467017476
10027	0.07393986275577605
10063	0.053638994252195545
10103	0.09874123800607211
10126	0.054123930771553135
10164	0.056973873590443994
10207	0.022203553377296764
10296	0.06186790764262244
10329	0.2515599817398007
10333	0.058411308646505886
10367	0.041479067626957085
10481	0.026277990411371417
10542	0.06186790764262244
10649	0.06656703179987335
10749	0.03015686627040254
10751	0.03940817763242855
10758	0.042348051235367924
10794	0.0351474424535276
10894	0.02533958160176556
10913	0.029020402735388244
10991	0.07099998915283666
11008	0.03700612599836357
11052	0.04878200553454879
11160	0.032207568850588224
11165	0.06469397223348572
11167	0.02817692699304378
11186	0.04466799618699228
11209	0.03940817763242855
11210	0.018397181952861195
11244	0.02691195230346839
11380	0.0446308730176211
11393	0.08530186748052468
11492	0.03127089368250178
11493	0.06661066013189029
11634	0.021204036623367815
11659	0.010920584574164012
11682	0.1331340635997467
11812	0.0364204825297692
11817	0.03623091366629131
11834	0.06480778124556182
11841	0.016043835766901778
11971	0.05089448927698775
12079	0.06859793751877169
12148	0.028235818317764953
12291	0.020163379414113423
12307	0.07773001902898592
12405	0.15668314907692274
12483	0.0446308730176211
12582	0.035859767751124684
12620	0.06995044055893046
12626	0.021694318636481573
12636	0.059843191154361465
12637	0.07773001902898592
12640	0.06061221425579636
12674	0.09220402577620447
12676	0.014082823096314421
12682	0.05743495028965912
12704	0.06061221425579636
12781	0.06859793751877169
12846	0.06186790764262244
12869	0.019779885973480887
12887	0.03153178950904041
12898	0.05033377449834325
12899	0.06325601228176735
12958	0.02307548734037401
12963	0.039995312729522434
12964	0.14139727602352464
