80
t_index	tf-idf
15	0.08757867211088052
200	0.0591774006518638
212	0.07024817192654635
310	0.08505659607476258
412	0.05679964315694519
478	0.033222922760593486
576	0.21741719787897162
579	0.07392934287941565
715	0.1822242981630752
742	0.03373675967820315
1130	0.1470746189800581
1488	0.1270505000583591
1616	0.029216620170610455
1617	0.3703859019781166
1806	0.06794569689999926
1829	0.07915182279095132
2160	0.035157867298631476
2204	0.057007187513299196
2218	0.13913925566187343
2315	0.060333120127602245
2347	0.05618660176764932
2418	0.1404963438530927
2498	0.05186064583891284
2583	0.062040923616187994
2674	0.1851929509890583
2835	0.08628759801887258
2899	0.1440495934034784
3488	0.08964167247331038
3533	0.034437774707385155
3866	0.07129977135443707
4122	0.15612172552370873
4287	0.13862550206977978
4374	0.09701692236534887
4458	0.08964167247331038
4612	0.10462949913774587
4687	0.14850914875131171
4708	0.06081893053262838
4980	0.06359794738180997
5054	0.0889321680493589
5315	0.06977106214407242
5600	0.03488553107203621
5802	0.07236224241951217
6412	0.08692526188113198
6497	0.07094457448059298
7039	0.04913543364663552
7183	0.03599210776480566
7198	0.046208500689926595
7341	0.04407977395526428
7343	0.060809921672078014
7439	0.08714662628155649
7674	0.09187921060890236
7677	0.030485834063287927
7913	0.020955967664962077
8009	0.050729998500000636
8676	0.060570447007960784
8794	0.01836607816010261
8894	0.09701692236534887
8915	0.09797927459300952
8938	0.06386659709825931
9124	0.1851929509890583
9341	0.117319851582563
9422	0.17515734422176105
9543	0.08114988626242606
9563	0.1851929509890583
9873	0.17787196691692284
10164	0.05721637255352295
10687	0.1851929509890583
10699	0.15612172552370873
10752	0.117319851582563
10856	0.16685104987018504
10904	0.0622941482259431
11115	0.16685104987018504
11210	0.03695097244454894
11493	0.08919223510619961
11713	0.1270505000583591
12148	0.0567119979180702
12291	0.04049840236558711
12821	0.14260437546750043
12963	0.08033109105331525
12964	0.17039892947083557
