335
t_index	tf-idf
37	0.027737303817821423
46	0.029467148630835646
65	0.019827010658025567
73	0.018402927013869277
79	0.07936258685902486
101	0.022845763792169863
112	0.025847296089694157
208	0.015162623818408265
333	0.049550385584741875
401	0.02865751681488297
422	0.06370293669195778
493	0.017282129292076703
529	0.04477511639082597
537	0.05370297489273027
556	0.02225192123900071
557	0.01565965016706708
565	0.037393739659792154
659	0.06300183341155853
745	0.02529546910895654
830	0.06370293669195778
949	0.017171796335192467
974	0.05370297489273027
1025	0.042743984014188066
1036	0.1307101880185101
1171	0.02690163868383231
1213	0.09392427907561228
1226	0.04370301309350275
1312	0.045990566863223045
1314	0.05370297489273027
1355	0.037393739659792154
1399	0.04905325744789867
1458	0.025567201451812887
1531	0.06375294977104698
1560	0.022744060415733035
1573	0.0585157796346596
1586	0.04477511639082597
1616	0.02009994975663343
1636	0.01779587828138766
1800	0.03744468150348543
1832	0.023372058196574313
1862	0.015800049210133157
1996	0.014733187696712025
1998	0.024649641043286628
2030	0.03516254741686329
2107	0.03244555752544677
2170	0.07032509483372658
2204	0.019609414061126037
2214	0.0670447301435171
2267	0.03556716325104041
2271	0.028278197034488292
2275	0.02134092581993641
2304	0.02885327398315269
2308	0.03556716325104041
2347	0.019327147800308444
2363	0.02134092581993641
2373	0.05770654796630538
2379	0.03643471058047747
2386	0.014203594739093578
2423	0.03690160048305982
2467	0.029900676159497916
2487	0.02393066028554763
2488	0.03690160048305982
2489	0.05108438982453658
2509	0.015942647805290106
2522	0.05370297489273027
2583	0.02134092581993641
2653	0.057393663258247185
2695	0.033052606257928385
2816	0.02151597655130875
2823	0.02846588115788785
2831	0.04905325744789867
2845	0.018529350678035857
2891	0.024403616404612048
2900	0.016038969947461762
2906	0.022948616383619194
2907	0.057393663258247185
2911	0.04450384247800142
2957	0.03905329564867115
2966	0.020434059390507176
2976	0.022845763792169863
3044	0.057393663258247185
3069	0.17218098977474158
3075	0.16110892467819082
3112	0.06370293669195778
3134	0.024403616404612048
3167	0.04035585068524263
3175	0.06375294977104698
3181	0.04370301309350275
3198	0.034046577251532026
3219	0.0758280319527555
3314	0.020753473128380617
3324	0.04477511639082597
3432	0.016434786982022432
3433	0.016038969947461762
3467	0.04108442802530906
3496	0.016185391723981642
3533	0.0829216856903076
3536	0.0476323274261125
3569	0.027226757440691897
3702	0.022948616383619194
3727	0.049051595068660296
3780	0.038793796014945835
3839	0.016087515969170976
3910	0.02905333384944364
3943	0.04905325744789867
4008	0.03770662436785035
4086	0.060250874293533714
4118	0.038465842957115366
4155	0.031084466226081544
4247	0.01477523099314342
4276	0.009999961799227517
4310	0.012811774448662282
4380	0.10118187643582616
4464	0.03968129342951243
4515	0.02690163868383231
4524	0.047393701459019666
4525	0.038465842957115366
4547	0.022948616383619194
4605	0.03516254741686329
4708	0.08368233155097811
4829	0.03599060506399552
4984	0.02393066028554763
5016	0.038465842957115366
5054	0.045886521929187074
5072	0.024775192792370938
5077	0.02326433673231864
5078	0.02348106976890307
5117	0.011398941016045595
5130	0.047393701459019666
5246	0.011312113418126418
5419	0.026434748781249948
5429	0.02012547534753934
5598	0.045990566863223045
5600	0.011999974974633612
5612	0.02968133163028492
5613	0.032744022214960554
5623	0.022156607724177244
5626	0.02529546910895654
5639	0.06268177523832785
5649	0.033372019995801826
5671	0.02885327398315269
5729	0.024403616404612048
5747	0.028278197034488292
5765	0.014691337703475568
5778	0.02012547534753934
5802	0.024891267853983486
5808	0.06809315450306405
5829	0.03791401597637775
5856	0.017450177588128547
5989	0.04187643668475101
6034	0.030835070968040754
6233	0.03791401597637775
6260	0.17212781241047
6266	0.057393663258247185
6293	0.06370293669195778
6302	0.045990566863223045
6306	0.19110881007587335
6407	0.02027845974690617
6432	0.02357013907438167
6521	0.02905333384944364
6591	0.014817469386776534
6606	0.02178503133641835
6796	0.0610677812603628
6807	0.015567239652585371
6843	0.03370305129427524
6854	0.03370305129427524
6883	0.026587733180616777
6907	0.02326433673231864
6908	0.03187647488552349
6953	0.025706171441183524
7020	0.07548775685290735
7027	0.10118187643582616
7183	0.024761233622623165
7202	0.32505781400033906
7205	0.057393663258247185
7218	0.03643471058047747
7246	0.06370293669195778
7304	0.05370297489273027
7341	0.015162623818408265
7362	0.013052682659473354
7394	0.018853312183925174
7405	0.04786132057109526
7562	0.017393816061337115
7593	0.02865751681488297
7616	0.01648549662568013
7619	0.020512868172804184
7625	0.03905329564867115
7627	0.032744022214960554
7639	0.051981286529536014
7677	0.05243280446051917
7682	0.026743332824217782
7794	0.05032517123527156
7800	0.026587733180616777
7829	0.10216877964907316
7865	0.04370301309350275
7880	0.03968129342951243
7913	0.028833855162417415
7996	0.010434097591279662
8009	0.017450177588128547
8015	0.17749954521759517
8023	0.030355888886015116
8043	0.1230772090368251
8069	0.03556716325104041
8076	0.027914054177150233
8110	0.07198121012799104
8218	0.05370297489273027
8288	0.026434748781249948
8399	0.022350647366703093
8402	0.04412456386388218
8461	0.038465842957115366
8617	0.1643991081716875
8623	0.014243256490274199
8628	0.02968133163028492
8629	0.09810651489579734
8630	0.025847296089694157
8676	0.02083510916881324
8694	0.04035585068524263
8721	0.011112679767479788
8765	0.06370293669195778
8794	0.018952769661006542
8798	0.04025095069507868
8810	0.026743332824217782
8841	0.026743332824217782
8893	0.02151597655130875
8903	0.03690160048305982
8919	0.057393663258247185
8920	0.03187647488552349
8930	0.05819069402241875
8931	0.04370301309350275
8960	0.057393663258247185
8982	0.047393701459019666
8999	0.051134402903625774
9002	0.07470750170048573
9051	0.024283053615638612
9095	0.049550385584741875
9125	0.0393627396621148
9226	0.057393663258247185
9265	0.07693168591423073
9309	0.026587733180616777
9328	0.04134512550247937
9337	0.01791409237792272
9378	0.042743984014188066
9406	0.0717919808566429
9441	0.03657502789123538
9475	0.031340887619163926
9499	0.07336147043830409
9535	0.031604742542667145
9611	0.031604742542667145
9648	0.0525685863315134
9649	0.0758280319527555
9744	0.025847296089694157
9781	0.01565965016706708
9787	0.01477523099314342
9793	0.05980135231899583
9806	0.01953802265598355
9829	0.047393701459019666
9835	0.07113432650208082
10001	0.027393777860564635
10087	0.047393701459019666
10107	0.022544000549442087
10111	0.06370293669195778
10177	0.02865751681488297
10184	0.06947362559137513
10185	0.024775192792370938
10329	0.015800049210133157
10400	0.03370305129427524
10421	0.019189230654325075
10451	0.02885327398315269
10530	0.057393663258247185
10556	0.0196813698310574
10647	0.09198113372644609
10676	0.038465842957115366
10715	0.039801428720540794
10744	0.02012547534753934
10749	0.14584576418169268
10815	0.055127840675149246
10833	0.03556716325104041
10904	0.06428409115233247
10913	0.04009987335508847
10915	0.08071170137048526
11000	0.04035585068524263
11008	0.025567201451812887
11021	0.057393663258247185
11066	0.1628503571262305
11069	0.04108442802530906
11083	0.03370305129427524
11097	0.08269176101272387
11142	0.034046577251532026
11165	0.022348243381172365
11186	0.03086071903371195
11210	0.012710448458054168
11332	0.057393663258247185
11438	0.06782025319443213
11590	0.017737342018593907
11596	0.02885327398315269
11624	0.03477515459159846
11634	0.029299358488118224
11699	0.012511118795726101
11748	0.048807232809224096
11755	0.03215656952340476
11767	0.08334043667525295
11772	0.05370297489273027
11777	0.024775192792370938
11780	0.06955030918319692
11792	0.06370293669195778
11817	0.02503161418545332
11841	0.022169085255253018
11876	0.025847296089694157
11896	0.03599060506399552
11904	0.17282129292076703
12026	0.047393701459019666
12144	0.026587733180616777
12148	0.019507874321105866
12168	0.047393701459019666
12237	0.057393663258247185
12275	0.022544000549442087
12298	0.030355888886015116
12425	0.03744468150348543
12470	0.03215656952340476
12504	0.02393066028554763
12515	0.045990566863223045
12518	0.021968923600777686
12532	0.1633420742279728
12537	0.02905333384944364
12539	0.057393663258247185
12610	0.021000611137186175
12656	0.04477511639082597
12675	0.01658777138138926
12718	0.04086811878101435
12795	0.029467148630835646
13001	0.07321084921383615
13002	0.01946718683160813
13033	0.06370293669195778
13034	0.057393663258247185
13037	0.03643471058047747
