218
t_index	tf-idf
27	0.027338523356302654
70	0.038825244997017824
73	0.02241459109081717
111	0.029872189488871888
213	0.0344425765985987
230	0.02065110677615604
478	0.027838558952597327
493	0.02104947006357152
498	0.03165635773744174
554	0.019244310537830146
707	0.04235580947004725
756	0.046851033001301404
900	0.05100510391209972
1019	0.021965073354328457
1212	0.05601607556760554
1329	0.04617891295665894
1447	0.027579545573856952
1462	0.09513308964971062
1554	0.2140635297181677
1616	0.02448154874501035
1636	0.1950769032723845
1640	0.06990493915278463
1644	0.11178349522512199
1646	0.09282730797876608
1710	0.1557030480659504
1738	0.0349045845043953
1829	0.033161933115424556
1996	0.017944883302377715
2037	0.03296216941612232
2104	0.0344425765985987
2202	0.08380646588652409
2214	0.08165984736170268
2240	0.05206176835610946
2287	0.022963155969249985
2288	0.04756654482485531
2315	0.02527753403229457
2347	0.023540283269569764
2362	0.059746403739937205
2381	0.03563583314444424
2386	0.03459968817531345
2545	0.028335742159983784
2611	0.04383621665252364
2695	0.04025776188749233
2702	0.05601607556760554
2794	0.01830841047202074
2798	0.37571848495426347
2816	0.026206255991437367
2894	0.06990493915278463
2900	0.05860594121021946
3042	0.01930190331856403
3084	0.036692497588453984
3085	0.02642364698324976
3272	0.01846793243799583
3416	0.05100510391209972
3432	0.020017415142117936
3479	0.046851033001301404
3485	0.049153044542863775
3533	0.043284783895877234
3618	0.09513308964971062
3768	0.05667148431996757
3769	0.03538668590977341
3815	0.030331010220473967
3846	0.03514301488433188
3907	0.06990493915278463
4004	0.044945800458868396
4061	0.046851033001301404
4083	0.037921501396216376
4276	0.012179858915081897
4308	0.0361515812686959
4309	0.05322985670644857
4328	0.09829782463135953
4374	0.04064680479995005
4508	0.13081943124306095
4595	0.024793326712699987
4669	0.038825244997017824
4697	0.4070283587004521
4706	0.03201402054018829
4893	0.05601607556760554
5110	0.06335183440943133
5117	0.013883802372875127
5232	0.022724725589313405
5265	0.059746403739937205
5496	0.04104999779136668
5532	0.038825244997017824
5675	0.04223455627295422
5701	0.06990493915278463
5808	0.04146840915903603
5916	0.046851033001301404
5984	0.03399905404157704
6027	0.03589070840061127
6104	0.04833144018377779
6161	0.030488269387102633
6369	0.039518382271384545
6399	0.06222030376895689
6421	0.04235580947004725
6436	0.05601607556760554
6469	0.06540971562153047
6522	0.04146840915903603
6646	0.01784317079667516
6671	0.023455974229362343
6679	0.06261974749237725
6807	0.018960750698108188
6849	0.012804620556402569
6907	0.028335742159983784
7039	0.08234433051481845
7047	0.06194778180433119
7212	0.037860585938793094
7280	0.06194778180433119
7309	0.059746403739937205
7313	0.04025776188749233
7341	0.09233966218997916
7394	0.04592631193849997
7434	0.04383621665252364
7520	0.05322985670644857
7589	0.013230450181531234
7597	0.03467117408621951
7631	0.06540971562153047
7643	0.03726116507504066
7676	0.06990493915278463
7677	0.012772532009082935
7717	0.07629322332377289
7825	0.03726116507504066
7867	0.037860585938793094
7913	0.03511936294429435
7998	0.05322985670644857
8011	0.042827650268159614
8043	0.024984479471484463
8113	0.02032973397425522
8206	0.039518382271384545
8224	0.06990493915278463
8358	0.06540971562153047
8405	0.05772508023770273
8486	0.03201402054018829
8551	0.08254635232559908
8553	0.02406006214658689
8565	0.023540283269569764
8595	0.03276594154378651
8630	0.0944452867009378
8683	0.06540971562153047
8694	0.09830608908572755
8728	0.03697318562778188
8756	0.06222030376895689
8783	0.023797126849818186
8794	0.015389529490598415
8797	0.05337798704330725
8811	0.06990493915278463
8893	0.026206255991437367
8957	0.021392735420643436
9045	0.07260460522156827
9046	0.06222030376895689
9076	0.02642364698324976
9125	0.071915167060842
9150	0.05772508023770273
9215	0.02653396217560657
9242	0.022568573918351136
9254	0.036418740831227
9270	0.05100510391209972
9338	0.039518382271384545
9344	0.04833144018377779
9449	0.04902527734674418
9473	0.039518382271384545
9477	0.04235580947004725
9499	0.022338394327929313
9726	0.038825244997017824
9787	0.017996091639883454
9847	0.033161933115424556
9894	0.05322985670644857
9989	0.029007862204626242
10039	0.049153044542863775
10158	0.024238881916145105
10164	0.023971722353614
10198	0.03726116507504066
10212	0.03697318562778188
10213	0.017203855736009112
10342	0.03589070840061127
10744	0.02451263867337209
10859	0.0344425765985987
10865	0.04235580947004725
10878	0.02414911150372907
10894	0.04264645364159701
11009	0.13980987830556926
11055	0.039881909441027576
11103	0.049153044542863775
11142	0.04146840915903603
11156	0.04437713297228173
11210	0.015481206036054957
11234	0.03201402054018829
11353	0.043207829720252805
11441	0.025680727023711197
11464	0.10201020782419944
11526	0.06990493915278463
11555	0.0384942775728312
11564	0.02414911150372907
11659	0.04594829258632819
11716	0.046851033001301404
11767	0.025376965957617733
11768	0.06990493915278463
11782	0.03467117408621951
11784	0.03538668590977341
11841	0.0135008681086293
11904	0.10524735031785759
12027	0.06990493915278463
12037	0.13980987830556926
12051	0.054535668385129146
12150	0.03130987374618863
12391	0.015318762318749405
12417	0.08310615157783702
12535	0.2191691162233204
12537	0.03538668590977341
12571	0.039518382271384545
12626	0.018255742509029477
12675	0.02020374869397615
12676	0.03555203505873624
12734	0.05004044485387499
12776	0.02414911150372907
12785	0.022568573918351136
12801	0.059746403739937205
12844	0.06990493915278463
