118
t_index	tf-idf
101	0.05685524875979681
659	0.10452659680581204
1025	0.10637507531896885
1036	0.054215450494001366
1213	0.058436306835786024
1312	0.11445470343647736
1355	0.09306015722465082
1832	0.058165014524492305
1862	0.039320888390128574
1998	0.061344478832267985
2107	0.08074583371521264
2271	0.07037470672901835
2386	0.03534786227857636
2489	0.12713147687414666
2522	0.13364823450174101
2583	0.05311022460420936
2900	0.039915479933587836
2911	0.05537737888458795
3181	0.10876176885954567
3324	0.1114298652392518
3432	0.04090053239968332
3496	0.040279873376662056
3533	0.02948050807388618
3536	0.059270240414284296
3910	0.07230375566947302
4118	0.09572825360435695
4276	0.024886465642195345
4380	0.06295172276876995
4464	0.0987530918015825
4524	0.11794662286684617
4547	0.05711121348593329
4708	0.13016033903518828
5016	0.09572825360435695
5054	0.03806525712657461
5072	0.06165693395486111
5077	0.05789693284848702
5117	0.028368043763441556
5130	0.11794662286684617
5246	0.028151959734742885
5623	0.055140176327266754
5639	0.07799669024640471
5649	0.08305148016668765
5729	0.06073220812159573
5747	0.07037470672901835
5856	0.043427490396084845
6233	0.09435494603855966
6260	0.2141834626783431
6266	0.14283308850904153
6407	0.05046611196124829
6432	0.02932898485180602
6591	0.036875585147413396
6883	0.06616772359614315
6953	0.06397381962127252
7020	0.12524204292269703
7027	0.06295172276876995
7202	0.2379285594891993
7218	0.090673463684074
7625	0.09719022131166836
7677	0.026097443428863026
7794	0.12524204292269703
7829	0.12713147687414666
7880	0.0987530918015825
7996	0.02596688031675816
8015	0.1606310257524898
8043	0.25524736956735605
8076	0.06946848039636432
8110	0.08956823779428201
8113	0.04153867705633207
8361	0.05164825689689794
8399	0.037082049507779005
8617	0.03719389442102492
8623	0.03544656673644159
8628	0.07386662615938716
8794	0.03144461685373753
8810	0.06655495759384834
8893	0.053545865669585774
8919	0.14283308850904153
8920	0.0793295827484225
8930	0.048272207986377665
8960	0.14283308850904153
9125	0.048980160517191805
9441	0.022755666302842256
9793	0.14882499850734165
9835	0.088514436755723
10001	0.06817369158245548
10087	0.11794662286684617
10107	0.05610426383375416
10177	0.07131870320337753
10185	0.06165693395486111
10556	0.048980160517191805
10744	0.05008538640698382
10749	0.10370284184907871
10815	0.13719423538162925
10904	0.10665399581332122
11021	0.14283308850904153
11066	0.2315877313939481
11069	0.1022450112319513
11083	0.08387530321735033
11097	0.06859711769081463
11186	0.03840085789053936
11210	0.031631934721260135
11332	0.14283308850904153
11438	0.08439064242718433
11596	0.071805875468649
11767	0.05185142092453936
11777	0.06165693395486111
11780	0.08654339959705647
11841	0.027585614305365273
11904	0.17203710393552446
12144	0.06616772359614315
12168	0.11794662286684617
12425	0.046593466976615004
12470	0.0800266419694621
12518	0.05467309509412349
12532	0.0406502244689913
12537	0.07230375566947302
12610	0.05226329840290602
13001	0.06073220812159573
