88
t_index	tf-idf
6	0.08286049319056807
218	0.08076752667970412
401	0.08397197225842053
455	0.13119960308233508
554	0.046297147883585694
742	0.10201297698703127
778	0.03886714020275329
904	0.134761104031943
920	0.10189781394916424
1019	0.0528426439263754
1040	0.035253393128937834
1046	0.08964133406612367
1258	0.046997231064431974
1260	0.12805813660697624
1279	0.07773428040550658
1287	0.1144335805503915
1387	0.1255764052824473
1417	0.10189781394916424
1813	0.07929899224096014
1834	0.16817434427632363
2078	0.039182784571612776
2160	0.1063101122294687
2298	0.07745883935640295
2302	0.05964673616586483
2576	0.05622809382174302
2585	0.08894852529903564
2790	0.28747073936712464
2973	0.09875634747380543
2976	0.06694243104769683
3042	0.0464357021581814
3126	0.09035261989517637
3452	0.08827325789257949
3702	0.06724380869362756
3901	0.12524799908656806
5142	0.13119960308233508
5288	0.15735992574014707
5315	0.07032441590670942
5802	0.18234036703296194
6161	0.07334738824519313
6437	0.14968697367932934
6501	0.06548460166142625
6521	0.08513179141722067
6524	0.11627373343494869
6557	0.05197378410504709
6563	0.06880399833555563
6591	0.0868360044119528
6807	0.045614971621274474
6946	0.08964133406612367
6953	0.07532396924245091
7064	0.07836304926624513
7275	0.1056852878527508
7277	0.07977957529485484
7404	0.31471985148029413
7677	0.030727616981128754
7913	0.021122169284956926
7996	0.030573889536080038
8206	0.09507165167293403
8676	0.06105083076200554
8880	0.18366951768437484
9026	0.14373536968356232
9127	0.12805813660697624
9266	0.056836598645456635
9387	0.16817434427632363
9441	0.05358589244268958
9442	0.09778636283795443
9615	0.08397197225842053
9619	0.134761104031943
9856	0.07965101148221736
10207	0.0449498090218645
10329	0.18518859153434278
10426	0.08761466547127378
10481	0.10639654206675808
10714	0.06576986253976322
10936	0.09778636283795443
11167	0.05704255826256114
11370	0.1227059204846104
11620	0.07334738824519313
11659	0.022108091559692292
11714	0.08761466547127378
11721	0.06278820264122364
11812	0.07373115944005673
12291	0.1224587846591973
12407	0.134761104031943
12610	0.061535782992399375
12636	0.06057453885732441
12963	0.08096819632482878
12964	0.17175036208307387
12971	0.07451567593490405
