147
t_index	tf-idf
73	0.030099970924987767
317	0.07148098900014128
385	0.20838603998365957
413	0.017368613281403912
446	0.05003704867270031
478	0.018691838090457633
557	0.025613045923018905
685	0.10419301999182978
843	0.09387352316562585
886	0.04052249852152943
908	0.041373466521912414
1007	0.05126140017776437
1040	0.039356302898600544
1302	0.0752225297836283
1616	0.01643781727799116
1636	0.08732123185361153
1646	0.031163843898433116
1709	0.08355402633942188
1710	0.2509074843647064
1713	0.07751750766978159
1795	0.10419301999182978
1819	0.0752225297836283
1832	0.0764550412707523
1958	0.05169296334811637
2057	0.058173929556628645
2307	0.049650328569069486
2545	0.0380513305684564
2740	0.0545835361312204
2749	0.08355402633942188
2794	0.049171775711432344
2891	0.039914745284257695
2900	0.0524669286273333
2926	0.05169296334811637
2946	0.061161492173937335
3100	0.056878514017373684
3432	0.02688086574186946
3447	0.05169296334811637
3494	0.039717551846496356
3533	0.01937533653088508
3635	0.04595126395389799
3719	0.10419301999182978
3769	0.04751985939427736
3858	0.023758570196916143
3937	0.041373466521912414
3964	0.10419301999182978
4195	0.09250407915085362
4310	0.0209550381910228
4325	0.06291503268701398
4669	0.052137410886988346
4716	0.19665415871432768
4884	0.26351101348795664
4895	0.1877470463312517
4972	0.060199941849975534
4984	0.0391411745679306
5054	0.025017451026068165
5079	0.10419301999182978
5213	0.06736206635371213
5279	0.02362504565260854
5315	0.03925450528221264
5429	0.03291738441150976
5553	0.06490303295742435
5630	0.0782823491358612
5733	0.2739737055313304
5734	0.09387352316562585
5802	0.08142470359485039
6009	0.031163843898433116
6045	0.05568684723870978
6145	0.058173929556628645
6161	0.04094190335156042
6184	0.013881488849675789
6348	0.08783700449598554
6407	0.03316760688804558
6591	0.024235568471675198
6667	0.0391411745679306
6675	0.13201268812982747
6679	0.08409042891809963
6766	0.06490303295742435
6807	0.025461898564940147
6849	0.01719499164145433
7015	0.0357813953911441
7047	0.041594031843430704
7183	0.02024983339732005
7280	0.08318806368686141
7562	0.05689892236449767
7614	0.08409042891809963
7677	0.017151900766522343
7725	0.10419301999182978
7841	0.08023189038596586
7886	0.04719263991695855
7970	0.08355402633942188
7996	0.017066091382599537
8009	0.028541646534961013
8012	0.039914745284257695
8240	0.06291503268701398
8287	0.0684934263828326
8504	0.0937449159321491
8520	0.272917680656102
8553	0.2584770493939041
8623	0.06988914414179213
8728	0.049650328569069486
8798	0.03291738441150976
9076	0.03548362772737793
9086	0.07148098900014128
9095	0.04052249852152943
9111	0.05568684723870978
9330	0.06600634406491374
9391	0.017901967757873068
9399	0.05512497350429704
9435	0.047854432730424695
9449	0.03291738441150976
9534	0.06490303295742435
9659	0.07407170771342451
9689	0.046559017191169734
9744	0.042276039034606076
10158	0.1301990543524264
10349	0.14157791975087564
10367	0.04687245796607455
10416	0.06291503268701398
10431	0.060356545498904256
10480	0.0385862822577469
10507	0.06600634406491374
10514	0.12232298434787467
10681	0.10104309953056818
10715	0.0325497635881066
10815	0.045083763040216156
10894	0.0286344062549461
11105	0.049273399907354
11156	0.05959289673355796
11441	0.06897195970377827
11538	0.05406110053085169
11671	0.04453229677696867
11707	0.0485470174615801
11721	0.035047853586301886
11748	0.039914745284257695
11776	0.04687245796607455
11786	0.04595126395389799
11945	0.07323452951321793
12107	0.07148098900014128
12161	0.05306820689040109
12532	0.0267163570305083
12626	0.024515161419160086
12628	0.04453229677696867
12666	0.04687245796607455
12850	0.06490303295742435
12881	0.05568684723870978
12898	0.11375702803474737
12948	0.05886651428778405
