93
t_index	tf-idf
1	0.24980373585870017
6	0.06153988839132454
7	0.13863230422510683
684	0.11778957484189075
886	0.05391654204320616
979	0.05284553352126368
998	0.052078644239843166
1019	0.03924584906889994
1462	0.1699779835752257
1636	0.03872794159848779
1710	0.11128027164561748
1839	0.09521669094250065
2008	0.04236509503944425
2078	0.029100770422071775
2083	0.06998012274632298
2086	0.13863230422510683
2381	0.06367192617436715
2397	0.14759253594444197
2545	0.15188571084560182
2611	0.0783238696609005
2794	0.03271234757496492
2798	0.05594256661870362
2827	0.12490186792935008
2873	0.0748701326447492
2900	0.24433152279558912
3042	0.034487459803251026
3533	0.05155906890162337
3737	0.06153988839132454
3771	0.04906095236604359
4135	0.0355470081962345
4214	0.06459343336514374
4696	0.1000860963082157
4716	0.2093239578632419
4730	0.11687007757779166
4816	0.08371055904207976
4936	0.07740236247012393
4949	0.0391150972255069
5315	0.026114717276246008
5561	0.06710423665262284
5600	0.026114717276246008
5618	0.07125855549185607
5619	0.07409321611312565
6003	0.21350243686985607
6009	0.04146453849298248
6454	0.02965880260114572
6522	0.1481864322262513
6526	0.041909699527051966
6646	0.031881085790178815
6667	0.052078644239843166
7047	0.05534225303114763
7232	0.08940920498627812
7280	0.11068450606229525
7434	0.0783238696609005
7584	0.13863230422510683
7666	0.1000860963082157
7677	0.02282117866714894
7717	0.10223704739943297
7900	0.09302078213917125
7996	0.022707006406681895
8012	0.053107905997434035
8130	0.1031396412820349
8436	0.09302078213917125
8496	0.1150562383921986
8553	0.08597809370914078
8565	0.042060337761386485
8623	0.03099661600318658
9076	0.14163646685252124
9211	0.04644278387072169
9391	0.04763833586227025
9449	0.13139304870102758
9516	0.048634939552269496
9739	0.08635566001245891
9787	0.06430863079178195
9790	0.10675121843492803
10068	0.21243162398973614
10158	0.38977695969461157
10249	0.08250965607204609
10280	0.08782365240888243
10342	0.06412732168675943
10548	0.09302078213917125
10681	0.04481374316970527
11226	0.13863230422510683
11245	0.0748701326447492
11321	0.08137741463471972
11648	0.07740236247012393
11659	0.016419519541111243
11782	0.06194833239476457
12391	0.054741254371046134
12475	0.0572006930248335
12548	0.06820501051803687
12626	0.03261824368134354
12749	0.03725082281058603
12982	0.09899265768908176
