99
t_index	tf-idf
157	0.08362709998329136
250	0.09563073775927758
1019	0.03211351937325441
1554	0.23472491524904024
1636	0.2218281353623201
1646	0.033928996105033686
1710	0.13658518967491604
2009	0.16879119433223555
2288	0.06954354916601035
2298	0.047073267979690754
2323	0.04552839655830534
2487	0.04261415131554206
2741	0.09563073775927758
2760	0.1428683226523484
2794	0.05353476265726838
2798	0.22887932603335445
2900	0.028561146417649976
2939	0.07316045657295797
2957	0.06954354916601035
2966	0.03638763362428966
3272	0.02700060667061973
3403	0.022046590937384255
3459	0.05942670585922994
3630	0.11343801428976591
3768	0.0414276060057347
3839	0.08594278197356847
3988	0.07066184645238974
4083	0.027721120027817008
4230	0.10220287369660612
4234	0.05210053249563388
4308	0.052854569921901406
4309	0.07782346122878923
4595	0.03624850073896143
4697	0.36620692165336716
4716	0.21410318338144982
4778	0.34031404286929773
4984	0.04261415131554206
4987	0.11343801428976591
5064	0.0487810441051411
5213	0.03666953432302736
6585	0.031175122730699674
6646	0.05217437718653443
6679	0.09155173041334179
7039	0.06019479677139764
7280	0.09056929876865179
7331	0.037248484495526465
7372	0.13142390289335099
7614	0.09155173041334179
7677	0.018673780301233015
7767	0.05210053249563388
7911	0.034792030137647284
7918	0.11343801428976591
8069	0.06333567308879369
8148	0.10220287369660612
8288	0.047073267979690754
8312	0.03333951726596272
8413	0.11885341171845988
8623	0.02536345759206583
8678	0.04480788320110807
8783	0.034792030137647284
8794	0.011249949988084432
8797	0.026013343902366665
8800	0.043673932720255326
8848	0.04628243398457287
9045	0.05307492851852588
9125	0.03504729339141306
9182	0.0797325925102865
9262	0.04181354999164568
9371	0.07316045657295797
9481	0.04819156526607013
9787	0.026310762918821486
9989	0.04241026332385947
10332	0.22687602857953182
10431	0.06571195144667549
10509	0.0797325925102865
10644	0.09096773310344632
10672	0.08439559716611778
10678	0.05002849651007168
10865	0.06192531597979817
10894	0.031175122730699674
11080	0.039455034793478554
11099	0.05447681085351569
11156	0.06488054451017909
11503	0.039624762853408275
11519	0.03624850073896143
11564	0.03530664103013619
11699	0.022278980317554316
11707	0.15856370976570425
11721	0.22894579212275218
11767	0.0742035935658536
11782	0.05069017538663836
12150	0.045775865206670895
12198	0.10220287369660612
12200	0.11343801428976591
12391	0.06718930948625719
12417	0.04050113204236221
12437	0.04680534648114462
12626	0.02669037937090859
12842	0.0532451642827166
