20
t_index	tf-idf
1036	0.19466111718197732
1560	0.20323056420761984
1646	0.17025225404099495
2078	0.11948696256502983
2214	0.19969372347705677
2532	0.38194077173994123
3533	0.3175501771800241
3917	0.3255639781404055
4708	0.09346839979565641
8015	0.28837365217989225
9125	0.1758637561645656
9793	0.26717882273477234
9989	0.2128103909413339
11097	0.2462986370764366
11186	0.13787866428493156
11210	0.227149555905624
12532	0.1459550374797223
12610	0.187651895576343
12840	0.1655698377451176
13002	0.17394991443946867
