93
t_index	tf-idf
412	0.054967901602543445
413	0.029875454597019013
742	0.06529755411512209
763	0.09046868153244444
1019	0.05073612451003092
1097	0.08675080261305923
1190	0.05908272023774132
1720	0.045954348716904854
1786	0.06606119540885275
2160	0.10207216539476541
2202	0.0967903730475464
2352	0.12596946146234544
2525	0.109871799734748
2727	0.06053263949884771
2754	0.07706913398937547
2794	0.042289765133251826
2798	0.07232125416357578
2953	0.109871799734748
2986	0.06103478106924129
3041	0.054967901602543445
3042	0.04458458909987028
3450	0.0967903730475464
3874	0.09481952395432597
3938	0.18963904790865194
3946	0.04192651933253413
3952	0.15108692888957329
4013	0.11410206648293642
4083	0.043796576169107176
4332	0.03951858841820322
4391	0.08475433230752016
4423	0.06700394234256966
4456	0.14371985142729596
4547	0.129126402348907
4685	0.12295322642194963
4787	0.24051022447484233
4980	0.061546966134057676
5082	0.0835048942880771
5246	0.06365056978720987
5272	0.07523918428641374
5443	0.08675080261305923
5446	0.06970205652709811
6139	0.32294048278449294
6407	0.05705103324146821
6454	0.0383422129292803
6591	0.041687186753342965
6669	0.07353132491996046
6670	0.05090628061497225
7049	0.17922063135719693
7331	0.05884885194952923
7434	0.1012552842530276
7439	0.04216810979958148
7589	0.030560415478951747
7604	0.03996012348679492
7614	0.14464250832715156
7677	0.029502691107265805
7792	0.2146355479932018
7905	0.30217385777914657
8075	0.11558614895967229
8399	0.02096029550240134
8576	0.07116579202785786
8797	0.04109846198457873
8893	0.06053263949884771
8980	0.08008536902977129
9219	0.1333365389246228
9397	0.07706913398937547
9509	0.09298957425136424
9528	0.03940938399012702
9834	0.12025511223742116
9847	0.07659924191447973
9856	0.07647580317029902
9977	0.1333365389246228
10050	0.06233497906482078
10207	0.08631585922963711
10608	0.12596946146234544
10681	0.05793416901815664
11008	0.07193027863673083
11056	0.11353638331840103
11412	0.13940411305419623
11493	0.043157929614818555
11659	0.06368032346836343
11721	0.06028521342354955
12136	0.19567151798944357
12223	0.17922063135719693
12291	0.07838472471176455
12423	0.06028521342354955
12470	0.09046868153244444
12475	0.07394773083576343
12483	0.08675080261305923
12749	0.04815700077990359
12839	0.059797419635533124
12869	0.03844695090586244
12887	0.061289593117645404
12963	0.03887023987494601
