56
t_index	tf-idf
554	0.0719601427438446
742	0.15855984053639627
1554	0.10005581990382013
1720	0.07439292638393956
1786	0.10694277656203571
1832	0.21289258301351285
1923	0.18379770450315355
2063	0.11577757426138412
2160	0.16523892293285286
2217	0.10404932299339624
2972	0.06523349821670067
3042	0.072175499106676
3533	0.05395151676406404
3938	0.15349802711270946
3946	0.06787249854098477
4089	0.22340939329084522
4332	0.0639744337821748
4391	0.13720405097926855
4595	0.09270954788603368
4683	0.22340939329084522
4754	0.17267655089977754
4787	0.19467427918698632
5110	0.07896372000831896
5272	0.12180050972516165
6591	0.0674850564067326
6669	0.23807150332529364
6685	0.12879093400767902
7064	0.12180050972516165
7095	0.26650574306926306
7306	0.29013026203838926
7589	0.04947254835431795
7600	0.09602779890499166
7604	0.06468921022381298
7792	0.11582049698640019
7911	0.08898446331137706
8399	0.03393145075130084
8576	0.11520632269205974
8743	0.16593916508312745
8794	0.05754598153709353
8797	0.06653200278708749
8893	0.09799290643426689
8980	0.12964572731439378
9449	0.09165997267070863
9726	0.14517902143378933
9856	0.12380240291182379
10161	0.11400461517163121
10207	0.06986595981366542
10654	0.10048101344261856
10674	0.1619879856384904
10794	0.1105953520269485
10913	0.09131593744630932
11167	0.0886618468457167
11492	0.19679471697471734
12291	0.06344632464525132
12475	0.11970984792350346
12675	0.07554776447414445
