66
t_index	tf-idf
114	0.1051856610912552
188	0.07948609697033338
384	0.1126598313137418
413	0.03283520603445843
504	0.1042132629319126
554	0.048855359364819585
586	0.07700106487609987
638	0.059547472380200625
806	0.1156252467810039
1279	0.041014796567232344
1481	0.1351341620277459
1806	0.07226878138814936
1917	0.04842123124203685
2112	0.06572153028451708
2114	0.1351341620277459
2160	0.03739480705625659
2204	0.18190290893691177
2218	0.07399603586918148
2287	0.05829635906273443
2388	0.21055096027155606
2811	0.07399603586918148
2818	0.05193442823541189
3107	0.07508567189185406
3216	0.1126598313137418
3433	0.049594126588051436
3910	0.0898358636155592
4310	0.039615309830109954
4708	0.03234428518256622
4858	0.13880813037703937
5077	0.07193569566306567
5282	0.1270372306300952
6454	0.04214076332333418
7183	0.03828212655735498
7439	0.046345690535235545
7604	0.08783791949276208
7753	0.09386349628668675
8023	0.1877269925733735
8305	0.07294701698456355
8398	0.06108106498285243
8430	0.07905638762694263
9322	0.2470591716138712
9337	0.11078439176717146
9486	0.05161091415309331
9516	0.06910304183479345
9744	0.07992246873896046
9950	0.07064142555419521
10158	0.06153503313547225
10207	0.09486714294647895
10329	0.09771071872963917
10414	0.2589724039390359
11477	0.12075676271139252
11493	0.14230071441971842
11594	0.06625764964229403
11634	0.045298298412186695
11659	0.023329704039976997
11699	0.038685651968041954
11802	0.0898358636155592
12194	0.15795812972592851
12291	0.043075136773348156
12391	0.03888960514514457
12521	0.1156252467810039
12676	0.030085211341309422
12876	0.10318968048398268
12963	0.08544220344884892
12964	0.12082710698443688
13032	0.5781262339050195
