236
t_index	tf-idf
27	0.029450265616319086
105	0.033546040969733584
114	0.17853396049648063
126	0.038388494429080454
131	0.040139373818098886
184	0.05294983195587911
188	0.03372837977461911
218	0.03616588239715953
342	0.030384828452925953
348	0.02517767613013478
384	0.04780500893524339
413	0.04179894376452112
478	0.01499446303014276
493	0.02267541945757736
498	0.0341016276432482
504	0.04422087187186545
554	0.06219246550615547
586	0.0653478094454809
638	0.02526781210313622
643	0.07473383809897007
656	0.12041812145429664
659	0.027554339997877948
705	0.037349321057364424
731	0.1024815686849878
740	0.07046223652375391
742	0.09135823468577779
744	0.027230076828747174
749	0.035089211475854275
806	0.049063325331212305
1040	0.015785676774009494
1252	0.02670846730399064
1258	0.02104430334246563
1279	0.06961532583564492
1325	0.05294983195587911
1481	0.057341554197809674
1483	0.05294983195587911
1666	0.04514001448717813
1667	0.0512407843424939
1691	0.037349321057364424
1720	0.02143167653472026
1806	0.06133170447199538
1885	0.07905356013729203
1917	0.1232796480442827
1988	0.08438354903342256
2112	0.02788765353056215
2114	0.11468310839561935
2146	0.03550830569534455
2160	0.11107431506215988
2204	0.25728987536113784
2218	0.09419633727431301
2287	0.0742107794780511
2293	0.033189508232920724
2298	0.03468432660929916
2366	0.04296255547589653
2386	0.018636156637367927
2388	0.08934320617856346
2397	0.022246284918258093
2603	0.16171733637167748
2811	0.03139877909143767
2818	0.02203736484325615
2820	0.038388494429080454
2823	0.037349321057364424
2848	0.0526139709497045
2849	0.047009202628454004
2940	0.03785760881862793
2972	0.03758591847276499
2980	0.052064763428539294
2989	0.04296255547589653
3216	0.04780500893524339
3235	0.03894408110259506
3343	0.050470003383308655
3403	0.03248855214487167
3433	0.02104430334246563
3569	0.03572349998101519
3628	0.03785760881862793
3755	0.07372357124116152
3769	0.03812010201654967
3780	0.025450150908021732
3793	0.07520152215132074
3846	0.03785760881862793
3873	0.0414677370995181
3883	0.04182426983633096
3910	0.03812010201654967
4014	0.06897383564335642
4186	0.0653478094454809
4204	0.0512407843424939
4276	0.0393620469778327
4287	0.020855228790865515
4310	0.03361997294540316
4332	0.036860476874786545
4571	0.16824971340552228
4708	0.02744933707295613
4858	0.08835079684895726
4980	0.02870358751038673
5009	0.052064763428539294
5032	0.04562754992396179
5054	0.02006882590697649
5077	0.03052451378485547
5091	0.03550830569534455
5117	0.044868736579152836
5213	0.02701869149215465
5282	0.05390577879055916
5417	0.031705025607713724
5532	0.04182426983633096
5573	0.034885053346582554
5584	0.057341554197809674
5600	0.03148969220534642
5623	0.029071092190767048
5688	0.023045200071215292
5744	0.028347054773573858
5802	0.0653183331614994
5810	0.024823784764500038
5916	0.050470003383308655
6014	0.042570947942263314
6184	0.022271268384896063
6221	0.050470003383308655
6343	0.03616588239715953
6365	0.050470003383308655
6442	0.02060769744867487
6449	0.026606824479985185
6454	0.01788161355931519
6531	0.031100189545921208
6807	0.020425358643789356
7018	0.052064763428539294
7019	0.032179642752558364
7020	0.033015155359281075
7135	0.025918562305918123
7183	0.03248855214487167
7277	0.03572349998101519
7314	0.04562754992396179
7439	0.05899767799164232
7593	0.07520152215132074
7596	0.21977980864910077
7600	0.027664414138670698
7604	0.11181693982420755
7614	0.03372837977461911
7677	0.013759135976658779
7753	0.03982914962993487
7897	0.027230076828747174
7913	0.018916064951747653
8009	0.022895911130663832
8023	0.07965829925986974
8075	0.05390577879055916
8277	0.07046223652375391
8305	0.03095364832417473
8362	0.06034299229513667
8398	0.07775568691775438
8430	0.06709208193946717
8433	0.02744527111441782
8551	0.017784515790877222
8572	0.04422087187186545
8617	0.01960942466396478
8678	0.033015155359281075
8721	0.014580649801113583
8728	0.03982914962993487
8746	0.0414677370995181
8783	0.051270633567033076
8833	0.03952678006864602
8850	0.04219177451671128
8920	0.08364853967266192
8927	0.03024675801650741
8980	0.037349321057364424
9322	0.1834608226855659
9337	0.047009202628454004
9391	0.014360834521098901
9414	0.05608323780184076
9426	0.03812010201654967
9456	0.03550830569534455
9481	0.03550830569534455
9486	0.04380017586523332
9516	0.175935193254378
9615	0.03760076107566037
9659	0.02970990540131764
9744	0.03391354565011391
9856	0.035665931996460995
9950	0.05995063085816493
10063	0.024311865268456165
10094	0.023196378795343333
10103	0.08950889957247578
10107	0.029579379952030565
10110	0.02517767613013478
10132	0.0670264611165034
10158	0.05222238972965574
10164	0.025823398776650828
10198	0.040139373818098886
10204	0.021107999278692526
10207	0.040255027575780346
10213	0.01853275374265953
10224	0.050470003383308655
10329	0.12438493101231093
10409	0.06034299229513667
10414	0.10988990432455038
10454	0.06436146666843813
10723	0.15060937996620155
10744	0.02640609774270179
10751	0.03572349998101519
10855	0.03336644420589632
10879	0.049063325331212305
11179	0.0461358376852253
11244	0.02439567585614307
11477	0.0512407843424939
11491	0.09333344659135565
11493	0.08051005515156069
11594	0.08434543606826099
11634	0.07688580872504001
11659	0.039598025208534005
11699	0.032831008469162926
11715	0.07520152215132074
11760	0.03812010201654967
11802	0.03812010201654967
11812	0.033015155359281075
11870	0.03336644420589632
12148	0.025595759959947787
12163	0.05494495216227519
12194	0.0670264611165034
12287	0.06436146666843813
12291	0.036556193530986866
12391	0.04950614339926557
12405	0.03550830569534455
12417	0.029841873149952295
12433	0.03572349998101519
12485	0.07004848728300993
12620	0.031705025607713724
12626	0.019665892663880774
12675	0.021764371020638325
12676	0.012766074475868259
12768	0.03336644420589632
12785	0.04862373053691233
12876	0.043786534561941926
12899	0.057341554197809674
12958	0.02091792163683888
12963	0.09063934438052206
12964	0.10254126713406615
12975	0.05608323780184076
12992	0.10781155758111832
13032	0.3434432773184861
