94
t_index	tf-idf
105	0.07219220158088539
114	0.04802638140229591
220	0.11027188083844319
287	0.07379907782563024
413	0.11993696570986113
504	0.09516479453228212
705	0.08037698746970419
742	0.13107065004501453
778	0.0374536270940306
1140	0.13018406874695385
1279	0.0374536270940306
1616	0.028377365182720438
1642	0.10162398965310951
1671	0.09423008612182054
1806	0.06599393914376335
2160	0.20488769068144638
2287	0.10646938549097874
2347	0.05457262706726547
2448	0.10861313444776138
2498	0.025185467671974934
2818	0.047425145832000075
2849	0.10116537553185342
2924	0.04640568335103982
2986	0.06125702975027617
3503	0.09161410308030332
3568	0.08923995646736804
4094	0.07596015255637842
5186	0.0907981091930883
5213	0.058145127301705325
5302	0.16205821021178066
5573	0.07507380097784544
5595	0.08091809479449104
5612	0.08380896439843644
5802	0.03514180912418891
5851	0.08506295205248114
5984	0.07881883474398392
6184	0.02396425703639724
6313	0.13018406874695385
6396	0.07881883474398392
6412	0.08442831120095816
6901	0.0857136614563176
7019	0.0692516669400592
7135	0.05577761251659375
7167	0.11204511137649363
7180	0.08638127427976253
7183	0.034958225139440476
7604	0.04010563207359325
7614	0.0725846007844215
7784	0.17987323546645373
7913	0.04070800412322196
7996	0.058923967728261535
8058	0.06599393914376335
8398	0.05577761251659375
8411	0.11204511137649363
9266	0.054769575529748406
9322	0.05640197476426521
9374	0.05058268776592671
9391	0.030904995959204037
9441	0.02581854521042374
9516	0.06310306953981795
9595	0.15163708848839652
9856	0.03837713896822786
10103	0.032104357347014015
10110	0.0541832006991486
10329	0.04461342160250248
10426	0.08442831120095816
10609	0.15163708848839652
10700	0.0778301879116518
10751	0.15375633232732472
10967	0.17987323546645373
11159	0.10558591625566624
11335	0.15163708848839652
11382	0.10287797730715423
11386	0.0718057033413491
11492	0.12200761897862164
11493	0.17326033006498853
11519	0.057477514478260404
11594	0.3025236633517778
11596	0.08147083972354657
11644	0.06229562150424883
11659	0.02130406849379528
11707	0.16761792879687287
11721	0.18151419801106672
12291	0.03933507525969943
12391	0.035512958513709045
12426	0.08506295205248114
12610	0.059297860792270285
12620	0.20469082493498605
12676	0.027473019030471786
12778	0.20575595461430846
12869	0.03858694950959213
12910	0.07984703779587972
12963	0.23407067891850514
13032	0.10558591625566624
