270
t_index	tf-idf
15	0.03989186123055028
73	0.024369007729137852
81	0.025592853450592496
114	0.11261434596837429
175	0.051714059551153824
178	0.1910363650783576
202	0.031093443464486958
220	0.051714059551153824
300	0.07600022662099855
310	0.03874306204439301
321	0.07600022662099855
324	0.07111304681327887
376	0.022884856413177126
384	0.048246550294711886
493	0.022884856413177126
498	0.03441660047486266
504	0.044629309069516315
546	0.2009763387412547
554	0.020922297905779673
555	0.06090033821862522
583	0.13922179723443426
586	0.06595138135695007
660	0.04352562510189867
736	0.0534388924394175
742	0.09220204666364903
778	0.03512915690238536
982	0.07600022662099855
986	0.06090033821862522
996	0.09903297775447197
1002	0.06275835774911727
1040	0.06372591202273242
1140	0.15263063059690807
1181	0.03583627102614039
1190	0.027808840122716345
1252	0.08086546408696484
1258	0.04247734964362358
1279	0.0878228922559634
1283	0.03562293327136054
1287	0.051714059551153824
1309	0.0364999213030334
1353	0.12450405286950052
1425	0.08435491568516014
1528	0.08435491568516014
1616	0.013308095788391034
1681	0.0876440881143588
1720	0.04325925181744193
1800	0.02479197282817696
1832	0.030949091218420727
1845	0.02445242168475116
1995	0.04051011307908021
2008	0.025778292007923684
2078	0.017707222346539448
2095	0.044629309069516315
2104	0.037445760752090294
2130	0.06090033821862522
2160	0.09608591198985747
2187	0.0534388924394175
2204	0.025966628159711038
2218	0.03168878760549243
2287	0.024965404143790244
2302	0.026955154695654945
2347	0.025592853450592496
2373	0.03820727301567152
2388	0.045084203375255885
2397	0.022451758258912352
2498	0.011811195792700319
2560	0.039303780282582336
2581	0.03184233450337462
2986	0.05745525804667696
2989	0.04335937048699222
3085	0.02872762902333848
3134	0.03231507228902879
3185	0.06275835774911727
3239	0.07748612408878602
3339	0.04604897962079405
3432	0.04352562510189867
3452	0.03989186123055028
3502	0.045084203375255885
3503	0.08592829189812226
3581	0.05411723372587936
3738	0.04951648887723598
3789	0.040831552621080076
3826	0.039594234541500344
3858	0.038469989370074384
3993	0.026955154695654945
4072	0.032155424014918596
4083	0.020614013364792065
4135	0.021629625908720966
4210	0.040831552621080076
4222	0.03874306204439301
4235	0.038472190679272544
4287	0.02104785392110697
4332	0.03720093126298668
4394	0.09111388232182012
4431	0.0319978627061813
4644	0.050205434585199
4708	0.013851433679688475
4858	0.029722277077179858
4891	0.1882750732473518
4937	0.05787117794139759
4972	0.024369007729137852
5052	0.07600022662099855
5077	0.03080644732307396
5110	0.022958576939509246
5158	0.0364999213030334
5246	0.059917637908676845
5315	0.015890270210055214
5485	0.04296414594906113
5487	0.029339601492470828
5561	0.040831552621080076
5600	0.015890270210055214
5623	0.029339601492470828
5688	0.023258052431152122
5778	0.026649992358669005
5802	0.06592163282119431
5810	0.025053064664581598
5841	0.033674626663413657
5981	0.048246550294711886
6150	0.04019702356753622
6161	0.033146661892338565
6178	0.04296414594906113
6184	0.033715458720479916
6313	0.15263063059690807
6344	0.06275835774911727
6411	0.06275835774911727
6430	0.021829961852650362
6432	0.015605694160705568
6454	0.01804677348996525
6591	0.05886352085303975
6626	0.06090033821862522
6679	0.03403990517729246
6686	0.04116179981307438
6735	0.07600022662099855
6843	0.044629309069516315
6849	0.027842211891653625
6949	0.06275835774911727
6957	0.04221057130083495
6962	0.039303780282582336
7039	0.044762128798958516
7094	0.050205434585199
7097	0.04258147036435211
7135	0.02615795389878502
7180	0.08102022615816042
7183	0.049182939193146084
7187	0.07600022662099855
7405	0.03168878760549243
7439	0.01984753272996117
7440	0.040831552621080076
7504	0.08435491568516014
7562	0.023032751133473427
7604	0.03761657150709296
7616	0.021829961852650362
7617	0.03385588223667334
7619	0.027162974817708088
7640	0.062186886928973915
7641	0.03627462000535471
7677	0.0138862194714548
7682	0.035413305927101284
7889	0.05254564915446361
7897	0.027481581961978783
7912	0.02654987368911872
7913	0.09545389692414702
7961	0.06764553755683693
7996	0.013816747991058403
8043	0.027162974817708088
8047	0.03820727301567152
8058	0.030949091218420727
8113	0.022102363694375137
8150	0.059290848492675324
8184	0.048246550294711886
8193	0.04258147036435211
8204	0.04335937048699222
8221	0.03820727301567152
8288	0.07000936284566123
8290	0.039594234541500344
8398	0.02615795389878502
8399	0.009865515741416926
8430	0.03385588223667334
8617	0.03958108634942037
8794	0.008365701644627131
8938	0.029091071687928682
8961	0.041850745521037395
9045	0.05920146541978126
9156	0.07111304681327887
9266	0.025685216113130852
9270	0.05545244017271623
9322	0.07935228073334089
9337	0.07116509052430933
9383	0.044629309069516315
9397	0.03627462000535471
9486	0.022102363694375137
9516	0.029593363885973396
9528	0.07419626275203986
9595	0.07111304681327887
9744	0.0342267813001905
9849	0.039303780282582336
9856	0.03599535321091492
9873	0.16204045231632083
9878	0.07600022662099855
9936	0.08435491568516014
9942	0.05254564915446361
9950	0.09075652922111838
9986	0.029984314972882578
10050	0.058679202984941656
10063	0.024536416926973587
10103	0.04516781526908192
10110	0.05082044935341377
10115	0.07600022662099855
10158	0.026352365669619064
10164	0.026061911410701053
10178	0.034609456884899525
10207	0.020313417524727966
10217	0.04221057130083495
10329	0.020922297905779673
10352	0.0364999213030334
10445	0.03794805295013501
10688	0.029593363885973396
10725	0.08753598998252579
10744	0.026649992358669005
10758	0.03874306204439301
10904	0.028374825246932682
10913	0.02654996466027231
11008	0.03385588223667334
11017	0.031387440197635036
11167	0.025778292007923684
11244	0.024621001614313427
11335	0.21333914043983662
11352	0.10342811910230765
11353	0.023487645439213008
11370	0.05545244017271623
11380	0.040831552621080076
11410	0.026750857118664075
11458	0.07111304681327887
11493	0.020313417524727966
11574	0.07111304681327887
11634	0.15519189809700032
11699	0.04970136822312623
11760	0.038472190679272544
11762	0.05440366868495565
11773	0.106877784878835
11779	0.038472190679272544
11802	0.038472190679272544
11846	0.05787117794139759
11870	0.033674626663413657
12118	0.06764553755683693
12148	0.025832170053807484
12291	0.036893837467222294
12365	0.03820727301567152
12409	0.039594234541500344
12413	0.06275835774911727
12582	0.032807110748912766
12620	0.0319978627061813
12628	0.036053452910591186
12631	0.05793740485790735
12664	0.07978372246110056
12675	0.021965393260409204
12687	0.06090033821862522
12718	0.02705861686293968
12749	0.02266636217982406
12762	0.03627462000535471
12805	0.050205434585199
12816	0.048864802143241806
12869	0.018096071180285358
12891	0.050205434585199
12948	0.04765846934674394
12958	0.04222225163391033
12963	0.036590606589014786
12964	0.31046510683234674
12975	0.05660123935887349
13032	0.04951648887723598
