225
t_index	tf-idf
27	0.02660267370000403
67	0.038112186318287715
73	0.0436225501382508
148	0.030302422174090054
167	0.033737957203862454
208	0.017970845541240944
289	0.05066046244606258
291	0.10359422055128396
413	0.012585779660520368
446	0.07251647086087185
614	0.045589980380355985
617	0.03443421015514378
639	0.06802336256656079
646	0.06364913345213552
744	0.024597158414075507
778	0.031442055936821686
801	0.03151196336484391
926	0.03684152215150545
996	0.04431931621357372
1019	0.02137385665005718
1040	0.028518670345710397
1138	0.07550115662862904
1252	0.048251968248569914
1258	0.13306647880530822
1489	0.07550115662862904
1616	0.011911299020181131
1666	0.04077535638763265
1677	0.15978034839659383
1808	0.04121575126593072
1845	0.021885934027368922
1862	0.018726326478837374
1883	0.05306777444242425
1884	0.05306777444242425
2021	0.0391741751896236
2077	0.07550115662862904
2089	0.04265631148585504
2094	0.04628623333163731
2176	0.05450833466234858
2178	0.043182668383994316
2204	0.04648242355243345
2214	0.0529745820685103
2237	0.07251647086087185
2298	0.031330645207500785
2386	0.01683419771166154
2398	0.07491631440666861
2467	0.035438486061274005
2483	0.03492466626670738
2498	0.010571511289803244
2531	0.038112186318287715
2576	0.04548641505244743
2578	0.05813825650813084
2681	0.05179711027564198
2727	0.025500882690442043
2794	0.017815617303288577
2816	0.025500882690442043
2926	0.07491631440666861
3042	0.01878236907972592
3100	0.04121575126593072
3107	0.028780441368367656
3205	0.03014019090024742
3244	0.03492466626670738
3294	0.033297562325564384
3334	0.07550115662862904
3403	0.01467359179294919
3488	0.03654593718450734
3588	0.024890068073828632
3761	0.07550115662862904
3769	0.03443421015514378
3780	0.022989336294705554
3819	0.04215444535058359
3846	0.03419709783215974
3858	0.034432239891891085
3946	0.07065036383472792
4117	0.07550115662862904
4186	0.11805845654070204
4206	0.0736830443030109
4247	0.017511704912943654
4276	0.011852023176493531
4304	0.05813825650813084
4310	0.03036920555222178
4431	0.11455766978548554
4448	0.07550115662862904
4487	0.08159657167934117
4558	0.05066046244606258
4639	0.30200462651451615
4708	0.0371928270671678
4787	0.05066046244606258
4841	0.045589980380355985
4859	0.15100231325725808
4949	0.02130264730629939
4972	0.0218112750691254
5054	0.01812833996477251
5110	0.020548880873166007
5158	0.06533789413099399
5213	0.04881242450788478
5310	0.01502477501712951
5412	0.08591825233911415
5483	0.035438486061274005
5496	0.03994508709914846
5517	0.039552746538212044
5573	0.03151196336484391
5590	0.06364913345213552
5704	0.03880843926956905
5750	0.03778021623615832
5800	0.03745815720333431
5802	0.04425195157053149
5869	0.06802336256656079
5995	0.025606134026840772
6184	0.020117824859287557
6292	0.29042405362938284
6430	0.019538723447789588
6449	0.04806833860555129
6457	0.06054556850449252
6521	0.03443421015514378
6563	0.027829924623451956
6591	0.017561766146209183
6646	0.0173629001204982
6771	0.047830030477272016
6796	0.048251968248569914
6843	0.07989017419829691
6849	0.024919937194472552
6953	0.03046713035677382
6969	0.028780441368367656
7023	0.05066046244606258
7183	0.05869436717179676
7215	0.03419709783215974
7259	0.12729826690427104
7276	0.03287444235313548
7343	0.02479154523008539
7362	0.030940257673273075
7405	0.08508834714399018
7600	0.02498949897501192
7604	0.01683419771166154
7627	0.03880843926956905
7649	0.10132092489212516
7677	0.012428743752253765
7843	0.06747591440772491
7913	0.008543520628224494
7970	0.06054556850449252
8009	0.08272827971179014
8055	0.04493595126540258
8201	0.039552746538212044
8312	0.022189846417713842
8374	0.22650346988588713
8399	0.017660093502908005
8494	0.03880843926956905
8623	0.01688120509065466
8721	0.013170824129277716
8794	0.007487650779437484
8808	0.03517851742378678
8821	0.04703054060028031
8848	0.03080428830936151
8893	0.07650264807132613
8953	0.06054556850449252
8957	0.041633847778006924
9002	0.02951461413517551
9198	0.02028733651429861
9210	0.038112186318287715
9215	0.025819768263496114
9241	0.022989336294705554
9266	0.09195734517882222
9391	0.0259445262600859
9398	0.06802336256656079
9441	0.010837243355302251
9461	0.04881242450788478
9481	0.032074952476143774
9526	0.04077535638763265
9621	0.047830030477272016
9698	0.040352236415203746
9806	0.09262639277660474
9807	0.12655078053599617
9849	0.03517851742378678
9856	0.032217337645424414
9954	0.03014019090024742
10039	0.047830030477272016
10050	0.07878048942538256
10051	0.05306777444242425
10058	0.10132092489212516
10076	0.06054556850449252
10085	0.06054556850449252
10093	0.02796069199920574
10103	0.013475690845459005
10262	0.06364913345213552
10292	0.06802336256656079
10400	0.03994508709914846
10445	0.03396508509632342
10471	0.05813825650813084
10503	0.05066046244606258
10591	0.040352236415203746
10654	0.02614836756715405
10708	0.032074952476143774
10761	0.03845469687649755
10815	0.032668947065496994
10878	0.023499108752361025
11015	0.03014019090024742
11054	0.03778021623615832
11114	0.12796893445756513
11122	0.2772385947842536
11156	0.043182668383994316
11176	0.06802336256656079
11190	0.05450833466234858
11237	0.025819768263496114
11441	0.02498949897501192
11538	0.11752252556887081
11567	0.07550115662862904
11659	0.01788461532930017
11739	0.061268784512438904
11779	0.10330263046543135
11782	0.13495182881544981
11841	0.013137475798518388
11896	0.17062524594342016
11899	0.04963223941265185
12123	0.04493595126540258
12147	0.06364913345213552
12274	0.15100231325725808
12391	0.029812878343310915
12405	0.06414990495228755
12409	0.035438486061274005
12504	0.028362782381330054
12636	0.024501262881237846
12676	0.011531702910118622
12706	0.07550115662862904
12727	0.03994508709914846
12808	0.06364913345213552
12869	0.048590208173934626
