213
t_index	tf-idf
86	0.041380702260420954
99	0.03396607206767755
114	0.25850842815670383
126	0.04446772737945101
129	0.062353138614842284
200	0.06187608347031941
202	0.035687803036396286
208	0.023044977834142513
258	0.0745538004581308
413	0.1129759358542936
446	0.04649587744115783
478	0.0694759931736783
493	0.052532634355694476
504	0.051223724819750606
554	0.024013771507265625
557	0.023800385428830804
583	0.03994829395263292
638	0.029269243214349434
660	0.02497848039003318
705	0.04326398967416481
708	0.03690670157221059
742	0.05291289922010604
763	0.04887329797031915
778	0.020159916250492967
837	0.07764082557716086
846	0.05683303311590494
949	0.026098627167449054
1252	0.12375216694063881
1309	0.08378628142581725
1416	0.03950198891068715
1616	0.015274496754534055
1806	0.03552212133789426
1829	0.041380702260420954
1845	0.028065505509063234
1862	0.024013771507265625
1885	0.0915725457025782
2112	0.06460792968792277
2160	0.09190295229450987
2204	0.08941035228293581
2212	0.04649587744115783
2218	0.0727422301630026
2232	0.14762680628884237
2235	0.049312517605466066
2287	0.02865428613029685
2291	0.04242529310741749
2347	0.02937444719261397
2388	0.15523750258924685
2389	0.07764082557716086
2397	0.025769224546647308
2585	0.04613652590026127
2603	0.06244234141205928
2798	0.039069633208438335
2818	0.05105443944001458
2823	0.04326398967416481
2834	0.06805164970821362
2848	0.030472980919635632
2849	0.13613404471157958
2926	0.04803460140357183
2948	0.03619709698234186
2955	0.04803460140357183
2957	0.059355316293029224
2972	0.021769027423579796
2986	0.03297241643430442
3080	0.03824346199924409
3085	0.03297241643430442
3117	0.06244234141205928
3210	0.05174583419641561
3235	0.0451112972068415
3314	0.03154225376510136
3581	0.062113582893758526
3609	0.04269924773225905
3633	0.05228842360120628
3646	0.0745538004581308
3663	0.04803460140357183
3666	0.039284122101371916
3858	0.022077152776911427
3873	0.09606920280714366
3874	0.051223724819750606
3910	0.04415683212792765
3993	0.030938041735159703
4001	0.07764082557716086
4155	0.047243857246957704
4217	0.06244234141205928
4234	0.08893545475890202
4252	0.04040947854048457
4276	0.015198484165101578
4287	0.024157879648589797
4310	0.019472029493141512
4394	0.05228842360120628
4449	0.0915725457025782
4571	0.06496462458918356
4858	0.0341140334403645
4980	0.09974733236142698
5009	0.060309781371943066
5054	0.023246941369523016
5077	0.03535840041559455
5117	0.017324728634931275
5446	0.037654681378010466
5487	0.03367481380521757
5494	0.05405690324839825
5623	0.03367481380521757
5666	0.12992924917836712
5722	0.058462473839266386
5744	0.03283611723847025
5800	0.04803460140357183
5802	0.0945777463763146
5810	0.028754899348116963
5948	0.07764082557716086
6009	0.028958347962826078
6146	0.05405690324839825
6309	0.04385277029539843
6343	0.04189314071290862
6365	0.11692494767853277
6430	0.02505555165606632
6449	0.03082030267153734
6501	0.03396607206767755
6585	0.026607921113394623
6606	0.06622014372662362
6608	0.042978737166725275
6620	0.12488468282411856
6679	0.039069633208438335
6799	0.05762377727251907
6834	0.03487855151050377
6849	0.01597808514231957
6863	0.09681917731505532
6867	0.06244234141205928
6883	0.04040947854048457
7183	0.018816732737463565
7377	0.04763358038396578
7604	0.04317478687694781
7639	0.0790039778213743
7643	0.04649587744115783
7767	0.04446772737945101
7790	0.049312517605466066
7892	0.03865038123103598
7913	0.12051395542644842
8009	0.02652172609018064
8013	0.04976614042408199
8130	0.14406303456201303
8193	0.04887329797031915
8240	0.058462473839266386
8317	0.06133501006536285
8398	0.12009218697712704
8399	0.011323241925079063
8411	0.060309781371943066
8417	0.04478577027074707
8430	0.038858419083296666
8551	0.02060088606041259
8660	0.09681917731505532
8854	0.049312517605466066
8938	0.06677912259555609
8959	0.051223724819750606
9045	0.06794905941441504
9322	0.15179559041842844
9337	0.027226808942315914
9449	0.06117557737237504
9457	0.07345171808636092
9486	0.07610461058112378
9516	0.03396607206767755
9543	0.12727587932225246
9620	0.12265970743501048
9638	0.09681917731505532
9659	0.03441478999119783
9745	0.05537544872023633
9848	0.0872300014461081
9849	0.090222594413683
10045	0.0698989572408903
10103	0.12096420131400284
10158	0.060492369501280265
10164	0.05982562608347982
10174	0.041131429634048595
10204	0.02445067907480922
10207	0.023314923110608708
10212	0.04613652590026127
10329	0.12006885753632814
10361	0.07764082557716086
10414	0.06364607911734547
10796	0.024674418557503956
10879	0.11366606623180989
10913	0.030472980919635632
11040	0.05683303311590494
11054	0.048447594952243905
11066	0.03535840041559455
11119	0.09227305180052255
11165	0.03396607206767755
11209	0.041380702260420954
11242	0.0872300014461081
11244	0.05651798953525205
11272	0.05470047307578873
11340	0.06496462458918356
11492	0.0656722344769405
11493	0.023314923110608708
11594	0.09770244737556347
11634	0.1113268842846226
11644	0.06706290470319912
11659	0.0458688004290117
11699	0.019015076729516776
11777	0.037654681378010466
12068	0.060309781371943066
12148	0.014824562579180184
12408	0.0872300014461081
12475	0.03994829395263292
12485	0.1622828444912493
12611	0.07203151728100651
12620	0.11017757712954138
12626	0.022780199292956313
12676	0.029575440659566167
12785	0.02816191186765301
12862	0.11342705508609287
12869	0.08307976885895381
12963	0.18898751535516256
12964	0.08908483869727404
13032	0.05683303311590494
