201
t_index	tf-idf
157	0.03410305165385066
232	0.04894908581649092
413	0.01542273289181013
468	0.056719586112023684
493	0.02509993597978012
567	0.03733470838890046
684	0.03930494875171018
771	0.05430930735691559
844	0.07799624739234282
886	0.035982588861913044
979	0.03526782382223785
1130	0.03673821926007709
1171	0.03907096152931445
1236	0.042797014860879064
1248	0.03795938835804723
1300	0.0494480104217183
1353	0.04551836521389487
1420	0.06207980765244835
1537	0.033788276474760515
1598	0.09251982818026876
1636	0.02584608632522938
1658	0.09251982818026876
1671	0.14540492399763436
1709	0.07419310968526621
1710	0.3341958608799285
1713	0.06883288814484154
1737	0.16759917357079102
1810	0.040284651174217034
1845	0.026819229614411775
1958	0.04590157850757836
1996	0.04279589183898748
2039	0.1850396563605375
2063	0.05538057906748565
2078	0.019421146423359556
2545	0.06757655294952103
2732	0.09251982818026876
2754	0.03978572656898965
2755	0.08335646893276749
2784	0.05861136966921957
2801	0.08335646893276749
2821	0.03177265189067849
2986	0.03150824441797594
3042	0.023016091907335178
3331	0.059669528897340264
3367	0.08335646893276749
3428	0.1850396563605375
3533	0.017204634311520462
3577	0.09251982818026876
3600	0.041621135060181
3739	0.0377478649183621
3752	0.15599249478468563
3768	0.033788276474760515
3916	0.05106880489858878
3946	0.04328781051007054
3956	0.05586639119026367
4076	0.043753089157445815
4083	0.02260929264317722
4155	0.045145948109414316
4197	0.041070224808159236
4240	0.060819813466530384
4310	0.055822065617152444
4423	0.03458972990994454
4697	0.03733470838890046
4706	0.03817435135361081
4716	0.2444710074365465
4745	0.05861136966921957
4809	0.031121291926715765
4831	0.03458972990994454
4842	0.057631667246712724
4936	0.05165645421902912
4949	0.02610446457473658
5013	0.07124316689994963
5054	0.022214638472151143
5117	0.016555407317268917
5187	0.03861505659414984
5210	0.06463576207384254
5272	0.038841043856879816
5289	0.06883288814484154
5354	0.07124316689994963
5613	0.04755622686452242
5630	0.034756020567239615
5802	0.036151172059393215
5938	0.04080314637212924
5949	0.056719586112023684
5984	0.08108271393430737
6009	0.027672424536171792
6013	0.029564208093367683
6104	0.057631667246712724
6315	0.046703031942762395
6430	0.023942935671078414
6432	0.01711620633670202
6449	0.05890339469329715
6501	0.03245777581267973
6526	0.027969514183601895
6563	0.03410305165385066
6645	0.04755622686452242
6646	0.02127666128031912
6660	0.06883288814484154
6670	0.026279565584203295
6679	0.07466941677780092
6772	0.1850396563605375
6801	0.04134281040233772
6849	0.015268562830343719
6861	0.1045428914125761
6877	0.08335646893276749
6883	0.03861505659414984
6892	0.04894908581649092
6986	0.04755622686452242
7047	0.03693407370072002
7064	0.038841043856879816
7280	0.11080222110216008
7281	0.06883288814484154
7341	0.022021643322736893
7435	0.23867811558936106
7439	0.021768622528554205
7562	0.050524291562127385
7589	0.03155266631769624
7616	0.023942935671078414
7662	0.034425505028564965
7717	0.022743506313156695
7825	0.04443118306973912
7828	0.04590157850757836
7841	0.07124316689994963
7912	0.014559849488162276
7913	0.010469310615543412
8075	0.059669528897340264
8206	0.0471227476055485
8305	0.03426329522728139
8317	0.05861136966921957
8563	0.05359454231724039
8565	0.028070046477542406
8743	0.05291644840494709
8750	0.07419310968526621
8794	0.018350875523534097
8856	0.03163978712462796
8857	0.1850396563605375
8957	0.02550925452606943
9022	0.06883288814484154
9037	0.09251982818026876
9056	0.05861136966921957
9076	0.03150824441797594
9111	0.0494480104217183
9164	0.03978572656898965
9241	0.028171349141399186
9278	0.09251982818026876
9391	0.01589633337412625
9397	0.03978572656898965
9435	0.04249309497152784
9449	0.02922950836951987
9516	0.03245777581267973
9534	0.057631667246712724
9591	0.09251982818026876
9662	0.07419310968526621
9683	0.041621135060181
9689	0.08268562080467544
9803	0.09251982818026876
9849	0.04310808645878678
10068	0.03544292483170457
10107	0.032742086403586244
10158	0.057806147373713423
10204	0.023364923041341263
10367	0.041621135060181
10416	0.05586639119026367
10421	0.027869740631185635
10514	0.05430930735691559
10564	0.08886236613947825
10631	0.07799624739234282
10657	0.09251982818026876
10681	0.05981520456362635
10715	0.028903073686856712
10755	0.066795026494214
10878	0.02879602911054596
10900	0.09251982818026876
10922	0.026457017012903546
10926	0.07419310968526621
10953	0.027672424536171792
10987	0.09251982818026876
11070	0.057631667246712724
11309	0.09251982818026876
11344	0.09251982818026876
11412	0.07196517772382609
11590	0.05152214077258217
11634	0.02127666128031912
11651	0.08335646893276749
11672	0.08335646893276749
11707	0.08621617291757357
11810	0.04003283531399538
11841	0.01609878653356242
11891	0.07124316689994963
12175	0.04894908581649092
12417	0.033032646076596464
12423	0.031121291926715765
12437	0.03817435135361081
12532	0.023723208735663547
12631	0.03177265189067849
12676	0.02826211463535438
12774	0.042196005324097736
12776	0.05759205822109192
12790	0.094245495211097
12804	0.11173278238052733
12862	0.02709755427225506
