92
t_index	tf-idf
6	0.1329695921220703
73	0.04326707420388244
105	0.12022196268751197
287	0.06144895006966276
554	0.11144236475283803
575	0.06648479606103515
637	0.1052706605807496
705	0.06692605971914233
742	0.054568119734804806
944	0.14977181003755197
1040	0.08485882339294562
1190	0.09874896528304719
1252	0.23929383817288774
1258	0.037709180846485425
1531	0.07494469782935678
1537	0.05469672204550584
1796	0.1052706605807496
1845	0.043415175343135846
1905	0.1262609256615455
2099	0.1201043770663504
2160	0.08530007315484492
2469	0.14977181003755197
2820	0.13757629846832334
3433	0.037709180846485425
3858	0.034151654905246
4470	0.08675925765174666
4547	0.05395443274856087
4598	0.10275004128553902
4669	0.07494469782935678
4861	0.06648479606103515
4868	0.1201043770663504
4949	0.04225810819494428
4962	0.1201043770663504
4972	0.04326707420388244
5246	0.026595880660502776
5310	0.029804679162612965
5675	0.04076286006793574
5953	0.1201043770663504
6184	0.01995388665378032
6449	0.047676634371727505
6646	0.03444282305951032
6670	0.04254156305692408
6752	0.08267057447635248
6801	0.06692605971914233
6961	0.08791632479993823
7015	0.051433813453350304
7377	0.29474191995913296
7378	0.14977181003755197
7401	0.1349380935519512
7589	0.025538849557224387
7604	0.1335761397249655
7619	0.04822775141684217
7683	0.1349380935519512
7892	0.05978916280993374
8009	0.20513533744047036
8047	0.06783685799075169
8394	0.07923915690953255
8455	0.16009363980197938
8676	0.0489853713908468
8856	0.05121873094732975
9217	0.14977181003755197
9266	0.04560399684147939
9322	0.09392643467195286
9374	0.0421177763530032
9558	0.1262609256615455
9577	0.06648479606103515
9755	0.29954362007510393
9856	0.06390960336515569
9985	0.09659349269034391
10050	0.05209234323354152
10103	0.026731757492911835
10110	0.0902315013269765
10180	0.14977181003755197
10329	0.1485898196704507
10550	0.07698438611643439
11211	0.08675925765174666
11247	0.189761072773181
11519	0.04785876763457755
11538	0.07770989726339275
11644	0.10374114821374476
11659	0.053216625995613054
11721	0.05037938692978811
11887	0.22291748585824608
12074	0.06401275914585294
12148	0.022932456483014552
12291	0.06550485851139577
12391	0.05913987217268526
12437	0.061796933821577214
12548	0.07368547998978324
12626	0.03523921371506728
12869	0.03212950085037563
12963	0.032483236659632
