291
t_index	tf-idf
52	0.0664879198833419
59	0.05917891671525489
73	0.02131894476593298
186	0.038659950695991166
212	0.027992960371764797
284	0.07379692305142892
342	0.053654667200690676
376	0.0400411042806207
413	0.024603379726171642
446	0.03543980422977872
478	0.013238891984889532
537	0.062212427112358866
556	0.05155565519252751
557	0.03628196935345491
660	0.01903894503551279
766	0.07379692305142892
849	0.03516590148915059
886	0.028700921669027754
1019	0.06267419963941749
1036	0.17665869978435633
1040	0.041812408213494016
1213	0.05440347930206916
1214	0.045241447310756876
1355	0.0866378560104036
1387	0.024823387923959588
1416	0.030108965154025096
1441	0.03080066636691814
1591	0.05917891671525489
1616	0.011642433791558047
1646	0.022072455432616774
1690	0.027075454756921115
1800	0.02168897089438918
1810	0.0321323910920466
1832	0.05415090951384223
1840	0.05682594324982693
1845	0.02139191850094074
1976	0.034136336768432356
1984	0.04274880739786574
2003	0.06089829012417962
2063	0.01472447010322201
2109	0.10983792308161561
2204	0.022716604535049922
2214	0.05177882473801842
2271	0.13103596405160597
2302	0.023581405550080536
2307	0.03516590148915059
2363	0.024722481291493164
2397	0.019641661225603218
2403	0.0866378560104036
2408	0.039043435234218764
2498	0.051664440654085375
2509	0.03693764885635347
2531	0.03725190721099383
2561	0.04220793691365289
2611	0.04169346109309515
2670	0.023948213408215877
2754	0.03173443206613174
2844	0.0664879198833419
2845	0.04293080153564047
2891	0.05654093501830979
2900	0.018580409200922195
2919	0.04675039742822064
3080	0.02914969844450025
3159	0.045968953864078184
3175	0.036927430451958454
3218	0.22139076915428677
3219	0.08784328839058445
3350	0.03044914506208981
3450	0.03985496344822494
3496	0.018750032096443357
3505	0.024823387923959588
3533	0.13722994296329888
3536	0.0551798611549577
3537	0.03438445792500813
3631	0.038289924567534966
3654	0.07808687046843753
3727	0.028412008729958322
3866	0.028412008729958322
3923	0.023763214581968315
3946	0.017263905932965125
3980	0.028130801061691704
4008	0.06552208582923968
4072	0.028130801061691704
4074	0.026002190584416177
4118	0.044560910379080845
4276	0.011584495939070055
4283	0.07379692305142892
4287	0.01841347174136173
4360	0.05062793117328881
4380	0.05860727571823637
4405	0.02994290404290681
4422	0.0171164257299577
4603	0.05682594324982693
4605	0.12220258315071089
4708	0.036353299998322465
4726	0.05682594324982693
4767	0.05917891671525489
4936	0.041202923222941494
5017	0.062212427112358866
5036	0.05186991354716786
5064	0.03173443206613174
5082	0.03438445792500813
5117	0.026410298071394635
5183	0.04274880739786574
5246	0.01310456325590248
5257	0.044560910379080845
5279	0.016732941191730112
5310	0.014685631522944147
5412	0.027992960371764797
5495	0.03944139426013362
5496	0.039043435234218764
5645	0.0664879198833419
5656	0.045241447310756876
5765	0.017019239211350446
5873	0.04220793691365289
5923	0.041202923222941494
6034	0.03572101189804534
6073	0.034638558476484387
6089	0.04759442077618483
6233	0.04392164419529222
6252	0.03319841553709623
6260	0.2991032341779751
6432	0.05460984469192341
6454	0.015788011211299507
6460	0.029618427283871436
6497	0.028270467509154896
6563	0.02720173965103458
6606	0.025236957112050908
6667	0.02772256959207652
6670	0.04192292868213575
6689	0.04028541760809781
6807	0.054101794034404155
6883	0.03080066636691814
6898	0.07379692305142892
6907	0.026950664393690236
6910	0.09702385278205702
6911	0.09903388016347982
7027	0.029303637859118183
7028	0.08912182075816169
7039	0.019579815519725634
7176	0.02222984137860203
7183	0.014342375306363743
7202	0.3322628215858143
7215	0.033425191215483284
7226	0.03915963103945127
7227	0.03630697723056322
7244	0.05062793117328881
7286	0.03725190721099383
7341	0.052695607516290585
7405	0.02772256959207652
7439	0.017363384620053997
7562	0.04029987225412337
7575	0.038659950695991166
7677	0.04859279445598362
7813	0.04951694008173991
7832	0.062212427112358866
7885	0.04759442077618483
7897	0.024041944359817127
7911	0.045267801749639576
7912	0.034840275218348676
7913	0.06680539080910523
7927	0.034136336768432356
7996	0.024174844584581755
8002	0.032545960280137926
8015	0.16823868674696238
8023	0.10549770446745176
8043	0.023763214581968315
8055	0.04392164419529222
8110	0.0833869221861903
8251	0.04028541760809781
8279	0.03098092139944795
8288	0.03062344097458284
8310	0.0664879198833419
8399	0.060415126976655735
8401	0.04951694008173991
8402	0.025558139178785005
8403	0.04759442077618483
8433	0.024231943421339504
8461	0.08912182075816169
8617	0.017313527966302023
8623	0.016500157728948597
8656	0.05177882473801842
8727	0.11365188649965385
8794	0.03659318698414444
8797	0.016922940253252486
8798	0.023314437806495822
8800	0.056824017459916644
8810	0.03098092139944795
8824	0.023581405550080536
8864	0.036927430451958454
8957	0.020347038363406008
8999	0.029618427283871436
9002	0.08654520561610554
9051	0.028130801061691704
9095	0.05740184333805551
9226	0.0664879198833419
9251	0.03319841553709623
9265	0.044560910379080845
9312	0.05917891671525489
9364	0.09134743518626942
9391	0.03803834855349756
9441	0.01059262201656912
9485	0.032545960280137926
9499	0.02124647257258502
9528	0.016227435735494247
9541	0.04028541760809781
9648	0.03044914506208981
9781	0.03628196935345491
9784	0.03758668652348623
9793	0.10391567542945317
9806	0.06790170262445937
9807	0.061847120165652726
9949	0.07387529771270694
9954	0.02945985794047464
9985	0.04759442077618483
9989	0.02758993057747885
9999	0.05490342394427185
10001	0.06346886413226348
10005	0.05490342394427185
10110	0.02222984137860203
10161	0.028997974062476197
10164	0.022799961985938078
10177	0.06639683107419246
10182	0.032758991012901494
10184	0.08048200080103601
10185	0.028700921669027754
10352	0.03193153430247606
10400	0.07808687046843753
10405	0.05186991354716786
10421	0.04445968275720406
10445	0.03319841553709623
10556	0.022799961985938078
10636	0.07201984967422954
10681	0.02385530829070867
10720	0.04274880739786574
10744	0.023314437806495822
10913	0.04645385946125621
11012	0.05490342394427185
11042	0.08441587382730578
11050	0.019275913718680437
11066	0.026950664393690236
11083	0.039043435234218764
11097	0.03193153430247606
11156	0.04220793691365289
11165	0.02588941236900921
11186	0.08937681000702294
11210	0.01472447010322201
11318	0.02732955530839737
11325	0.0664879198833419
11340	0.04951694008173991
11353	0.061643685458929655
11409	0.044560910379080845
11437	0.028700921669027754
11438	0.039283322451206436
11441	0.02442542889804472
11453	0.04675039742822064
11459	0.04851192639102851
11659	0.00874045935317704
11665	0.07379692305142892
11714	0.034638558476484387
11721	0.024823387923959588
11779	0.033656951371686825
11780	0.04028541760809781
11784	0.033656951371686825
11841	0.02568186591794933
11860	0.09518884155236966
11896	0.04169346109309515
12074	0.03154094658942652
12161	0.07517337304697246
12168	0.05490342394427185
12358	0.0664879198833419
12424	0.045968953864078184
12425	0.02168897089438918
12485	0.02061570672188424
12504	0.02772256959207652
12518	0.025449987844814472
12532	0.07568971296347964
12535	0.05955883525323732
12537	0.10097085411506047
12610	0.024328242379437467
12626	0.017363384620053997
12776	0.022968680187312192
12790	0.03758668652348623
12799	0.07379692305142892
12840	0.04293080153564047
12843	0.06827267353686471
12853	0.0664879198833419
12869	0.015831138725915777
12893	0.0664879198833419
13010	0.07379692305142892
13037	0.04220793691365289
