187
t_index	tf-idf
79	0.057010309658994396
111	0.03523633408144033
114	0.09774630385597616
126	0.04203495436502473
129	0.029470938708261413
148	0.03673252421751146
230	0.02435942292704071
287	0.03755012804842527
384	0.052345928093765315
478	0.03283752481434314
504	0.04842133974671733
557	0.04499659300480554
575	0.08125484983991074
638	0.055335920017470334
660	0.023611939381186175
707	0.049961635832967574
710	0.029245460677210896
742	0.15005430466856726
858	0.04540668923130883
949	0.07401241304365438
1020	0.09322938451440313
1040	0.017285132243005097
1146	0.07047505651131791
1200	0.07339319439803343
1252	0.17547276406326537
1258	0.023043267098648488
1279	0.019056992779527437
1416	0.03734088515519156
1537	0.03342398713581701
1538	0.05797944938979003
1644	0.04395214690697291
1829	0.03911681647830921
1845	0.026530077267901703
1917	0.02249829650240277
2017	0.042958448667867244
2079	0.06809076425052017
2103	0.045027607563502575
2160	0.22587515141350584
2171	0.04619950177170454
2218	0.13752518986274717
2251	0.061571513526922285
2282	0.046614692257201565
2293	0.036342125022532534
2448	0.05526406598048084
2535	0.05301671111574921
2539	0.05797944938979003
2576	0.05513852433586775
2818	0.024130657877792214
2872	0.06016408278257733
2924	0.023611939381186175
2989	0.047043497946252046
3235	0.17057326121081934
3272	0.021784216299950396
3302	0.049961635832967574
3384	0.04395214690697291
3403	0.017787293134383538
3433	0.046086534197296976
3485	0.05797944938979003
3505	0.030785756763461142
3716	0.07715532845929647
3737	0.04062742491995537
3768	0.03342398713581701
3858	0.1043466986257538
4067	0.04540668923130883
4094	0.03864971675945964
4135	0.023467436233198403
4186	0.03577754518309876
4204	0.05610806215502834
4217	0.059026200041743866
4222	0.04203495436502473
4242	0.06809076425052017
4276	0.014366994356289572
4422	0.14859352984271898
4449	0.12984409165496702
4776	0.052345928093765315
4896	0.08245775860680975
4972	0.02643957585596906
4980	0.12572037627999277
5077	0.03342398713581701
5078	0.033735368556661094
5110	0.0249093046087163
5246	0.016252169048134195
5310	0.05463898981493981
5373	0.07339319439803343
5609	0.08245775860680975
5675	0.1245465230435815
5686	0.06449539580182401
5688	0.025234225716145222
5704	0.047043497946252046
5802	0.017880703544622432
5810	0.02718175524363617
6009	0.027374073442449205
6184	0.012193389766038149
6430	0.023684794175921082
6501	0.03210783130742478
6557	0.025483326615947866
6606	0.06259732357899439
6901	0.04361245503350046
6940	0.07715532845929647
6942	0.14095011302263583
7012	0.06809076425052017
7015	0.06286018813999639
7237	0.03091210945491718
7292	0.07339319439803343
7377	0.2251380378175129
7592	0.0537237698942306
7600	0.030292211329164726
7604	0.367314740990732
7619	0.05894187741652283
7662	0.03405434539042775
7677	0.015066093669015916
7682	0.03842227795146088
7772	0.08245775860680975
7877	0.04174106779873877
7884	0.03776277341386026
7892	0.07307173570503543
7897	0.029816617032665502
7912	0.014402872024422107
7913	0.051782177110481886
7994	0.057010309658994396
8009	0.125353780323571
8047	0.08290728160750646
8289	0.046614692257201565
8398	0.11352209561112667
8402	0.03169698908525354
8551	0.019473837689953213
8595	0.03864971675945964
8752	0.05301671111574921
8783	0.08421112006245585
8813	0.09684267949343466
8957	0.025234225716145222
9045	0.021410550826809184
9117	0.09935954341184282
9198	0.024592261157837816
9262	0.06747073711332219
9266	0.027867618876745617
9322	0.14349104602541982
9391	0.0314498931367715
9441	0.039410641998785266
9486	0.02398034125923446
9516	0.03210783130742478
9545	0.11052813196096169
9820	0.07715532845929647
9856	0.019526890102801373
9949	0.02290488060270479
9986	0.032532000441974705
10083	0.06607487386777071
10103	0.03267040089961947
10110	0.027569262167933876
10158	0.028591454311577672
10207	0.022039393212421845
10212	0.04361245503350046
10213	0.020293149533908282
10329	0.06810002549668216
10409	0.06607487386777071
10426	0.042958448667867244
10586	0.05170787951148113
10714	0.032247697900912003
10796	0.02332451238620064
10904	0.061571513526922285
11161	0.05526406598048084
11248	0.0893184113709086
11538	0.04748684216023718
11634	0.04209453260853624
11644	0.06339397817050708
11659	0.08671875296703044
11660	0.22017958319410033
11661	0.07339319439803343
11699	0.053924357933932444
12057	0.0627883341030069
12133	0.05610806215502834
12148	0.0140135295464921
12291	0.020014303109397218
12394	0.049961635832967574
12423	0.030785756763461142
12485	0.02556742595293345
12571	0.046614692257201565
12611	0.13618152850104034
12631	0.06286018813999639
12662	0.035060795850760225
12676	0.027957405779744374
12765	0.14095011302263583
12861	0.09152232281558603
12910	0.04062742491995537
12958	0.02290488060270479
12963	0.01984980531992315
13032	0.0537237698942306
