81
t_index	tf-idf
67	0.09664123619992966
114	0.1022340423203547
287	0.07854826686222036
289	0.2569199088375762
554	0.09496885459598722
575	0.08498543095304584
638	0.05787650853005574
694	0.09840672782924065
705	0.08554948445655255
708	0.07297869004392518
742	0.10462907566947542
1038	0.322790767682468
1190	0.1262277072045585
1203	0.19144861043078149
1252	0.12235272523276891
1279	0.03986387882638665
1720	0.04908975121044123
1988	0.09664123619992966
2160	0.10903640992950898
2204	0.1178656830694701
2302	0.061176362616384455
2456	0.10232134094930903
2583	0.06413661293654319
2782	0.08283879081071667
2972	0.08609141631336419
3403	0.037207890371886244
3768	0.06991710541593414
3852	0.1212828157954794
3858	0.04365499004039276
4111	0.09664123619992966
4776	0.10949847957261775
4831	0.07157552988027702
4980	0.06574623163284898
5106	0.09933412598849635
5310	0.03809838719707567
5802	0.03740328852929577
5856	0.05244361444704541
6430	0.09908885163362476
6557	0.05330663951359121
6942	0.1474214292649585
6969	0.07297869004392518
7377	0.282569518578272
7440	0.09266969147611061
7604	0.21343274086959935
7619	0.06164802302009024
7677	0.031515619455649214
7892	0.07642661283129049
7911	0.05871828650758894
7913	0.02166384232370927
8009	0.10488722889409081
8047	0.08671372933974286
8398	0.11873413386662499
8678	0.07562197759636576
8968	0.059149092666648334
9045	0.08957421704887465
9117	0.2078426981968466
9322	0.1800948262175072
9391	0.03289382390000982
9441	0.027480044994252557
9457	0.07262109507307613
9499	0.0551189329092001
9545	0.11560271104610002
10103	0.03417036774215012
10329	0.04748442729799361
10461	0.08443277325296514
10586	0.21632758820473236
10796	0.04879077964740214
10916	0.11238068240551616
11167	0.05850540118628938
11248	0.0934192075593458
11321	0.11238068240551616
11493	0.09220507249925707
11659	0.02267504834214183
11660	0.15352566073844076
11661	0.15352566073844076
12084	0.13134215725168652
12291	0.04186640374890087
12485	0.053482560542567725
12509	0.16074530228465198
12676	0.029240989100366547
12964	0.05871828650758894
