22
t_index	tf-idf
76	0.20230567742284533
1190	0.21507363538977115
1252	0.20847123027445022
1720	0.16728357801983004
2160	0.12385477849373441
3858	0.2975269889256914
4422	0.1513176270281035
5595	0.29349033141738395
6184	0.08691847920599376
7604	0.2909266531515989
7616	0.16883297668478697
9045	0.15262142460271325
9117	0.23608913172538137
9322	0.20457024239386928
9545	0.3939403776907087
9615	0.29349033141738395
10213	0.1446562219063908
10329	0.1618131015693829
10904	0.2194509656813104
12291	0.1426685131875211
12676	0.09964477637254258
12963	0.1414959190223073
