255
t_index	tf-idf
27	0.1510397334197299
73	0.0530725790272395
76	0.11393734951499156
99	0.021483519298739265
101	0.021961789074527824
111	0.02357681700789286
114	0.06540256752827453
129	0.01971916055085557
148	0.024577925720440333
168	0.03177369658565909
264	0.07094752214843596
287	0.025124988756619244
348	0.01844673874625244
376	0.01661342915579793
413	0.030624517986016796
445	0.04201200556095196
478	0.010985880536700013
493	0.01661342915579793
557	0.015053728869765097
575	0.10873609730522114
617	0.027929168651039366
638	0.037025555984340486
645	0.036447003016238454
660	0.01579887319449918
713	0.02940861334594789
742	0.07809054306678762
778	0.012751134395683653
801	0.025558969855175542
1019	0.01733607492121939
1020	0.031190136484889334
1025	0.04109008434405369
1040	0.023131146328029227
1054	0.031190136484889334
1190	0.06056409360090702
1200	0.04910777352569619
1252	0.17611462809781278
1253	0.061238068982236375
1258	0.015418371570469174
1279	0.012751134395683653
1344	0.040256105159352636
1380	0.04910777352569619
1413	0.03547376107421798
1460	0.0196434011291189
1677	0.03239897385030976
1720	0.03140437075183373
1790	0.03380199746076816
1800	0.017997914287818047
1845	0.017751414647871583
1984	0.03547376107421798
2035	0.04910777352569619
2047	0.061238068982236375
2078	0.03856406332933868
2082	0.03177369658565909
2103	0.030128209744358238
2160	0.24413995089700444
2204	0.05655199179199254
2251	0.04119782449468444
2273	0.03502493661578359
2275	0.04103035606743206
2281	0.027548667027009362
2282	0.031190136484889334
2287	0.018123818021855857
2308	0.034190957431082546
2347	0.037158638884997756
2390	0.09111977908664814
2576	0.0922336937312622
2583	0.02051517803371603
2652	0.04201200556095196
2727	0.04136691099942858
2820	0.08437742910843735
2849	0.01722093959495404
2924	0.01579887319449918
2972	0.05507558481739257
2976	0.06588536722358349
2986	0.020855032733282472
3047	0.022467719487088436
3073	0.061238068982236375
3083	0.023459363451768984
3084	0.028959788887513497
3244	0.028326971632262863
3410	0.03239897385030976
3433	0.030836743140938348
3452	0.028959788887513497
3505	0.02059891224734222
3588	0.02018803120030234
3613	0.04109008434405369
3666	0.02484718261261581
3727	0.02357681700789286
3757	0.033429594086783886
3768	0.044728332212651725
3780	0.03729274158793963
3845	0.03459801494362862
3855	0.08498091489678859
3858	0.05585514118900261
3873	0.03038185528796836
3901	0.04109008434405369
4014	0.025267270892350206
4052	0.08402401112190391
4060	0.027184024326305286
4087	0.024984983232986414
4217	0.07898948363010797
4234	0.02812580970281245
4276	0.00961303171064221
4332	0.013503144282597994
4366	0.03038185528796836
4422	0.056814122661997875
4424	0.07189371566536373
4449	0.028959788887513497
4467	0.038794355432152504
4708	0.010055549748227156
4775	0.030912330340885905
4831	0.0228946411592434
4846	0.040256105159352636
4878	0.03064307344871043
4972	0.017690859675746497
4980	0.04206008347613644
5106	0.03177369658565909
5117	0.01095788000544674
5299	0.07508440072336314
5310	0.024372824206316156
5417	0.023229082831387093
5524	0.01905984102834915
5595	0.027548667027009362
5666	0.04109008434405369
5686	0.08630841909698853
5688	0.016884353538888376
5704	0.03147705263341148
5750	0.03064307344871043
5778	0.01934675717687129
5802	0.04785629225441968
5810	0.054562367457240274
6184	0.016317322826792987
6194	0.036447003016238454
6396	0.05366794261119249
6557	0.017051028264970104
6570	0.03594685783268187
6578	0.044211046654270836
6585	0.03365898686194662
6606	0.020942099705871
6646	0.014082836909912593
6670	0.017394215723498887
6849	0.010106128840213361
6857	0.03754220036168157
7029	0.021671702004227973
7143	0.061238068982236375
7176	0.01844673874625244
7237	0.02068345549971429
7284	0.05162503727159417
7331	0.0402162410423399
7341	0.014575934039483747
7375	0.061238068982236375
7377	0.3314103071879406
7394	0.07249527208742343
7422	0.03547376107421798
7600	0.020268678393769564
7604	0.06827006411292737
7619	0.01971916055085557
7762	0.061238068982236375
7884	0.025267270892350206
7897	0.01995045574119045
7912	0.009637037647646769
7913	0.11780227472075232
8009	0.11742482592961831
8096	0.0430426257974261
8113	0.016045372834445647
8155	0.05162503727159417
8173	0.061238068982236375
8193	0.030912330340885905
8398	0.018989558252498595
8504	0.027548667027009362
8560	0.06354739317131818
8578	0.061238068982236375
8671	0.047155232072323784
8672	0.047155232072323784
8707	0.027007247434141096
8714	0.033072395162411186
8721	0.010682695108220062
8746	0.03038185528796836
8773	0.033429594086783886
8791	0.029881710104411773
8822	0.03754220036168157
8854	0.06238027296977867
8968	0.01891983550471632
9004	0.061238068982236375
9045	0.05730365000117915
9117	0.11080332437508439
9191	0.04910777352569619
9198	0.016454811666519232
9215	0.020942099705871
9322	0.07680849265632046
9337	0.01722093959495404
9368	0.023459363451768984
9382	0.04201200556095196
9406	0.023004707497917266
9431	0.03208075119773064
9441	0.052739736910279396
9457	0.023229082831387093
9470	0.0430426257974261
9543	0.026833971305596244
9545	0.073954956138312
9596	0.03547376107421798
9760	0.03272920770388241
9855	0.036977478069156
9856	0.11758990656083232
9894	0.04201200556095196
10057	0.04201200556095196
10103	0.05464984395117168
10110	0.01844673874625244
10164	0.07567934201886528
10179	0.055172921253966285
10198	0.02940861334594789
10271	0.03239897385030976
10329	0.060754781722646346
10426	0.05748744922467623
10427	0.04201200556095196
10481	0.01745274543035632
10506	0.5341710964726979
10512	0.047155232072323784
10564	0.02940861334594789
10568	0.03272920770388241
10761	0.031190136484889334
10807	0.03814589892600073
10878	0.0381196820566983
10913	0.0385482826729378
11008	0.024577925720440333
11066	0.022364166106325863
11165	0.04296703859747853
11210	0.04887456433811448
11211	0.07094752214843596
11244	0.017873796482666904
11247	0.038794355432152504
11248	0.029881710104411773
11412	0.023816562376141676
11437	0.023816562376141676
11493	0.02949334851538709
11594	0.02059891224734222
11624	0.06685918817356777
11659	0.029011987528709017
11776	0.027548667027009362
11785	0.038794355432152504
12025	0.05162503727159417
12148	0.018753053083712775
12161	0.031190136484889334
12232	0.055172921253966285
12239	0.03177369658565909
12620	0.046458165662774185
12631	0.08412016695227288
12646	0.10344291745430312
12664	0.028959788887513497
12734	0.03949474181505398
12749	0.016454811666519232
12869	0.013136975435810022
12887	0.020942099705871
12963	0.03984482834580359
12964	0.05634610465303715
