170
t_index	tf-idf
76	0.030743721314024808
79	0.061757460087288656
111	0.03817040301435374
114	0.10588547045565926
126	0.04553513271541148
129	0.0319249330848572
148	0.03979117832962744
230	0.026387790176276626
287	0.040676862625273216
383	0.0696851645806878
384	0.05670468349180013
504	0.05245330142333569
557	0.048743381910745905
575	0.088020801428768
638	0.05994364690024384
707	0.05412185531539824
710	0.031680679885980466
742	0.1444880609127255
858	0.04918762614466981
949	0.08017529937738689
1020	0.10099243500955747
1040	0.0187244354746717
1146	0.07634339325081117
1252	0.22176475920186328
1258	0.024962040315825527
1279	0.020643835790492587
1416	0.04045019643621506
1538	0.06280729841655958
1644	0.04761196658278081
1829	0.04237400650602934
1845	0.0574783823412063
1917	0.024371690955372952
2017	0.046535524800453185
2079	0.07376056507440928
2103	0.04877697899840099
2160	0.2446833867693102
2171	0.050046454821676745
2218	0.11173250691077566
2251	0.06669846755608604
2293	0.03936827126516428
2448	0.05986580970118227
2535	0.05743132146228633
2576	0.05972981441975229
2818	0.026139976254850192
2872	0.06517384247442252
2924	0.02557806496122101
2989	0.050960729106016095
3235	0.1847766032879964
3302	0.05412185531539824
3403	0.019268410439764856
3433	0.049924080631651054
3485	0.06280729841655958
3505	0.03334923377804302
3716	0.08357991995391481
3737	0.044010400714384
3768	0.03620714505578215
3858	0.1130354687453209
4067	0.04918762614466981
4094	0.04186801219699677
4135	0.02542152928464388
4186	0.03875667983357103
4204	0.060780083985521614
4217	0.06394121019490376
4222	0.04553513271541148
4242	0.07376056507440928
4276	0.015563309265289562
4422	0.11497618392409555
4449	0.1406559858368838
4776	0.05670468349180013
4972	0.02864115386176016
4980	0.17023611971921704
5077	0.03620714505578215
5078	0.03654445467196782
5246	0.017605459211247503
5310	0.059188684518459725
5373	0.07950451946019332
5609	0.08932387433969885
5675	0.1349172977989791
5686	0.06986581647897837
5688	0.02733543628898016
5704	0.050960729106016095
5802	0.01936959897419962
5810	0.029445133250499165
6009	0.029653465454942497
6184	0.013208712359380256
6430	0.02565698624940417
6501	0.03478139519533105
6557	0.02760527939225898
6606	0.06780969504681389
6901	0.047243989151270024
6942	0.07634339325081117
7015	0.06809444788768682
7237	0.033486107640791574
7292	0.07950451946019332
7377	0.24388489499200497
7600	0.032814591664324634
7604	0.3315836730802752
7619	0.0638498661697144
7662	0.03688999215804612
7677	0.01632062137534467
7682	0.08324326990129563
7772	0.08932387433969885
7877	0.045216774720232056
7884	0.04090721460454064
7892	0.07915629345473425
7897	0.032299395448772084
7912	0.015602174405138359
7913	0.05609398993378324
7994	0.061757460087288656
8009	0.13579177400420103
8047	0.08981082834748973
8240	0.05986580970118227
8289	0.050496217504778736
8398	0.12297488525609923
8402	0.034336342847963025
8551	0.021095390659641552
8595	0.04186801219699677
8752	0.05743132146228633
8783	0.060815490125331405
8813	0.15735990427000704
8957	0.02733543628898016
9045	0.023193370568281465
9117	0.10763304169459133
9262	0.07308890934393564
9266	0.03018810756866088
9322	0.12435143890014047
9391	0.034068671644852784
9441	0.042692298372219266
9486	0.025977143030007813
9516	0.03478139519533105
9528	0.021800914106443393
9545	0.05986580970118227
9820	0.08357991995391481
9856	0.021152860655658103
9986	0.03524088416414941
10083	0.07157681496679419
10103	0.03539080898985522
10110	0.029864907209876144
10158	0.030972215535163623
10207	0.023874575577743157
10212	0.047243989151270024
10213	0.021982925191636773
10329	0.04918039832573998
10409	0.07157681496679419
10426	0.046535524800453185
10586	0.056013505701504616
10714	0.034932908239489184
10796	0.025266704414733818
10904	0.06669846755608604
11248	0.09675580185922839
11538	0.05144098983015334
11634	0.045599671936786365
11644	0.06867268569592605
11659	0.08219721507500898
11660	0.23851355838057997
11699	0.058414546469878655
12057	0.06801661068862523
12133	0.060780083985521614
12148	0.01518041204873525
12291	0.021680859704968986
12394	0.05412185531539824
12423	0.03334923377804302
12611	0.07376056507440928
12631	0.06809444788768682
12662	0.03798024801712844
12676	0.04542805630896002
12677	0.04000746244816641
12910	0.044010400714384
12963	0.021502664467499523
13032	0.05819725580911972
