29
t_index	tf-idf
195	0.36567527568353964
208	0.1373926345433179
230	0.1536344133669222
554	0.1431685183839211
660	0.14892004897443456
742	0.10515440251230117
949	0.15559829001818867
1258	0.1453334437914061
1416	0.2355082467512463
1720	0.1480086703905794
1810	0.251335210336899
2160	0.10958386533437435
2873	0.31174012517569627
3302	0.3151070793031412
3384	0.27720534786453166
4083	0.1410589680289541
4276	0.09061235795221602
5110	0.15710250659057842
5246	0.10250211858994482
6184	0.07690347547519195
7394	0.17083495982221356
8553	0.17899542012588532
9266	0.17576053796040836
9391	0.09917693651840688
9528	0.12692880408823584
9856	0.24631144299350627
11493	0.13900203043786574
12291	0.12622982598436946
12963	0.12519234158000989
