235
t_index	tf-idf
22	0.08372329391071524
189	0.076670363816949
193	0.03580586816756579
268	0.045388112002240744
275	0.06879567035866668
317	0.058855123703895264
376	0.046547905297774674
423	0.03759203302890015
554	0.021278026043661236
557	0.04217789953157611
643	0.025568829607748207
700	0.04846877510911048
744	0.027948833313689712
857	0.06606033156108196
886	0.033364908581088794
916	0.036891373627971916
924	0.03885688627252333
940	0.04220697126464266
976	0.06029893198439785
1009	0.05532865865701214
1040	0.016202350499239234
1048	0.0772924087329355
1087	0.06382539703128097
1354	0.04585074057813756
1355	0.05035838532962644
1460	0.027518676815897578
1616	0.01353436463108092
1636	0.02396582165695678
1641	0.05343904843649618
1646	0.15395577873671032
1680	0.036015415190166405
1738	0.038593258857869135
1782	0.0723221354055498
1890	0.042562306356285856
1917	0.021088949765788054
1996	0.03968255381327965
2003	0.03539722358342482
2004	0.07470800440773748
2030	0.04735362464679215
2078	0.018008286658918307
2112	0.20036637041322325
2128	0.05343904843649618
2139	0.046331516014959606
2244	0.04789852334570106
2363	0.02873995956298813
2397	0.022833490810163504
2398	0.042562306356285856
2461	0.03238372887648304
2482	0.058855123703895264
2498	0.060060069122339056
2503	0.11905078541095379
2509	0.08588025788889873
2586	0.10687809687299236
2607	0.02885726382959992
2811	0.06445514264238178
2821	0.05892247663332166
2823	0.0383351819084745
2900	0.02159978210933149
3022	0.0723221354055498
3041	0.0526239569746451
3176	0.06382539703128097
3209	0.04292825001831536
3210	0.04585074057813756
3244	0.03968359513698459
3329	0.05259331985942744
3349	0.0723221354055498
3432	0.0663984942277058
3466	0.03319582724777688
3533	0.1116711577436781
3611	0.05343904843649618
3679	0.0772924087329355
3713	0.06879567035866668
3747	0.042562306356285856
3756	0.03735400220386874
3809	0.09813370962508863
3810	0.04906685481254432
3839	0.021665159343320247
3861	0.04969561839261586
3927	0.03912630815777291
3998	0.02839463525370309
4074	0.03022762550142461
4078	0.03559984311088979
4118	0.05180219361012903
4276	0.013467011701654527
4287	0.021405716805742134
4310	0.01725369755236681
4389	0.027839870797870262
4427	0.04846877510911048
4466	0.03735400220386874
4559	0.0723221354055498
4564	0.1235966400550411
4708	0.014086940540935507
4838	0.2883921601284293
5054	0.020598556280362505
5091	0.03644557168795854
5110	0.023348926597079416
5128	0.04220697126464266
5210	0.029966802846493504
5315	0.03232088414886465
5561	0.041525784786500944
5600	0.03232088414886465
5715	0.060988237311934174
5720	0.05343904843649618
5804	0.05180219361012903
5879	0.263144231202301
5880	0.18732768113097328
5942	0.0772924087329355
5995	0.029095294654631326
6077	0.1436955700371032
6078	0.06382539703128097
6087	0.029216066097709815
6238	0.05532865865701214
6247	0.1205978639687957
6373	0.06476745775296608
6401	0.044512153564435226
6432	0.047613082694302304
6442	0.04230330340925901
6532	0.03912630815777291
6645	0.04409658148515862
6667	0.03222757132119089
6771	0.05434747895240639
6796	0.027413455549097337
6807	0.020964499942392006
6849	0.04247339219704582
6969	0.03270214164407821
7183	0.05001916451856251
7198	0.021405716805742134
7341	0.020419601243483104
7362	0.035156260322252345
7520	0.058855123703895264
7523	0.12387157362153003
7583	0.0772924087329355
7589	0.05851451273945741
7616	0.022201122406564647
7619	0.027624809100669803
7641	0.07378274725594383
7707	0.0772924087329355
7770	0.06606033156108196
7797	0.06476745775296608
7837	0.0772924087329355
7877	0.03912630815777291
7913	0.019415367412007674
7920	0.0772924087329355
7996	0.014051665114243056
8012	0.06572900862661017
8014	0.03997203673484166
8015	0.06519266138146734
8043	0.027624809100669803
8047	0.03885688627252333
8072	0.13228974445547584
8077	0.058855123703895264
8271	0.03559984311088979
8312	0.025213494516105005
8360	0.06382539703128097
8361	0.027948833313689712
8402	0.059422828788326665
8623	0.07672593382866993
8630	0.1392348674463655
8656	0.030096520483600307
8721	0.044896548047898666
8794	0.025523814583297177
8817	0.04369463720307913
8822	0.10518663971885488
8869	0.04292825001831536
8893	0.028975701488317945
8898	0.11065731731402428
8957	0.023653493874503332
9045	0.020069343063205194
9051	0.03270214164407821
9125	0.02650502503318713
9197	0.06606033156108196
9309	0.03580586816756579
9338	0.04369463720307913
9391	0.014739898561429828
9441	0.012313955255250496
9449	0.027103104736620965
9454	0.044512153564435226
9457	0.03254190142353058
9468	0.05892247663332166
9499	0.04939817774701611
9659	0.030494118655967087
9781	0.021088949765788054
9782	0.04088046725075186
9793	0.04026742939742498
10001	0.036891373627971916
10103	0.04593577407027127
10107	0.03036014789825451
10110	0.10336903238470621
10178	0.03519789882881031
10188	0.06382539703128097
10198	0.08239776003669408
10200	0.04088046725075186
10387	0.06606033156108196
10536	0.04186164695535762
10654	0.11884565757665333
10740	0.05035838532962644
10804	0.03580586816756579
10859	0.0380824265143257
10913	0.08100412899820635
10939	0.05259331985942744
10953	0.025659296456118388
11050	0.04481661644578917
11083	0.045388112002240744
11160	0.029966802846493504
11168	0.04186164695535762
11186	0.10390081299624966
11210	0.03423448240194578
11215	0.11577977657360741
11237	0.02933803926642196
11272	0.04846877510911048
11624	0.04683192028274332
11644	0.059422828788326665
11796	0.06382539703128097
11854	0.06879567035866668
11888	0.0772924087329355
11890	0.05180219361012903
11931	0.045388112002240744
12144	0.03580586816756579
12148	0.026271377534365457
12149	0.04735362464679215
12161	0.04369463720307913
12260	0.0723221354055498
12532	0.17597904225358604
12535	0.10385599021885211
12591	0.058855123703895264
12610	0.02828165563074748
12682	0.05343904843649618
12686	0.0380824265143257
12768	0.03424717430090446
12798	0.03133022918443233
12817	0.06606033156108196
12862	0.02512624715621461
12885	0.0383351819084745
12904	0.045388112002240744
13011	0.0772924087329355
