252
t_index	tf-idf
22	0.08001293942857282
189	0.0732725731335213
268	0.04337665286181217
275	0.06574686145562132
317	0.05624684873247962
376	0.04448504774656412
423	0.03592607172080386
498	0.03345059474607674
554	0.020335050491523562
557	0.04030870696563112
643	0.024435699064181495
700	0.0463207906167442
744	0.026710228451025223
751	0.052876665584953866
849	0.039068772824853375
857	0.0631327443168335
886	0.0318862802051898
916	0.03525646335271556
924	0.03713487062539524
940	0.04033649033043062
976	0.05762667194652472
1009	0.052876665584953866
1040	0.015484313009455273
1048	0.07386705096471793
1087	0.06099685509405047
1354	0.04381877918642422
1355	0.048126659223383016
1460	0.026299135143595713
1616	0.012934563928955728
1636	0.02290373141122488
1641	0.05107079697831504
1646	0.14713294022898682
1738	0.036882926353076814
1782	0.06911704460314708
1890	0.04067607808237471
1917	0.02015435348281556
1996	0.03792394716360606
2003	0.03382852936412884
2004	0.07139717935465523
2030	0.04525506013449185
2078	0.03442043145576706
2112	0.1914867596644378
2128	0.10214159395663008
2139	0.04427824815985247
2241	0.06911704460314708
2244	0.04577581062762225
2287	0.02426467475472779
2308	0.04577581062762225
2363	0.027466294459763167
2397	0.02182158192539368
2398	0.04067607808237471
2461	0.03094858331575677
2482	0.05624684873247962
2498	0.06887807368715923
2503	0.11377482701730565
2509	0.08207431351067784
2586	0.10214159395663008
2607	0.027578400168231012
2811	0.061598692349643325
2821	0.028155608395383946
2823	0.03663628656676065
2874	0.04067607808237471
2900	0.0206425473348836
3022	0.06911704460314708
3041	0.05029182782027657
3160	0.06911704460314708
3176	0.06099685509405047
3209	0.0410258042660514
3210	0.04381877918642422
3244	0.03792494233910188
3329	0.050262548446166046
3349	0.06911704460314708
3466	0.031724692027648486
3533	0.07623017240230305
3536	0.03065198628044707
3611	0.05107079697831504
3679	0.07386705096471793
3713	0.06574686145562132
3747	0.04067607808237471
3756	0.07139717935465523
3809	0.09378473059728058
3810	0.04689236529864029
3861	0.04749326404374709
3927	0.03739235257549859
3998	0.027136273843618955
4074	0.02888803169753846
4078	0.034022169427972836
4135	0.021022525200021343
4276	0.012870195870667456
4287	0.02045708239847245
4310	0.01648906765002179
4389	0.026606094813049343
4427	0.0463207906167442
4466	0.03569858967732761
4559	0.06911704460314708
4564	0.11811922360395147
4682	0.03156530239700972
4708	0.013462651403058619
4838	0.27561152174255343
5042	0.0413862929283315
5054	0.019685692702610648
5091	0.03483041796012183
5128	0.04033649033043062
5210	0.028638767886766062
5315	0.03088852366987497
5561	0.039685491906106325
5600	0.04633278550481245
5715	0.05828542941823591
5720	0.05107079697831504
5765	0.018908111615032225
5804	0.049506482437428105
5829	0.04879626759147132
5879	0.251482502045627
5880	0.17902590430342905
5942	0.07386705096471793
5995	0.02780588221170725
6077	0.13732743188286678
6078	0.06099685509405047
6087	0.027921301442226844
6238	0.052876665584953866
6247	0.11525334389304943
6373	0.09284574994727032
6401	0.04253951416178893
6432	0.04550301981297541
6442	0.04042855333574469
6532	0.03739235257549859
6645	0.04214235893706944
6667	0.030799346174821662
6771	0.05193896869552083
6796	0.026198576954185922
6807	0.02003541888628734
6823	0.07386705096471793
6849	0.040591104320530105
6962	0.03820060110764759
6969	0.03125288502555388
7183	0.04780247161751176
7198	0.02045708239847245
7234	0.039068772824853375
7275	0.02321002224695187
7362	0.03359824484090803
7394	0.02426467475472779
7520	0.05624684873247962
7523	0.11838197297482332
7583	0.07386705096471793
7589	0.05592133258048329
7616	0.021217238111261652
7619	0.026400563977510824
7641	0.07051292670543112
7707	0.07386705096471793
7770	0.0631327443168335
7797	0.06189716663151354
7837	0.07386705096471793
7877	0.11217705772649578
7913	0.027832408595458453
7920	0.07386705096471793
7996	0.02685787854585652
8012	0.06281610457837004
8014	0.03820060110764759
8015	0.062303526565325534
8043	0.026400563977510824
8047	0.03713487062539524
8072	0.12642707681120832
8077	0.05624684873247962
8271	0.034022169427972836
8312	0.02409611131223741
8360	0.06099685509405047
8361	0.026710228451025223
8402	0.028394697451734653
8595	0.03462306817307964
8623	0.0733256804561574
8630	0.16633051709617447
8656	0.028762736843980202
8721	0.042906873484211634
8794	0.024392678964797722
8817	0.04175822756820591
8822	0.10052509689233209
8854	0.04175822756820591
8864	0.0410258042660514
8869	0.0410258042660514
8893	0.02769158904041243
8898	0.10575333116990773
8957	0.022605245019063122
9045	0.01917993255974808
9051	0.03125288502555388
9125	0.025330405236980134
9197	0.0631327443168335
9309	0.034219064098626434
9338	0.04175822756820591
9391	0.014086672366673936
9441	0.023536478557932474
9449	0.025901979918876227
9454	0.04253951416178893
9457	0.03109974615031598
9468	0.05631121679076789
9659	0.029142714709117955
9781	0.02015435348281556
9782	0.039068772824853375
10001	0.03525646335271556
10103	0.04390004426018911
10107	0.02901468111629864
10110	0.09878804022937686
10178	0.0336380380591093
10188	0.06099685509405047
10198	0.07874614906930098
10200	0.039068772824853375
10387	0.0631327443168335
10536	0.04000646971428641
10654	0.11357878980693861
10740	0.048126659223383016
10804	0.034219064098626434
10859	0.036394732501008775
10894	0.04506359354270093
10913	0.12902379899811592
10922	0.023445112887913108
10939	0.050262548446166046
10953	0.024522156704831138
11050	0.04283048420066486
11083	0.04337665286181217
11160	0.028638767886766062
11168	0.04000646971428641
11186	0.05957775239264264
11210	0.03271731723451525
11215	0.11064877905923044
11237	0.028037869141659257
11255	0.13149372291124264
11272	0.0463207906167442
11624	0.04475647607585726
11644	0.056789394903469306
11796	0.06099685509405047
11854	0.06574686145562132
11888	0.07386705096471793
11890	0.049506482437428105
11931	0.04337665286181217
12144	0.06843812819725287
12148	0.025107112264407972
12149	0.04525506013449185
12161	0.04175822756820591
12260	0.06911704460314708
12532	0.16818020160017075
12535	0.09925341761561941
12591	0.05624684873247962
12610	0.027028301124128833
12682	0.05107079697831504
12686	0.036394732501008775
12768	0.032729446668215
12798	0.02994177143449029
12817	0.0631327443168335
12862	0.024012730482409362
12869	0.01758815034593563
12885	0.03663628656676065
12904	0.04337665286181217
13011	0.07386705096471793
