270
t_index	tf-idf
4	0.037791696528904815
15	0.07384392788531002
70	0.03906804905795563
76	0.024210528184754995
86	0.033369320139758636
111	0.030059003220956743
114	0.06253821245250488
175	0.04786401494382409
178	0.17681395566866365
188	0.03150567842156436
192	0.04863369378059335
202	0.028778576958689912
218	0.03378254953991163
220	0.04786401494382409
310	0.035858691364734616
334	0.04309548444168079
348	0.04703693286537548
362	0.06581877278469621
367	0.03720440733976135
401	0.03512286966560072
413	0.16919236522553505
453	0.0421652860256271
478	0.014006327415917157
554	0.019364659984405237
557	0.01919258585381539
583	0.03221422878600106
586	0.03052069331080457
587	0.035858691364734616
589	0.06581877278469621
657	0.06012004386649921
682	0.06260941509147519
691	0.043591384672682684
710	0.02494837841708624
713	0.03749418774356957
742	0.1137836319604011
763	0.03941133516763099
801	0.06517225433304762
920	0.04262069286085201
996	0.04583005055407303
1019	0.02210243781937272
1040	0.014745400147651093
1044	0.03976552105178173
1082	0.04130671493934598
1140	0.1412674782676717
1190	0.025738508072209784
1233	0.0421652860256271
1252	0.1247418920854312
1260	0.05356274386202109
1279	0.048770755154403635
1353	0.11523488774300793
1387	0.026262356338592276
1394	0.05035338616880007
1416	0.03185432924319119
1428	0.02412163593524312
1437	0.051324077980630746
1635	0.03465797246971152
1687	0.0882207163317326
1764	0.04583005055407303
1847	0.04583005055407303
1923	0.049460436262436465
1995	0.03749418774356957
1996	0.01805710643295183
2063	0.031156043802910722
2078	0.04916682788188517
2095	0.04130671493934598
2158	0.03611516055153195
2160	0.13339866084650354
2281	0.03512286966560072
2298	0.03239862832792796
2302	0.04989675683417248
2347	0.023687498731414677
2357	0.04583005055407303
2372	0.03749418774356957
2498	0.021863735194373343
2617	0.04714402847557906
2821	0.026812020135280515
2882	0.03809735724612496
2951	0.03976552105178173
2966	0.025044137960313326
2972	0.017554502595365805
2977	0.03976552105178173
2989	0.04013132163587603
3024	0.06581877278469621
3042	0.01942261293700781
3117	0.05035338616880007
3125	0.05636638708854143
3126	0.037791696528904815
3127	0.05035338616880007
3239	0.14343476545893846
3336	0.046467705148348436
3352	0.12786207858255605
3432	0.02014259940525285
3433	0.03931496609940918
3452	0.03692196394265501
3548	0.05035338616880007
3581	0.025044137960313326
3666	0.03167864185968293
3727	0.030059003220956743
3737	0.03465797246971152
3771	0.027630097825784666
3780	0.047545970227232594
3793	0.03512286966560072
3826	0.03664649517427732
3836	0.04583005055407303
3858	0.01780297429828163
3936	0.05238735055855114
3941	0.04013132163587603
3946	0.018264664388129456
3993	0.04989675683417248
4014	0.09664268635800317
4052	0.05356274386202109
4074	0.027509492129106618
4135	0.020019328335658504
4183	0.03036466393817689
4235	0.03560798602114898
4247	0.018108635015501775
4332	0.08607842554569087
4352	0.05636638708854143
4414	0.04090100047264529
4415	0.04583005055407303
4682	0.030059003220956743
4891	0.11617215895349628
4900	0.07807480170737131
4972	0.02255476673533735
4980	0.08043606040584154
5054	0.018746289609777186
5110	0.021249340687219124
5199	0.05238735055855114
5234	0.06260941509147519
5238	0.043591384672682684
5246	0.013864211885274254
5315	0.07353630109459432
5483	0.03664649517427732
5485	0.11929656315534519
5487	0.08146591873486764
5528	0.06012004386649921
5552	0.06012004386649921
5591	0.06012004386649921
5630	0.05865919700234077
5639	0.03841162924766931
5675	0.021249340687219124
5715	0.1110080865744263
5802	0.13728116885788352
5810	0.02318789651986179
5841	0.062335188837804804
5856	0.08554827929140359
5981	0.04465465725060308
5983	0.07034210839942326
6089	0.05035338616880007
6103	0.06581877278469621
6169	0.06260941509147519
6184	0.0104017955274404
6304	0.05035338616880007
6313	0.1412674782676717
6320	0.06012004386649921
6430	0.020204749528603853
6449	0.07456030157572723
6454	0.03340642925767883
6518	0.22613440525758818
6557	0.021739020723865222
6585	0.02145657732675888
6591	0.018160402710659846
6921	0.06012004386649921
7033	0.07034210839942326
7135	0.024210528184754995
7176	0.04703693286537548
7180	0.07498837548713914
7183	0.04552133321100707
7184	0.05487672178352713
7198	0.019480868517366533
7276	0.06799009929308067
7377	0.03841162924766931
7394	0.023106762211057612
7422	0.045226881051517634
7431	0.037791696528904815
7439	0.03673981936170407
7562	0.19186193437850513
7604	0.01740803329286062
7616	0.040409499057207705
7641	0.03357402163139791
7664	0.03221422878600106
7744	0.06581877278469621
7797	0.02947171403181329
7912	0.01228663502771044
7913	0.1148517216598631
7996	0.012788109037638213
8023	0.0744088146795227
8047	0.03536279113373273
8058	0.028644971549970175
8078	0.06581877278469621
8112	0.06260941509147519
8214	0.04013132163587603
8305	0.028913801866329254
8491	0.0421652860256271
8707	0.03443259271767904
8794	0.01548577203218512
8798	0.0246659350199799
8824	0.04989675683417248
8833	0.03692196394265501
8940	0.04013132163587603
8957	0.021526520617236512
8968	0.02412163593524312
9012	0.04786401494382409
9137	0.11617215895349628
9242	0.045419425071391795
9254	0.03664649517427732
9328	0.025336449485695214
9404	0.09428805695115812
9441	0.03361997340709274
9443	0.030678935939721246
9486	0.08182748562718883
9509	0.04050952457620946
9510	0.06260941509147519
9555	0.03749418774356957
9675	0.05636638708854143
9775	0.06012004386649921
9847	0.033369320139758636
9856	0.01665777294365414
9873	0.03749418774356957
9942	0.04863369378059335
9949	0.03907885980539493
9950	0.05599988228336378
10103	0.02787008670089973
10245	0.07034210839942326
10275	0.06581877278469621
10367	0.03512286966560072
10426	0.03664649517427732
10481	0.04450237120048845
10506	0.05238735055855114
10714	0.055018984258213235
10753	0.06581877278469621
10758	0.07171738272946923
10859	0.03465797246971152
10904	0.026262356338592276
11052	0.04130671493934598
11066	0.08553884192242898
11080	0.027155306244955876
11089	0.03560798602114898
11154	0.051324077980630746
11165	0.054780352715305305
11186	0.09455782748113645
11244	0.11394000001428255
11373	0.0421652860256271
11386	0.12467037767560961
11438	0.02078025399952826
11493	0.018801109957379557
11671	0.033369320139758636
11677	0.07034210839942326
11748	0.029909257102951992
11767	0.025535667606229696
11784	0.07121597204229796
11785	0.049460436262436465
11786	0.03443259271767904
11841	0.013585299400774725
11860	0.05035338616880007
12048	0.0972673875611867
12148	0.01195449926207988
12365	0.10608837340119819
12405	0.03316830716469722
12428	0.04013132163587603
12610	0.025738508072209784
12626	0.03673981936170407
12676	0.011924789741756526
12749	0.020978880937089807
12768	0.031167594418902402
12838	0.03221422878600106
12887	0.02669989940973097
12958	0.019539429902697466
12963	0.06773296684812732
12964	0.26340543406908346
