102
t_index	tf-idf
13	0.10619946317377962
81	0.04184294433969295
108	0.08095680663303464
168	0.07155832708591447
175	0.08454971695734852
178	0.2498673782120507
218	0.05967541596854031
546	0.1095285157342874
742	0.12562117239749476
949	0.07435329058274545
1097	0.06675740112080171
1140	0.19963432347793342
1279	0.02871714480381283
1669	0.03802566975210919
1733	0.07700229995707412
1766	0.12425629906589687
1862	0.0342068362334074
2104	0.061221812797544815
2160	0.052365106206724576
2304	0.06246684455301268
2347	0.04184294433969295
2386	0.030750539615677967
2397	0.036707421975026466
2498	0.07724268950209355
2598	0.11626602189468323
2972	0.031009271318070426
2996	0.057898858040697
3047	0.05060010614746351
3310	0.07155832708591447
3358	0.12425629906589687
3494	0.05257239564446909
3622	0.13791576811111433
3768	0.1007337820404879
3777	0.09253999412856215
3829	0.07888052508334467
3998	0.0912951827427721
4080	0.09693736097546192
4218	0.12425629906589687
4666	0.06729733758781715
4708	0.022646352021788146
4752	0.09956879045432959
4754	0.08208319595757865
4795	0.1105968300206794
4815	0.11381009006671716
4831	0.05156158699290971
4901	0.12425629906589687
4972	0.039842022148579764
4980	0.04736227656942936
5671	0.06246684455301268
5712	0.04292513887501923
5765	0.03180649478928029
5797	0.10619946317377962
6016	0.08327789193024444
6103	0.11626602189468323
6313	0.19963432347793342
6432	0.051028947859157694
6563	0.10167222867318039
6591	0.032079567725771724
6646	0.06343260987466942
6671	0.04169308469542553
6907	0.05036689102024395
7193	0.1105968300206794
7198	0.034412113592221495
7249	0.11626602189468323
7474	0.27583153622222867
7617	0.055352553740643
7699	0.27583153622222867
7960	0.27583153622222867
8058	0.10120021229492702
8399	0.01612958972501428
8717	0.07989133373490404
8938	0.04756234375232733
9164	0.059307060416603524
9384	0.09693736097546192
9498	0.0859093214091121
9509	0.07155832708591447
9652	0.08894708380424828
9661	0.2211936600413588
9776	0.13791576811111433
10271	0.072966529461821
10449	0.07989133373490404
10781	0.11626602189468323
11058	0.09066176900229159
11066	0.05036689102024395
11091	0.05363786854259968
11244	0.04025401865110732
11352	0.08454971695734852
11353	0.03840104202060674
11386	0.05505621058852806
11412	0.05363786854259968
11492	0.046773980695930056
11493	0.03321134942912971
11659	0.016334653471897623
11735	0.06473445234589079
11876	0.05595895383980949
12148	0.04223421416535818
12291	0.06031944779424045
12610	0.045465963834497775
12729	0.13791576811111433
12772	0.11626602189468323
12869	0.029586106942923636
12873	0.060050788237037855
