36
t_index	tf-idf
926	0.16936364207957097
1258	0.08738829052910317
1616	0.05475726479651621
2585	0.1653939901333921
2670	0.11263441016499583
2802	0.1561404138460883
2840	0.27833317938194907
3205	0.2771140933236851
3496	0.08818606923859765
3858	0.07914398228535019
3998	0.11487887342838195
4276	0.05448476865118903
4936	0.19378760641482715
5279	0.07869918850854657
5417	0.1316578621753949
6184	0.04624168451667304
6292	0.14834492471688554
7097	0.17520499440647133
7604	0.07738825296658036
7843	0.15509628741377487
8968	0.10723389784013874
9203	0.2672665593425
9266	0.10568395376965443
9267	0.15509628741377487
9391	0.05963460794816352
9500	0.18008704847464369
9807	0.19392160301672887
9849	0.1617186664913278
10050	0.12072022575528231
10219	0.10568395376965443
10949	0.21278179069131098
11122	0.424829878495894
11191	0.18744781598606586
11841	0.06039410477719292
12405	0.14745131182553167
12792	0.18947234907226745
