144
t_index	tf-idf
46	0.04887354308590512
65	0.03288462931380112
101	0.03789146466172222
342	0.038409125545331324
399	0.07089420054014292
446	0.05073973844146825
478	0.018954334855035948
493	0.028663746911997745
540	0.06581449153523757
557	0.025972739905667973
567	0.21317835893182557
684	0.17954262581635985
713	0.05073973844146825
879	0.05482030162762002
886	0.04109157175568938
1441	0.04409781005413055
1616	0.016668659950141468
1636	0.08854751793257491
1660	0.0881956201082611
1710	0.508862151840617
1737	0.06379857300251195
1810	0.046004461789307935
1942	0.04959258199314535
1958	0.05241890777180967
2037	0.04488565645408996
2078	0.06653596562180218
2209	0.11738449335771463
2259	0.08135861808071673
2272	0.07248482437741079
2509	0.02644211335737782
2545	0.0771714004565861
2794	0.049862314114897915
2818	0.0278571891318803
2823	0.09442572721762754
2858	0.05114234798871835
2900	0.07980561322046519
3055	0.07426299054308576
3085	0.03598193813584937
3134	0.08095056720585626
3169	0.05482030162762002
3272	0.02514838329857545
3403	0.04106841939396419
3533	0.03929486386070178
3615	0.10565624316480715
3752	0.08907053377110898
3815	0.04130272153736915
4078	0.04384407360587095
4099	0.03288462931380112
4120	0.09519182562423337
4422	0.024505862361991197
4706	0.043594531341078116
4716	0.1595326797447342
4720	0.07860611623053518
4948	0.10565624316480715
4996	0.09519182562423337
5078	0.03894516871757076
5117	0.01890602453127806
5411	0.06581449153523757
5446	0.12327471526706815
5516	0.05535007399466377
5561	0.05114234798871835
5600	0.019902885796653592
5760	0.05706099299662631
5778	0.03337965606529714
5909	0.04488565645408996
5938	0.09319315091210502
6009	0.06320297979924437
6184	0.01407643200577075
6430	0.027342470074780113
6442	0.026049962392666923
6501	0.03706628861406219
6585	0.02903653037784772
6679	0.04263567178636512
6965	0.09519182562423337
7047	0.04217815303749571
7064	0.044355884087046216
7280	0.12653445911248715
7281	0.07860611623053518
7282	0.10565624316480715
7341	0.07544514989572636
7562	0.05769797609888124
7674	0.05241890777180967
7825	0.05073973844146825
7828	0.05241890777180967
7912	0.016627127700312144
8399	0.02471351720655568
8492	0.07860611623053518
8553	0.032763367912535875
8606	0.07860611623053518
8623	0.047247083081025806
8626	0.08907053377110898
8628	0.04922878214153938
8721	0.018431238129618364
8735	0.05535007399466377
8743	0.06042978299956913
8800	0.04067793044814454
8847	0.09519182562423337
8856	0.036132157915478705
8869	0.05286959686062522
8957	0.08739354748609911
9076	0.10794581440754812
9125	0.032643072747841194
9241	0.03217125424579131
9449	0.10013896819589144
9481	0.04488565645408996
9485	0.09319315091210502
9584	0.06120415598204205
9689	0.09442572721762754
9787	0.024505862361991197
9985	0.06814169868996137
10012	0.06477290868701854
10068	0.04047528360292813
10158	0.1650343629972358
10384	0.06042978299956913
10416	0.1275971460050239
10451	0.04785538454539801
10558	0.06814169868996137
10681	0.03415402904777006
10796	0.02692654946425041
10878	0.03288462931380112
10912	0.08135861808071673
10915	0.06693329687045553
11055	0.05430849114644475
11186	0.025592443643797525
11395	0.08135861808071673
11474	0.034556638595020166
11519	0.03376187808305917
11590	0.02941875239560975
11648	0.058990888713749606
11719	0.05241890777180967
11783	0.06477290868701854
12150	0.04263567178636512
12275	0.037390967004824215
12391	0.04172011217228511
12478	0.05706099299662631
12532	0.08127463572265783
12568	0.1088516624007811
12676	0.01613745353291459
12727	0.05589911498371261
12762	0.045434697443138806
12774	0.04818719929332036
12790	0.26906732197474365
12842	0.04959258199314535
12926	0.08907053377110898
