248
t_index	tf-idf
46	0.039159894088606186
81	0.02568450277889862
86	0.036182562185129524
99	0.0296993392484981
101	0.030360511011184164
200	0.05410336498997642
333	0.03292459470472125
493	0.022966808264411644
499	0.037829275755416954
521	0.048419323679912335
556	0.029571333484076
557	0.020810640679541744
659	0.11163370005439073
744	0.027579994924506284
1036	0.14475433821893288
1040	0.01598852945017965
1088	0.24447370188429424
1124	0.04034097118232572
1130	0.033616007562800844
1213	0.12481916275743042
1214	0.10379850053171691
1355	0.049693809978004884
1387	0.028476436959737794
1460	0.02715551516563065
1616	0.02671150553170266
1636	0.04729909347140693
1647	0.051899250265858454
1681	0.02931931537154915
1720	0.021707082714773247
1832	0.031059921510452407
1882	0.05565101822125529
1996	0.05873829976074315
2003	0.0698601788357504
2008	0.1034824216050747
2019	0.036404521290667374
2078	0.017770632823114887
2107	0.08623600554365846
2109	0.04200061519944266
2172	0.06518853895319597
2209	0.03135141590105346
2217	0.030360511011184164
2252	0.03973602353769528
2260	0.04351464262921664
2271	0.07515971190565075
2363	0.028360680747610275
2373	0.038344095231101896
2381	0.03888180294797166
2397	0.0225321591633169
2398	0.04200061519944266
2423	0.049039789520201764
2431	0.05680393131655415
2509	0.04237345169486838
2591	0.02664504145318885
2596	0.049693809978004884
2695	0.08784946087782856
2821	0.02907244084658026
2845	0.0246242831015968
2911	0.029571333484076
3057	0.06788777971603811
3129	0.05680393131655415
3159	0.10546763566886347
3314	0.05515998984901257
3350	0.0698601788357504
3352	0.09242776678411754
3433	0.021314731611856284
3478	0.05111856444275447
3480	0.05111856444275447
3494	0.03227057424691813
3533	0.0629699673832347
3536	0.0316501084066287
3537	0.039444529147094225
3588	0.027908425013597683
3666	0.06869869833894167
3768	0.030916766799958723
3846	0.038344095231101896
3910	0.03860996157852094
3987	0.037579855952825376
4020	0.06795424379455191
4083	0.02068783320993844
4136	0.1136078626331083
4137	0.06788777971603811
4247	0.019635306017383735
4276	0.05315715474935007
4380	0.06723201512560169
4383	0.06788777971603811
4525	0.05111856444275447
4692	0.06298309866534241
4708	0.05560414551265322
4783	0.049039789520201764
5077	0.030916766799958723
5117	0.015148439657425915
5246	0.0150330515151567
5257	0.05111856444275447
5429	0.026745427355933007
5513	0.0580784176146467
5623	0.05888933623755027
5675	0.02304079278775112
5715	0.030091690351415068
5778	0.026745427355933007
5810	0.025142780981402282
5856	0.02319013334949553
5995	0.028711326512105142
6013	0.02705168249498821
6233	0.10077044567216897
6236	0.07627238735267992
6252	0.03808394688513991
6260	0.17155986964015074
6310	0.07136770630198422
6396	0.07419186829749393
6432	0.06264631582579623
6442	0.04174503029239992
6547	0.04097777251713983
6557	0.02357175590904209
6701	0.05038522283608449
6796	0.02705168249498821
6807	0.06206349962981533
6849	0.013970958144280433
6854	0.04478912892730919
6953	0.03416180383353748
6967	0.06788777971603811
7020	0.0334394141804062
7027	0.033616007562800844
7176	0.05100244000390717
7202	0.33033792482362495
7215	0.11503228569330569
7218	0.09683864735982467
7226	0.022461212145526734
7381	0.04065518188355995
7405	0.031802266788440336
7562	0.02311523260332985
7589	0.014435575416073973
7593	0.03808394688513991
7616	0.02190813607205134
7617	0.033977121897275954
7677	0.027871893479288447
7790	0.04311800277182923
7800	0.035333341154004536
7817	0.049039789520201764
7850	0.047829136783736036
7867	0.041309202341363066
7884	0.0349300894178752
7996	0.027732452956586266
8015	0.2573292773741987
8043	0.02726024683161795
8103	0.05111856444275447
8110	0.047829136783736036
8142	0.06788777971603811
8288	0.03513003499257482
8348	0.06788777971603811
8373	0.07136770630198422
8399	0.019801689324316033
8516	0.05111856444275447
8551	0.018013054400543273
8617	0.09930707065315318
8620	0.0296993392484981
8679	0.07627238735267992
8721	0.02953603473392902
8727	0.13037707790639194
8758	0.06788777971603811
8783	0.02596474153282902
8794	0.025186978961178077
8813	0.04478912892730919
8828	0.06298309866534241
8879	0.07419186829749393
8903	0.049039789520201764
8921	0.0349300894178752
8930	0.02577719619689566
8936	0.038344095231101896
8940	0.08702928525843329
8944	0.05111856444275447
8961	0.08400123039888532
8999	0.033977121897275954
9068	0.03888180294797166
9076	0.0288305041446648
9125	0.026155240459756705
9319	0.07136770630198422
9328	0.08241741113337447
9336	0.034349349169470834
9409	0.0580784176146467
9441	0.04860579611730073
9457	0.03211244870300711
9468	0.02907244084658026
9477	0.04621388339205877
9499	0.04874627417364292
9648	0.17465044708937602
9652	0.05459849102870058
9793	0.11920807061308583
9939	0.04392473043891428
9984	0.05363025986966324
10177	0.03808394688513991
10207	0.020386160920666103
10212	0.04034097118232572
10213	0.018770907528988832
10358	0.059918975188920164
10421	0.025501220001953585
10556	0.026155240459756705
10647	0.06111842547107356
10654	0.02931931537154915
10695	0.04726641058461348
10705	0.037335475280428396
10706	0.06788777971603811
10715	0.02644673485035776
10717	0.08261840468272613
10749	0.027688483829802314
10909	0.04572008291707021
10922	0.02420855724385619
10943	0.06788777971603811
11015	0.03379521723845912
11050	0.04422517534937605
11052	0.04478912892730919
11066	0.1545838339997936
11068	0.07136770630198422
11069	0.05459849102870058
11130	0.0580784176146467
11186	0.041011857102243206
11209	0.036182562185129524
11288	0.048419323679912335
11437	0.03292459470472125
11467	0.04572008291707021
11564	0.026348787498545596
11590	0.02357175590904209
11596	0.07668819046220379
11634	0.019468456036125764
11737	0.05680393131655415
11767	0.05537696765960463
11780	0.04621388339205877
11813	0.05363025986966324
11841	0.014730624966688033
11849	0.04351464262921664
11883	0.034349349169470834
11885	0.07627238735267992
11886	0.06518853895319597
11904	0.022966808264411644
12148	0.01296233819360693
12327	0.06298309866534241
12365	0.07668819046220379
12389	0.04621388339205877
12469	0.028246021767272454
12518	0.02919524831618356
12520	0.06518853895319597
12532	0.04341416542954649
12581	0.06111842547107356
12610	0.027908425013597683
12675	0.11022026233333511
12676	0.012930123975214468
12840	0.0492485662031936
13001	0.09729238268919808
13002	0.025870605401268676
