30
t_index	tf-idf
114	0.11701280759705415
731	0.2686694687203145
742	0.07983604171042603
1680	0.18398234777242475
1720	0.11237215086096551
2160	0.24959702593340422
2585	0.20883514192780014
2972	0.0985366332406861
3780	0.13344211278279658
4247	0.10164707984850546
5255	0.3163948383882085
5279	0.09936973035434894
5412	0.16623813423410666
6184	0.05838718046061762
6430	0.1134129539247407
7439	0.10311366232413184
7604	0.0977144742610416
7792	0.17494940705757112
7808	0.2027210005160868
7893	0.2776304735175252
7913	0.09918211022875326
8504	0.19715109031419403
9205	0.18398234777242475
9486	0.1148281601322951
9856	0.09350312572164725
11244	0.12791321123294033
11493	0.10553406832940891
11810	0.18962762834580982
12405	0.18617977356789273
12476	0.43824813943799623
