76
t_index	tf-idf
114	0.20460643325915093
200	0.08162367492349296
376	0.06929828827289526
499	0.11414315939215199
638	0.07722089244807136
643	0.07613129371228584
732	0.19004037815713068
742	0.13959982736377238
1020	0.13010095923793633
1202	0.1198964341162144
1279	0.05318780240201867
1334	0.1351432873111094
1806	0.09371782834535589
2160	0.14548024920539074
2204	0.0786302894454961
2218	0.09595772413234446
2727	0.08627526853470731
2972	0.05743311205775346
2986	0.08699095513266196
3314	0.08321776438587718
3768	0.0932858842858591
3858	0.05824603757809903
4276	0.08019616376768086
4374	0.2676318204583926
4858	0.18000575470819186
4915	0.08454514146779026
5054	0.06133228475010498
5114	0.19004037815713068
5310	0.050832220790626284
5412	0.09689364328511568
5417	0.09689364328511568
5528	0.1966949047712252
5688	0.07042837380933047
5748	0.1325351175148619
5802	0.049904795470255496
5923	0.14261804725357136
6184	0.03403158163461904
6412	0.1198964341162144
6439	0.10661211748473166
6449	0.0813130445630721
6493	0.1647413052354711
6849	0.04215489909545346
7129	0.2301384600409711
7362	0.05233895374718107
7604	0.05695390805763431
8430	0.2050399307394618
8856	0.08735413073650064
8927	0.09243703563102149
8938	0.08809150626074065
9045	0.059756550252675435
9322	0.08009630365875856
9337	0.07183234870958369
9391	0.043888107664085636
9486	0.06692879968970455
9523	0.1542412412759924
9615	0.11491158455420085
9620	0.10787082315025699
9847	0.10917449198382545
9856	0.054499279310714396
10158	0.07979835223237396
10207	0.0615116406247467
10329	0.06335540872221818
10751	0.10917449198382545
11017	0.09504520542726895
11119	0.12172175680733337
11492	0.08663135767176453
11495	0.13795227657981976
11594	0.08592261992619513
11699	0.05016737823620823
11713	0.1752413691949498
11857	0.1409956091706993
11870	0.20394220036789729
12291	0.055859642248504024
12485	0.0713583310465309
12869	0.054797230737098995
12964	0.07834402251101372
