35
t_index	tf-idf
66	0.1377402275602931
348	0.08839696409989382
763	0.14813220878636255
1181	0.12466704264428176
1258	0.07388499706868108
2178	0.16783986086730204
2237	0.1409263812931456
2670	0.2856902113940028
3205	0.23429424982391642
3845	0.16579404777014325
3848	0.09341459855996789
4135	0.07524503577884661
4332	0.06470720796796646
5417	0.1113140067393615
5593	0.17719645983753354
6184	0.03909639042346794
6292	0.12542257391121078
7362	0.06012838874270933
7808	0.13574314294143494
7844	0.23532496193987554
7913	0.03320645451566435
8893	0.09911533406637726
8899	0.19290767498378428
9267	0.1311307118098821
9621	0.18590295507444038
9806	0.09000370668402057
9807	0.16395671529554967
9856	0.06261022848147066
9923	0.1431934658845726
10054	0.2934534640422175
10481	0.08363373778279459
11114	0.4973821433104298
11122	0.1197282997424918
11148	0.14813220878636255
11191	0.15848326189707054
