21
t_index	tf-idf
496	0.4030518032052935
744	0.19974776818134485
2008	0.18736753594584532
2498	0.08584876963811085
2509	0.15344459687824794
3533	0.22802960047097207
3839	0.1548389221671636
4458	0.29678100477344654
6670	0.17415420555332323
6946	0.2944446461457467
7015	0.2105567890996459
7202	0.36807204424685513
8015	0.1553086726566133
8797	0.14060092212438424
9125	0.18942900179581296
9781	0.1507208047550713
10556	0.18942900179581296
10953	0.18338465662187967
11659	0.14523677640606225
11721	0.20624023840592529
13002	0.18736753594584532
