100
t_index	tf-idf
6	0.14925559706363717
178	0.07614545988105093
230	0.044745393293623335
232	0.08894430287861645
286	0.16811573664100984
287	0.06897516631592977
413	0.224194458819987
710	0.05372046965046769
742	0.12250315522035045
745	0.06675620691548126
858	0.16681348929336642
949	0.045317364320265736
1019	0.047592405415166635
1140	0.18251178859013528
1233	0.09079303393489009
1283	0.07099498137820877
1604	0.11533478079941424
1790	0.09279599761225286
1921	0.06640551969145508
2160	0.09574755509974321
2240	0.11280384755674801
2252	0.07890961484123983
2275	0.05631993831255653
2408	0.08894430287861645
2418	0.06377037089178088
2420	0.08894430287861645
2509	0.04207357021474475
2976	0.06029129281149801
2977	0.08562570404713171
3128	0.16811573664100984
3294	0.07414249620368815
3350	0.06936577082807083
3359	0.09386380221517457
3496	0.04271418546460817
3581	0.10785333064354467
3780	0.051189536407801474
3858	0.0383345211656683
4073	0.10472122985521226
4086	0.07950277209434413
4186	0.06571914019034666
4276	0.10556191168319122
4858	0.11847045225266783
5064	0.07229376514741451
5592	0.16811573664100984
5630	0.06315439744426256
5715	0.059757456437467674
5744	0.3420976003553124
5765	0.038771290438380124
5802	0.03284474820553611
5841	0.06711208969445644
5971	0.09738545929900656
6009	0.10056590305111313
6313	0.18251178859013528
6430	0.04350617966830693
6432	0.031101480551688397
6585	0.04620169663194024
6598	0.07414249620368815
6849	0.0277441683383952
7589	0.028666826589063787
7617	0.06747332429437676
7677	0.02767464108808357
7913	0.05707065936697179
7996	0.02753618740097454
8009	0.04605202855765724
8043	0.054134646259193
8058	0.06168021420321252
8160	0.09079303393489009
8336	0.10842418325780816
8398	0.10426336516366042
8399	0.01966155063685944
8551	0.10731344445018004
8794	0.016672485332740544
8936	0.07614545988105093
9012	0.10306390736715217
9093	0.09177364552660622
9205	0.07057720305297428
9215	0.0574919584724862
9441	0.024130903832321988
9486	0.04404906488029446
9787	0.0389926896850106
9795	0.12137176758641423
10001	0.07229376514741451
10714	0.17770567837900175
11082	0.11280384755674801
11167	0.051375032682553494
11386	0.06711208969445644
11441	0.05564322741621255
11493	0.08096754345916118
11513	0.16811573664100984
11594	0.056549812298457465
11699	0.06603513312792726
11721	0.056549812298457465
11786	0.07414249620368815
11925	0.20011456475577033
12066	0.12137176758641423
12291	0.07352783904692951
12365	0.07614545988105093
12568	0.057733384104780905
12723	0.22560769511349602
12963	0.03646175644234438
