127
t_index	tf-idf
114	0.08698962922496846
200	0.05205417863313772
412	0.0499626333468735
413	0.027155054869930854
445	0.11175734913356669
446	0.07823070156621904
478	0.029223858044538885
493	0.04419386262759065
554	0.040403887304669615
705	0.07279295393547233
742	0.05935168815959527
778	0.033919660808384385
960	0.07535339521010259
1190	0.1074055294931463
1279	0.10175898242515316
1669	0.044914556402276255
1671	0.08533893262653924
1806	0.05976702938665151
2078	0.03419512614676377
2160	0.06185178411230114
2204	0.05014519545472118
2218	0.12239097340070255
2246	0.13063300639435113
2275	0.05457301748484605
2302	0.05205417863313772
2315	0.053070783407548186
2347	0.09884676829278997
2357	0.09562327452407118
2488	0.09436477617571455
2531	0.08223078256586455
2727	0.055020657231336964
2760	0.13677610635389417
2794	0.038438942875350525
2818	0.04295030909478978
2823	0.07279295393547233
2848	0.051271699930258124
2849	0.09161983737858631
2911	0.056902615054918046
2948	0.060902696054563554
2976	0.05842118928692587
2998	0.05641766940132739
3117	0.10506110315446339
3272	0.03877386303386734
3350	0.06721419691978171
3522	0.08892702854496787
3609	0.07184275876225363
3771	0.057649520294651764
3780	0.049601749382621164
3788	0.11449893178485561
3848	0.05185607914441243
3923	0.0524555083928463
4276	0.02557190323988774
4332	0.0359201040236422
4374	0.08533893262653924
4858	0.11479575894317029
5077	0.11898312809654427
5100	0.11175734913356669
5186	0.1644615651317291
5310	0.03241742673108653
5315	0.030686337117418763
5675	0.04433622728807763
5715	0.05790391134510133
5744	0.16574324195905607
5802	0.031825976231697396
6161	0.06401084611523826
6962	0.07590110399614704
7135	0.050514672250952644
7183	0.031659714457453615
7277	0.06962426665100364
7562	0.04447946804429569
7597	0.07279295393547233
7677	0.026816234485294254
7912	0.02563576212611027
7913	0.03686696854698155
8334	0.16290115561334217
8398	0.10102934450190529
8399	0.038103385011886384
8430	0.06538044992241689
8791	0.07948919991457565
8792	0.1031979851129132
8810	0.06838805317694709
8930	0.049601749382621164
9045	0.038108773517835696
9068	0.0748182785528091
9293	0.17237089178735793
9322	0.0510801223102862
9337	0.045809918689293155
9391	0.027988930887491218
9442	0.08533893262653924
9449	0.05146486742417135
9471	0.23906811754660603
9615	0.0732830046553031
9620	0.13758574587165365
9659	0.05790391134510133
9847	0.06962426665100364
9856	0.034756033997198434
9941	0.16290115561334217
10027	0.13063300639435113
10158	0.10178021721338791
10421	0.04907070240790268
10481	0.04642655208568423
10550	0.0837330166431624
10714	0.057397879471585145
10769	0.0627173717281016
10796	0.041515445685156235
10856	0.14676708100384667
11066	0.05949156404827213
11084	0.09986709125265793
11167	0.04978149197021486
11202	0.13063300639435113
11214	0.21012220630892678
11259	0.2746585047469089
11492	0.05524774731968536
11493	0.07845610803726145
11594	0.10959152256885325
11699	0.03199343414409474
11713	0.11175734913356669
12291	0.03562358346046353
12391	0.06432421106041426
12490	0.09695372516906864
12509	0.13677610635389417
12610	0.16110829423971945
12675	0.04241825051402023
12676	0.024880780826816523
12963	0.03533079281467582
12964	0.099925266693747
13026	0.12119517776395891
