94
t_index	tf-idf
99	0.05476659991082355
105	0.12530995558519006
200	0.09976846014798592
446	0.14993909877178743
554	0.03871959683380237
742	0.22751013234110215
778	0.03250567405399582
834	0.12518739354547764
1140	0.05649280502376128
1252	0.04988423007399296
1279	0.1625283702699791
1288	0.1561104014954555
1671	0.08178146425887924
1715	0.11270447220885711
2008	0.0477062834161781
2078	0.03276965624866212
2160	0.20745693209599034
2316	0.0743901340791015
2340	0.10709859348523837
2456	0.08343453410922112
2709	0.04375495251110519
2849	0.0439002705176267
2878	0.09570399702160749
2977	0.07951107554953331
3107	0.05950804541090477
3183	0.12518739354547764
3403	0.030339936611105046
3433	0.03930509593583462
3503	0.07951107554953331
3858	0.03559700959516652
4194	0.1561104014954555
4445	0.07382538910174925
4791	0.09570399702160749
4815	0.06441228257611163
5077	0.11402315611820876
5117	0.02793424214087364
5186	0.07880288162051083
5310	0.12426425051155231
5315	0.029407135816738098
5541	0.13160449749034694
5639	0.07680397174011766
5675	0.0424880119276986
5715	0.05549010879761168
5744	0.10588934109549263
5802	0.060998535078632406
5810	0.04636415023016233
5841	0.06231953936455524
5852	0.060714081560271575
5856	0.12829020313251865
5981	0.08928689307673819
5984	0.1368123490454705
6313	0.05649280502376128
6598	0.06884789658298769
7135	0.048408900089237185
7167	0.19448593646773632
7562	0.042625281500032336
7589	0.02661969603699596
7614	0.12599107523094127
7677	0.05139672725259283
7913	0.05299517894873274
7994	0.09724296823386816
7996	0.05113959414756685
8058	0.05727556025377068
8398	0.24204450044618592
8526	0.14064889752046658
8707	0.13769579316597538
8794	0.015481884273445877
8810	0.0655372050538809
9441	0.0672230659838136
9471	0.05727556025377068
9535	0.15490114910570976
9847	0.06672188530395308
10093	0.05781308590485413
10103	0.027863089815441923
10110	0.04702512407428425
10174	0.0663199602838903
10207	0.03759277974227145
10346	0.1561104014954555
10751	0.06672188530395308
11167	0.0477062834161781
11197	0.13160449749034694
11353	0.043467126129123644
11493	0.11277833922681435
11495	0.08430940055797662
11644	0.054065822851398715
11659	0.018489613963014094
11721	0.15753457847772984
12074	0.06672188530395308
12291	0.034138566394947945
12318	0.13160449749034694
12610	0.3602486485812148
12626	0.03673059569797553
12676	0.02384359196084569
12963	0.13543192448660707
