250
t_index	tf-idf
22	0.15008181781104024
28	0.05185767087098297
73	0.017770578521100543
81	0.018663041879993004
148	0.024688679177058224
179	0.05542154238701421
189	0.02748775648065806
227	0.05542154238701421
268	0.032544970643758046
392	0.05185767087098297
475	0.032544970643758046
493	0.016688292865868905
577	0.033221426538147816
710	0.019656470972956395
742	0.02241212456212607
835	0.15327117043425575
886	0.023923884964626822
979	0.023448656329701494
1044	0.03133068599534751
1061	0.04323658519185175
1137	0.03896917120018132
1171	0.025977263411251488
1213	0.022674229690377898
1354	0.03287669260260009
1447	0.021865421421731056
1460	0.019731918549161894
1546	0.1393091899245209
1616	0.06793251274807158
1646	0.018398673420534237
1720	0.015772942824149826
1917	0.015121564232532447
1962	0.032544970643758046
1976	0.028454619101763553
1996	0.02845387243379449
2004	0.05356842801003773
2008	0.05639480696445328
2019	0.07935747613853045
2088	0.028252550693089462
2094	0.03771137364775916
2112	0.14367016726258128
2113	0.04127524516379039
2129	0.05185767087098297
2214	0.04316065737960983
2260	0.03161889505017793
2302	0.019656470972956395
2441	0.061037525016575916
2482	0.12660396227211151
2487	0.04621674338496372
2498	0.008613062320601066
2509	0.03078967540811783
2607	0.020691735407437642
2794	0.01451514527172767
2811	0.02310837169248186
2821	0.02112480766102699
2891	0.023565076424535356
2900	0.01548785009222369
2906	0.11080036047754117
3021	0.05542154238701421
3042	0.015302799285495607
3109	0.04576519227340174
3305	0.035633613524863945
3329	0.03771137364775916
3403	0.023910405450096053
3433	0.01548785009222369
3472	0.027861837984904183
3533	0.11438912683766356
3536	0.022997809371046715
3720	0.07221768431957856
3747	0.061037525016575916
3809	0.14073106626483667
3946	0.014390468164863893
4044	0.04323658519185175
4072	0.04689731265940299
4074	0.021674335881735052
4094	0.025977263411251488
4099	0.01914572880018506
4183	0.023923884964626822
4185	0.0600327271244161
4247	0.04280260455304308
4276	0.01931270022722493
4307	0.02148731630164014
4310	0.03711463567665051
4330	0.028055023534146697
4358	0.044410271206145165
4431	0.0466675162196033
4464	0.03831779260856394
4501	0.04932906378943298
4547	0.04432014419101647
4564	0.5021992937638062
4708	0.010100862233319546
4752	0.044410271206145165
4775	0.031051627996689295
4789	0.04932906378943298
4838	0.17724680956369632
5110	0.0167420519855
5232	0.01801645717377368
5246	0.010923414497319405
5310	0.01224132671554428
5315	0.02317528047329166
5505	0.028252550693089462
5506	0.044410271206145165
5623	0.021395277883076835
5688	0.016960438092908946
5810	0.01826941243421353
5879	0.18868423694579703
5880	0.06716047015647858
6013	0.019656470972956395
6050	0.03896917120018132
6077	0.06869005858134139
6153	0.025238207397766287
6184	0.03278170443522387
6247	0.04323658519185175
6373	0.04644068497797526
6401	0.03191687574432435
6407	0.03916333102313445
6432	0.056900596146864504
6456	0.04576519227340174
6464	0.03001636356220805
6751	0.09153038454680348
6807	0.015032329063445765
6849	0.010151669245649144
6907	0.02246494388264538
6953	0.024822873976957514
7023	0.04127524516379039
7180	0.059082269854565446
7183	0.023910405450096053
7307	0.032544970643758046
7341	0.014641616355260486
7394	0.018205487871291722
7406	0.03831779260856394
7409	0.028055023534146697
7440	0.029775537849403566
7494	0.03661124110586919
7516	0.05164879429348624
7550	0.05542154238701421
7562	0.01679614193256435
7589	0.010489272495215446
7617	0.024688679177058224
7641	0.1587149522770609
7695	0.05542154238701421
7800	0.02567414410914845
7801	0.05185767087098297
7839	0.05185767087098297
7912	0.009680464226568602
7913	0.027843086420090427
8012	0.023565076424535356
8015	0.04674557185246146
8072	0.3794267406021352
8209	0.040437507888251914
8263	0.04127524516379039
8361	0.020040356815820257
8399	0.04316530014253609
8617	0.02886366202271791
8623	0.013753839683537123
8628	0.057322884989902956
8656	0.06474098606941474
8675	0.05542154238701421
8677	0.03661124110586919
8721	0.05365416823068852
8794	0.018301527860183325
8797	0.04231876040959698
8852	0.04932906378943298
8869	0.030781157774639453
8893	0.020776659630016084
8900	0.05542154238701421
8930	0.07492158151750515
8957	0.016960438092908946
8999	0.024688679177058224
9051	0.023448656329701494
9125	0.05701527714401704
9328	0.01996222662440716
9396	0.06151402098459543
9441	0.008829565597945397
9449	0.03886787571003096
9468	0.02112480766102699
9481	0.026132835413401483
9486	0.016117676759697552
9528	0.027053020128324674
9628	0.02887325006103136
9659	0.021865421421731056
9781	0.06048625693012979
9787	0.01426753485101436
9832	0.05185767087098297
9979	0.07934542735164103
10100	0.035633613524863945
10103	0.021958443193840056
10107	0.02176935938732296
10110	0.01852986374641368
10276	0.029312821086568856
10378	0.03191687574432435
10445	0.02767280728738614
10474	0.06151402098459543
10545	0.04576519227340174
10550	0.03161889505017793
10591	0.03287669260260009
10632	0.05542154238701421
10719	0.024556502420712622
10796	0.01567688078974173
10801	0.04932906378943298
10894	0.01690533077346549
10976	0.03610884215978928
11050	0.09640556098756206
11074	0.05185767087098297
11083	0.032544970643758046
11142	0.06575338520520017
11186	0.02980030461420032
11210	0.13501071020453873
11215	0.05534561457477228
11234	0.025381130687617676
11261	0.037144106594270525
11279	0.029312821086568856
11326	0.04736772376137162
11345	0.03771137364775916
11412	0.023923884964626822
11438	0.016372465285064156
11530	0.023448656329701494
11590	0.03425572778281281
11596	0.027861837984904183
11634	0.014146297223223806
11644	0.021304193247668874
11674	0.03191687574432435
11734	0.040437507888251914
11767	0.020119187735791102
11841	0.010703663334983123
11846	0.0422013207573705
11904	0.03337658573173781
12102	0.04736772376137162
12150	0.024822873976957514
12156	0.029541134927282723
12257	0.028252550693089462
12348	0.03358023507823929
12425	0.036158033575517806
12469	0.020524309608940184
12532	0.0630917712965993
12533	0.05185767087098297
12610	0.02027900284140726
12659	0.03771137364775916
12675	0.08008896997767993
12676	0.009395371494642462
12704	0.040437507888251914
12718	0.019731918549161894
12749	0.01652896061182863
12798	0.04492988776529076
12840	0.03578531620767562
12864	0.04576519227340174
12887	0.021036469342985364
12889	0.04932906378943298
12948	0.034753921092532704
12958	0.015394837704058915
12980	0.04736772376137162
