238
t_index	tf-idf
27	0.02820223019109432
65	0.02491205514878546
67	0.040403782858640366
73	0.023122735977499063
126	0.073523354300652
131	0.0384383582441148
200	0.02557662306926948
323	0.058732606016732164
478	0.01435903171391478
546	0.0635660243821625
554	0.0198522966505309
610	0.05954879052704091
744	0.026076127966057218
761	0.04005185219263486
763	0.040403782858640366
778	0.016666296576260578
784	0.04698413294325808
926	0.03905671663021224
949	0.021575856526453642
1024	0.05491154925630392
1066	0.05070593823683512
1162	0.03625328926730381
1190	0.026386649597931817
1205	0.06163397376674004
1234	0.05261650977641768
1258	0.08060997409090409
1331	0.06163397376674004
1344	0.05261650977641768
1531	0.04005185219263486
1644	0.0384383582441148
1749	0.05162137421399506
1810	0.03485110561074344
1839	0.027487194608852034
1917	0.03935177877303984
2095	0.042346891672521106
2167	0.029097188375492633
2178	0.04577914114064836
2204	0.02463865143121824
2237	0.19219179122057398
2273	0.04577914114064836
2291	0.07014637446678021
2308	0.04468909346337184
2471	0.06163397376674004
2576	0.12055351675765826
2579	0.053706557453694195
2670	0.05194893291865471
2727	0.02703419106748771
2818	0.021103471330671114
2911	0.027958883900031106
2940	0.03625328926730381
2955	0.039710428504127086
2966	0.025674794008536908
2980	0.04985837690519474
2986	0.027258450099793857
2998	0.0277206076940346
3041	0.024548950232548685
3042	0.019911708961811703
3107	0.09153282579320686
3124	0.08004086442386957
3126	0.03874335883113107
3205	0.15976225009521794
3226	0.05162137421399506
3314	0.026076127966057218
3360	0.05954879052704091
3496	0.0813458726960062
3508	0.049069316182957214
3588	0.026386649597931817
3600	0.0360073261488177
3702	0.02883426083728016
3723	0.11692381664017361
3848	0.02547928763748694
3852	0.05070593823683512
3858	0.09125642467151206
3911	0.06418603179777789
3946	0.01872460120381866
4074	0.02820223019109432
4135	0.041046901436320594
4186	0.06257851757520297
4195	0.0355307220126116
4206	0.03905671663021224
4247	0.01856464273338358
4287	0.05991429456466546
4332	0.01764920675622364
4466	0.03485110561074344
4547	0.02883426083728016
4708	0.02628609645868467
4725	0.05491154925630392
4893	0.05778579321824059
4943	0.049069316182957214
5032	0.13108187370284768
5054	0.019218354607298423
5117	0.014322433781238464
5279	0.018148711653011382
5466	0.07211344811082374
5484	0.05162137421399506
5487	0.055678250549715085
5495	0.042778521923789274
5497	0.06163397376674004
5515	0.05491154925630392
5630	0.03006817008690609
5686	0.02820223019109432
5689	0.03265647805067494
5765	0.018459233284885974
5861	0.06418603179777789
6184	0.010663731285507244
6204	0.05491154925630392
6231	0.15211781471050534
6291	0.24653589506696016
6292	0.20525771471572893
6384	0.07211344811082374
6435	0.049069316182957214
6591	0.018617714031408945
6606	0.027372250483518833
6608	0.0355307220126116
6796	0.02557662306926948
6820	0.05070593823683512
6834	0.02883426083728016
6849	0.013209157339437307
7027	0.03178301219108125
7039	0.02123645938959499
7064	0.03360221032158275
7072	0.03874335883113107
7163	0.05625861548473205
7183	0.015555880515680754
7215	0.03625328926730381
7226	0.02123645938959499
7237	0.02703419106748771
7427	0.25674412719111156
7502	0.06163397376674004
7604	0.01784639861017429
7619	0.025773814923220128
7677	0.013176055017625275
7741	0.18311656456259345
7767	0.036761677150326
7800	0.06681340790106556
7808	0.07404920937707694
7815	0.2516118899845217
7843	0.07153308317580677
7913	0.027171667568081335
7996	0.013110136424754086
8002	0.035299666796564676
8207	0.06747620684008675
8399	0.018721953581875696
8425	0.04522113563445776
8457	0.05625861548473205
8595	0.06760223394675563
8598	0.09155828228129673
8721	0.04188826485139198
8794	0.007937865691755289
8800	0.030815942518085233
8824	0.02557662306926948
8841	0.03360221032158275
8848	0.03265647805067494
8893	0.02703419106748771
8938	0.027603305699565758
9002	0.031289258787601484
9045	0.01872460120381866
9051	0.030510941931068954
9068	0.036761677150326
9092	0.06747620684008675
9203	0.12326794753348008
9266	0.07311489379997928
9267	0.035766541587903385
9279	0.07211344811082374
9338	0.040766887774877136
9368	0.030662425525827697
9391	0.04125676482956616
9441	0.02297772285521024
9461	0.051747401320663945
9473	0.040766887774877136
9486	0.020972011903981534
9499	0.023044131927866505
9526	0.043227083109610515
9615	0.0360073261488177
9621	0.05070593823683512
9765	0.05778579321824059
9781	0.01967588938651992
9806	0.024548950232548685
9807	0.1341599827064857
9856	0.017077245367640066
9923	0.07811343326042448
9949	0.02003146758698527
9954	0.031952450019043586
10050	0.027839125274857542
10051	0.05625861548473205
10057	0.16473464776891175
10058	0.053706557453694195
10063	0.023281583589383238
10100	0.046365774557160636
10217	0.04005185219263486
10226	0.04114189986991138
10236	0.06418603179777789
10329	0.0198522966505309
10359	0.048331199171686205
10367	0.0360073261488177
10400	0.042346891672521106
10467	0.040403782858640366
10493	0.040403782858640366
10681	0.025873700660331973
10705	0.035299666796564676
10708	0.06800708855820613
10741	0.14422689622164747
10855	0.031952450019043586
10922	0.02288852620503939
11095	0.08004086442386957
11122	0.29390830245607447
11124	0.06747620684008675
11165	0.02807990983577186
11221	0.0419309605921489
11237	0.027372250483518833
11238	0.05665174590851595
11381	0.05491154925630392
11634	0.0736275626285181
11636	0.06163397376674004
11659	0.009479987690034726
11699	0.01571985241688334
11735	0.03756931926446873
11782	0.035766541587903385
11841	0.013927401462646595
11920	0.06747620684008675
11963	0.06163397376674004
11998	0.04369395790094923
12156	0.0384383582441148
12219	0.07211344811082374
12417	0.028577242286128554
12504	0.06013634017381218
12568	0.027487194608852034
12610	0.026386649597931817
12636	0.05194893291865471
12662	0.030662425525827697
12666	0.0360073261488177
12675	0.04168409273349992
12676	0.012225077209680184
12718	0.025674794008536908
12869	0.01717060787959181
12904	0.042346891672521106
12907	0.03702460468853847
12958	0.02003146758698527
