63
t_index	tf-idf
323	0.09207448409776478
493	0.06808314121484016
1258	0.06318570110306115
1334	0.1327735467001249
2176	0.1811803514127688
2248	0.11867949583981252
2302	0.08019240193071223
2576	0.07559618831468438
3107	0.0956633607178849
3205	0.10018303462730441
3274	0.172168507807837
3496	0.06376253132572945
3723	0.09165011418715714
3858	0.0572246919868822
4332	0.11067389765413253
4423	0.09382404273616655
5032	0.13699710960461126
5078	0.09250393640352395
5117	0.044906255344986414
5496	0.1327735467001249
5524	0.07810872975689251
5765	0.0578766888382907
5778	0.07928453473210041
6292	0.3217803443653231
6454	0.053689697929765544
6497	0.09613831917052745
6685	0.11140227280227638
6820	0.15898232414613644
7215	0.11366779485940322
7807	0.15632489830912283
7815	0.29583697030983597
7913	0.0567956470992012
8598	0.14353494894345847
8814	0.15385089404303826
9045	0.05870871778741868
9117	0.09081615011275242
9266	0.07641429616997966
9368	0.09613831917052745
9391	0.043118528699860645
9461	0.08112385271381875
9806	0.07697025829773954
9807	0.21032118327502078
9856	0.26771816605386994
9954	0.10018303462730441
10050	0.08728620339731932
10705	0.11067782717459361
11114	0.14178539030505669
11122	0.10239042919734456
11149	0.098612323436612
11237	0.08582237407094764
11410	0.07958461044917554
11430	0.25095843002326124
11438	0.06679466108351118
11841	0.043667679385120846
11937	0.10474267158435914
12156	0.12051881382153086
12391	0.04954753991593021
12715	0.20124752381596933
12774	0.11445593293532616
12869	0.05383636005213293
12907	0.1160861608847963
12913	0.11779404742213206
12971	0.10018303462730441
