27
t_index	tf-idf
208	0.10656667935226721
1279	0.18645063113507523
2095	0.23687340024287987
2160	0.08499719565089496
2171	0.2260043429494845
2972	0.1006663135870905
3780	0.13632620812510485
3993	0.14306650225947168
5412	0.16983105268136625
5802	0.087471000792306
6184	0.059649107386872714
6442	0.11038713528734898
6454	0.0957846018481384
9856	0.0955240164566734
9989	0.1673859031396059
10063	0.13022887040926748
10103	0.07991052074220588
10922	0.1280302476664201
11416	0.27447624401184445
11437	0.17412619727397274
11594	0.15060151003165195
12291	0.0979084026962712
12360	0.44772003246614184
12571	0.22803542227448065
12679	0.44772003246614184
12887	0.15311060123305884
12963	0.1942073847970372
