113
t_index	tf-idf
27	0.048766883642734016
67	0.0698656299180129
76	0.04291871348892917
112	0.056157657665240605
208	0.03294338544140809
230	0.03683776581935622
323	0.05077978131951023
478	0.04965885492530534
557	0.03402325992583106
744	0.09018091759107165
926	0.13507260542637878
1019	0.03918163986087072
1040	0.05227920674734801
1045	0.10657656528422596
1258	0.03484739682197441
1334	0.07322562523716379
1537	0.05054573807212852
1923	0.17535993240507947
2158	0.1280448089764435
2237	0.13293409288605879
2352	0.09728157442355749
2576	0.16676750128220932
2591	0.04356190590458794
2670	0.04491466720614564
2740	0.07250640330108042
2782	0.05988731652463517
2791	0.21315313056845192
2794	0.03265882767463412
2963	0.06595334422096955
3042	0.06886207136734082
3127	0.17852584938951915
3205	0.055251708876237274
3226	0.08926292469475958
3274	0.09495224721873397
3723	0.10109147614425704
3858	0.06311970951875799
3923	0.04456770350690008
3946	0.032378306324567646
4014	0.05710710832008169
4078	0.05743399879711119
4083	0.03382248232731847
4135	0.03548885057451809
4206	0.06753630271318939
4377	0.07916062077868138
4428	0.13840549118187437
4441	0.11098954667632978
4486	0.11098954667632978
4797	0.12469751892910208
4964	0.11098954667632978
5032	0.07555495244198729
5077	0.05054573807212852
5279	0.03138248654276354
5310	0.027542774958687736
5417	0.05250055516798179
5686	0.048766883642734016
5725	0.08484994330265577
5984	0.12129608397641342
6184	0.0184395680509668
6230	0.4152164735456231
6292	0.23661909058233102
6396	0.06064804198820671
6497	0.15906305221502215
6525	0.13840549118187437
6585	0.0380367040203645
7167	0.17242875110770542
7277	0.11830954529116551
7362	0.02835917853303008
7532	0.08237466396977691
7604	0.061719462508255565
7614	0.1117020806097827
7677	0.0227838414749802
7733	0.06699444899372148
7808	0.06402240448822175
7815	0.05438544965620431
7913	0.015661616613215034
7948	0.11667886920030417
8398	0.08583742697785834
8598	0.07916062077868138
8721	0.024144191483704235
9045	0.032378306324567646
9051	0.052759074190257105
9117	0.05008580051460027
9143	0.06595334422096955
9210	0.0698656299180129
9211	0.046366799927406416
9213	0.0680934219089766
9461	0.08948084892291841
9806	0.04244968541246831
9807	0.11599373917996743
9856	0.029529722725442607
10030	0.08357360217078519
10050	0.0962780158728854
10053	0.08357360217078519
10110	0.04169187532055233
10342	0.06402240448822175
11114	0.15639145165010962
11122	0.056469103843484615
11191	0.07474763938657757
11221	0.07250640330108042
11237	0.04733169488103298
11238	0.09796136979800778
11349	0.10657656528422596
11441	0.045809680731619194
11530	0.052759074190257105
11721	0.04655604944422287
11748	0.053021017405007385
11812	0.05467000742297828
12568	0.04753045458009076
12636	0.08982933441229128
12676	0.021139424569202116
12776	0.04307756111875962
12898	0.07555495244198729
12904	0.07322562523716379
