20
t_index	tf-idf
376	0.14661557880136275
413	0.09008839351037128
742	0.09845125086355748
1279	0.11253034712250727
2004	0.23531364595817464
2160	0.10259835402869329
5304	0.42694126309538805
5802	0.1055844329663908
6439	0.2255610881860208
7183	0.10503285035256253
7717	0.13285102977004198
8435	0.22426322170894092
10103	0.0964583341243418
10922	0.1545426596238807
11594	0.1817879628281658
11648	0.3017394522539893
11650	0.45559737542656475
11780	0.29502032603653816
12948	0.3053317854350387
12963	0.1172118554489232
