71
t_index	tf-idf
22	0.10182602733036719
65	0.12989804711200878
158	0.1400201004830365
189	0.09324810571571013
268	0.11040394894502428
832	0.41735424539330346
988	0.1082732308697567
1546	0.09451712131102724
1549	0.1759193981127759
1616	0.032921556676766627
1770	0.1759193981127759
1996	0.09652550969719154
2019	0.17947225169151565
2112	0.13925130583160647
2386	0.09305584439335698
2498	0.08765558000769004
2891	0.0799409998840784
2900	0.05254021672248789
2906	0.07517473268084775
2953	0.12793019899842714
3175	0.10442047739477127
3272	0.04966949524254206
3533	0.2716336118487618
3914	0.13219708921261225
4247	0.04840047964722493
4310	0.0419686182053652
4564	0.10021388521102648
5483	0.09794818562008485
5879	0.18288087836997777
5909	0.08865173849291089
5919	0.20867712269665173
6184	0.027801758237962042
6401	0.1082732308697567
6432	0.038605353685545504
6625	0.11152926611334579
6807	0.050994929711629
7183	0.040556238496308725
7226	0.055366259142541285
7677	0.03435171857977664
8015	0.052859122071395
8072	0.21452475179832142
8076	0.09144043918498888
8082	0.09451712131102724
8113	0.05467680956201272
8399	0.02440530492047638
8402	0.07227129160375136
8481	0.13458375191424302
8623	0.046657845565164696
8656	0.14641607964350864
8794	0.06208519803594145
8797	0.04785335666576544
8824	0.06668164004486062
9045	0.048817512541629755
9364	0.08610169255568752
9442	0.10931956159217734
9459	0.16734147649811884
9549	0.12793019899842714
9628	0.09794818562008485
9782	0.09943936462873643
10164	0.06447193552369214
10815	0.09029347601506969
11084	0.12793019899842714
11186	0.05054653982002227
11210	0.08327339209608806
11296	0.1082732308697567
11931	0.11040394894502428
12191	0.12419816376886471
12409	0.09794818562008485
12469	0.06962565291580324
12470	0.1053380072003195
12869	0.04476604635715464
