65
t_index	tf-idf
319	0.1765827193832464
423	0.08588299327459575
493	0.05317181747741542
801	0.08180230988470391
835	0.12208718357807517
916	0.0842822624343286
1438	0.1765827193832464
1447	0.06966705379918553
1549	0.16522760191937833
1616	0.061841387811797065
2112	0.06539403719409197
2397	0.0521655356116873
2498	0.02744272175192072
2650	0.13151014425646984
2757	0.11504908141730119
2782	0.08480573871319652
2794	0.04624778946832608
2863	0.13151014425646984
2924	0.050564804771420134
3244	0.09066138912043678
3494	0.07471151689838303
3533	0.07289274969583875
3588	0.06461244696349913
3663	0.09723811073846382
3914	0.12416258960435671
4317	0.19599442090235092
4467	0.12416258960435671
4564	0.2823696552524627
4708	0.06436622455650098
5715	0.06966705379918553
5879	0.08588299327459575
6184	0.026112059796020777
6432	0.10877714588284863
6659	0.14581590040027378
7589	0.03342065525031341
7674	0.09723811073846382
7677	0.0322639353228531
7724	0.15092184577557438
8015	0.049646520355994775
8072	0.10074332527349728
8399	0.022922031620051717
8481	0.2528083977623385
8551	0.041703088638597896
8794	0.01943728869814976
8893	0.06619806846133514
9351	0.39198884180470184
9486	0.051353734843626694
9628	0.0919952205156245
9781	0.04817994625379945
9949	0.04905064329071106
10213	0.04345763928213844
10744	0.12383984447057639
10796	0.0499492818508819
10815	0.08480573871319652
11186	0.047474489165945565
11210	0.15642462431469073
11296	0.10169274383945205
11634	0.045072575126776517
12149	0.1081843864081955
12275	0.13872196673997286
12348	0.10699249736206472
12423	0.0659274850470431
12469	0.39236422316455183
12509	0.08228104232034751
12532	0.050255352280080975
