43
t_index	tf-idf
67	0.11199337531949317
200	0.1417893149670439
926	0.10825950479978506
1205	0.17084035870206124
1258	0.05585976388920381
1749	0.14308689750864834
2237	0.21309101162925842
2379	0.12689308210338232
2386	0.04946760615567243
2576	0.06683134247880453
2628	0.22186156681619051
3042	0.05519234431129044
3205	0.08856751705353845
3274	0.152206781398464
3742	0.22186156681619051
3802	0.17084035870206124
3858	0.050589891814380596
4332	0.048921019184182485
5310	0.044150583583207254
5725	0.13601296599319798
6292	0.18964811918565358
7600	0.0734321120909218
7677	0.0365220969527024
7767	0.10189799110827713
7815	0.5230735126053457
7913	0.025105295830469304
8598	0.12689308210338232
8961	0.11007149848122567
9213	0.10915255706689711
9374	0.06239035136283862
9441	0.031845443144694854
9526	0.11981915058793197
9806	0.06804609872081424
9807	0.18593592274109375
9856	0.047335625888608915
9923	0.21651900959957013
10050	0.07716598261062992
11122	0.2715569392898996
11221	0.11622648858234745
11394	0.22186156681619051
12423	0.07462852800323007
12904	0.11737938868960077
12907	0.1026267877799126
