206
t_index	tf-idf
77	0.06514157020749567
81	0.0197636219101243
99	0.022852944319796613
105	0.026144597641331577
112	0.026431017788749827
129	0.02097611996598144
135	0.03080577412650676
193	0.027188176520313592
521	0.07451506572592881
541	0.04468997888552473
543	0.04126722592724403
554	0.016156869186122035
556	0.022754446889181247
557	0.03202659889027075
694	0.033483495938436574
702	0.038238220149067095
834	0.0522380527345804
908	0.025866728638597538
1036	0.24504714290483257
1124	0.03104143026625856
1162	0.02950488110113978
1213	0.04802270772208239
1355	0.038238220149067095
1387	0.021911949717871106
1428	0.02012584350434458
1500	0.01739288164699239
1553	0.07546993352159446
1616	0.01027693820906824
1646	0.01948366335292328
1669	0.05388184113614298
1681	0.022560524868055893
1756	0.11737962294207607
1765	0.03773496676079723
1800	0.019145156218241893
1813	0.02767391735340024
1845	0.01888294393969417
1849	0.03178646141260945
1883	0.0915725879962455
2003	0.053755767552477574
2008	0.03981364701805753
2021	0.03379904888063617
2107	0.23224803615881653
2252	0.0305759372556748
2307	0.03104143026625856
2386	0.014524361229523795
2430	0.043709291599422044
2441	0.09695546212516555
2480	0.028012424488081625
2498	0.02736295213083899
2505	0.03080577412650676
2531	0.06576555305041493
2554	0.057833633836101316
2611	0.036803397901787695
2695	0.03379904888063617
2727	0.022001882014912717
2784	0.08253445185448806
2845	0.01894780775852305
2879	0.04702919356277317
2891	0.04990946960655646
2906	0.11733437914700882
2998	0.022560524868055893
3159	0.04057743482631552
3201	0.04468997888552473
3272	0.015505048515626486
3330	0.03259635637778922
3350	0.026877883776238787
3480	0.03933453526166511
3494	0.024831449287881953
3533	0.024226955798372595
3542	0.04282215203877469
3544	0.07360679580357539
3548	0.04201225707359492
3771	0.023053122364682144
3923	0.02097611996598144
4255	0.024471097692730565
4708	0.010696521147476315
4711	0.058689811471038036
4915	0.02156066575162398
4936	0.036370393302317054
4972	0.018818529009020188
5077	0.02378972623989684
5110	0.01772934913658308
5117	0.011656368686399651
5310	0.03888963349704677
5483	0.0305759372556748
5532	0.03259635637778922
5593	0.03933453526166511
5618	0.033483495938436574
5619	0.03481546719078638
5675	0.01772934913658308
5715	0.023154849282521525
5746	0.06514157020749567
5808	0.03481546719078638
5848	0.03933453526166511
6013	0.08326253842109237
6034	0.06306286788726087
6040	0.04201225707359492
6161	0.025596914954699533
6233	0.23262147666907695
6260	0.044003764029825435
6432	0.012051217330362947
6501	0.022852944319796613
6557	0.018137912793343276
6579	0.04201225707359492
6585	0.017902256653591478
6666	0.06514157020749567
7015	0.022370560716803753
7027	0.07760018591579261
7039	0.0172833754388263
7135	0.02020001059264771
7176	0.01962259011607473
7202	0.19552867540370839
7215	0.23603904880911825
7218	0.29806026290371523
7226	0.0172833754388263
7331	0.021389873430701062
7362	0.013347457558665232
7439	0.030653802123396176
7640	0.04802270772208239
7643	0.03128320802433959
7649	0.26225574959653225
7677	0.010723383851068205
7912	0.01025133180960624
8012	0.02495473480327823
8015	0.0660029459295513
8023	0.06208286053251712
8043	0.02097611996598144
8113	0.03413630763908239
8209	0.04282215203877469
8289	0.033178290879830936
8312	0.019145156218241893
8361	0.021222158616942596
8399	0.060947740255115575
8402	0.022560524868055893
8429	0.054915774546510206
8490	0.03556049833713728
8491	0.0351805304642637
8516	0.03933453526166511
8617	0.10698024330082491
8620	0.022852944319796613
8627	0.13028314041499134
8655	0.02910873960067964
8676	0.021305638282644965
8721	0.03409092799444315
8728	0.03104143026625856
8794	0.03876157802485787
8797	0.014938114694243422
8808	0.030351639165330055
8930	0.11900968391502241
8999	0.05228919528266315
9095	0.05066940535230362
9211	0.02182287803017171
9364	0.026877883776238787
9385	0.04578629399812275
9744	0.026431017788749827
9787	0.015108907015166338
9986	0.023154849282521525
10110	0.01962259011607473
10184	0.04736172086711318
10185	0.07600410802845543
10213	0.01444377267126325
10258	0.034125676089857886
10352	0.05637281874606626
10426	0.0305759372556748
10556	0.02012584350434458
10700	0.39460973122246384
10744	0.020579978465521294
10815	0.02818640937303313
10894	0.035804513307182956
10953	0.01948366335292328
11047	0.08115486965263104
11050	0.017015117092944124
11066	0.21410753615907155
11097	0.02818640937303313
11186	0.01577883061584301
11441	0.02156066575162398
11519	0.02081563460527309
11530	0.024831449287881953
11590	0.09068956396671637
11596	0.02950488110113978
11620	0.051193829909399066
11659	0.015430650034120082
11714	0.0611518745113496
11767	0.021305638282644965
11841	0.02266974018127702
11870	0.05200925255365696
11896	0.036803397901787695
11988	0.033178290879830936
12121	0.04201225707359492
12148	0.019948429863324485
12249	0.038238220149067095
12348	0.03556049833713728
12365	0.02950488110113978
12391	0.15433334754651262
12452	0.06463697475011036
12518	0.022465058181593014
12519	0.054915774546510206
12532	0.033406181092127764
12676	0.009949426846881335
12686	0.028916816918050658
12840	0.01894780775852305
12862	0.01907890739526879
12869	0.027948732606647018
12880	0.027031737201978934
13001	0.02495473480327823
13002	0.019906823509028764
