33
t_index	tf-idf
554	0.06168622127866808
1258	0.06261901061842931
2237	0.11943792267338356
2576	0.07491819250480179
2578	0.3830254011398803
3042	0.061870830699172936
3066	0.2240751382895067
3858	0.17013439113312237
4332	0.054840651060302406
5310	0.04949297436506067
5630	0.09342958278713391
5725	0.1524710591091173
6231	0.31511293441570065
6292	0.31889440884336123
6524	0.3098457497900455
7237	0.08400222511455582
7815	0.2931837118486621
7843	0.11113589715097728
7912	0.03913913736156204
8598	0.14224763411813582
9266	0.07572896303647947
9535	0.1233905740427672
9653	0.1524710591091173
9807	0.0694782953466935
9923	0.12135932214195876
10041	0.209666030054586
10284	0.12445146576576621
10481	0.07088126307173762
11122	0.3044163755978375
11237	0.17010532634533426
11735	0.11673759375215512
12405	0.10565780844321838
12636	0.08070938661711773
