45
t_index	tf-idf
334	0.1213159663732181
413	0.03663731212432711
664	0.21978451202572719
1563	0.18902513486118316
1839	0.07547719152644652
1996	0.05083166705741682
2049	0.1507818305654673
2175	0.17624866721623564
2221	0.16924096142681988
2509	0.0550044825284495
2599	0.16924096142681988
2760	0.09226843627531475
2849	0.12361251320969642
3483	0.1186974108279126
3848	0.06996367218765578
3927	0.10023827996656
5117	0.03932802503181791
5675	0.1196359355817089
6417	0.08547806335122997
7118	0.21978451202572719
7382	0.21978451202572719
7405	0.08256430184287775
7677	0.07236035850730518
8007	0.1327128224067441
8062	0.43956902405145437
8297	0.21978451202572719
8312	0.06459483251139729
8653	0.1783539551945051
8983	0.12271195058196065
9463	0.1241728871896662
9807	0.12279680112888117
10014	0.1417473264861057
10093	0.08139381330506479
10503	0.14747303902207412
10795	0.1241728871896662
11178	0.17624866721623564
11497	0.12731595553210254
11699	0.04316520214305455
11707	0.10240496478492042
11739	0.26753093279175766
11841	0.038243304295715846
11843	0.16278762661012958
12391	0.04339277178889186
12424	0.13690630551505034
12509	0.09226843627531475
