109
t_index	tf-idf
27	0.05577515901960509
67	0.07990600029375967
76	0.04908654994850295
112	0.06422805913524925
208	0.03767767026286997
230	0.04213171096914442
323	0.05807732966546538
478	0.05679531524879546
557	0.038912733211143455
744	0.15471118851958904
926	0.07724192611978731
1019	0.04481242250169021
1040	0.02989611855366727
1045	0.12189265404037555
1248	0.06494616668584649
1334	0.08374885961205634
1677	0.08374885961205634
1923	0.20056085984936173
2082	0.08213256589553981
2237	0.07601900732641534
2352	0.11126188261078056
2456	0.08460248876617042
2576	0.04768340320585201
2591	0.049822175368539744
2779	0.15829570608631185
2791	0.12189265404037555
2794	0.037352218778039514
2963	0.07543148109992903
3042	0.07875822062099481
3107	0.060341066167904904
3127	0.10209087494453914
3403	0.03076464887964962
3452	0.07485883056484424
3858	0.07219062553742951
3923	0.05097251586643735
3946	0.03703138378224657
4083	0.03868310191941169
4206	0.07724192611978731
4247	0.036715036136525034
4377	0.09053677172335468
4441	0.126939823769291
4487	0.05702511725189449
4791	0.09704370521562371
4797	0.14261776492780143
4964	0.126939823769291
5032	0.08641293378602871
5279	0.035892455014685916
5310	0.06300187907909884
5686	0.11155031803921019
5984	0.0693637553488393
6292	0.270623554725958
6396	0.0693637553488393
6497	0.18192195950906226
6524	0.09860421964872765
6585	0.04350294824782338
6646	0.0364030520459363
7168	0.15829570608631185
7277	0.0676558886814895
7532	0.09421270417359116
7604	0.07058914941585381
7614	0.06387737787874458
7677	0.026058101039512133
7733	0.07662220275197704
7815	0.12440233520558269
7843	0.07073499262751828
7913	0.017912343210315186
7921	0.15829570608631185
7948	0.13344675726156002
7996	0.025927734753767105
8398	0.0981730998970059
8595	0.06684799966017395
8598	0.09053677172335468
8879	0.0693637553488393
8899	0.10405894072742579
9045	0.03703138378224657
9117	0.05728361707078796
9143	0.07543148109992903
9210	0.07990600029375967
9211	0.05303015993654995
9213	0.07787910876130179
9461	0.10234011700332701
9807	0.08844211159684125
9856	0.10132029306296292
9923	0.07724192611978731
10030	0.09558394145227012
10050	0.05505705146900784
10053	0.09558394145227012
10110	0.04768340320585201
10445	0.07121118890999181
11017	0.0588999107873045
11114	0.26829963594745876
11122	0.06458426315773441
11191	0.08548960199443925
11237	0.16240115903225513
11238	0.05601968559535278
11337	0.15829570608631185
11349	0.12189265404037555
11441	0.05239297729503547
11485	0.08292627849021722
11530	0.060341066167904904
11549	0.15829570608631185
11721	0.10649321289829915
11745	0.15829570608631185
11812	0.1250532381752436
12568	0.05436104307792212
12676	0.024177365434460505
12776	0.049268225527336056
12904	0.08374885961205634
12913	0.07430032100424991
