243
t_index	tf-idf
65	0.02466046335475539
126	0.07278082733926193
323	0.08720918064093493
472	0.03588716009683685
478	0.04264205100011944
520	0.07923251583296254
554	0.01965180436275721
710	0.025318319671785945
713	0.038050161627960516
761	0.11894208174166288
778	0.01649798033617458
877	0.06353780431131693
926	0.038662275089872356
992	0.15846503166592507
1040	0.01496404890070734
1097	0.03835208195345644
1258	0.09974484743551142
1428	0.02447931803041216
1460	0.025415499163234864
1537	0.05787148989379373
1616	0.012499969938868332
1644	0.038050161627960516
1676	0.04072639964978678
1735	0.06679475122224025
1749	0.05110003970059464
1810	0.0344991373715849
1839	0.027209595969832006
1998	0.030658760422352948
2051	0.07138516007213974
2204	0.02438982079564685
2237	0.19025080813980258
2270	0.05316416426050906
2308	0.04423776943045377
2576	0.16707043197950222
2577	0.06353780431131693
2727	0.02676116740122658
2781	0.021495187723969432
2782	0.03428348625631123
2794	0.037392173659007565
2840	0.06353780431131693
2849	0.02228121153708296
2940	0.03588716009683685
2948	0.029622096978040642
3041	0.024301025507202895
3042	0.07884246662921367
3047	0.02906972688031164
3107	0.06040561173427541
3149	0.07923251583296254
3153	0.07138516007213974
3205	0.31629755878558785
3226	0.05110003970059464
3272	0.01885898663621509
3294	0.0349431684488784
3341	0.04373451585765965
3360	0.058947395461417446
3384	0.038050161627960516
3403	0.015398778587988195
3432	0.020441279278241686
3479	0.04784309278967131
3508	0.048573755410609584
3600	0.035643681008747895
3666	0.0642967625360514
3702	0.028543057908808157
3723	0.028935744946896866
3737	0.03517189019239654
3780	0.024125497320777047
3801	0.04191922200079568
3848	0.025221967249865848
3849	0.05569044855049412
3858	0.0722678463276454
4083	0.0193622402090092
4101	0.07923251583296254
4111	0.0399957370288485
4135	0.02031618031212471
4186	0.12389304938845605
4278	0.07923251583296254
4287	0.019769736067051402
4289	0.04476443840195725
4332	0.03494192782192628
4362	0.054356986611517964
4422	0.07350861887330905
4506	0.11789479092283489
4547	0.028543057908808157
4618	0.052085125191276574
4708	0.0650515698712398
4796	0.04650963085069516
5032	0.08650536787954367
5054	0.019024264626159634
5064	0.034071866239972874
5112	0.0423464931324077
5232	0.02320591639802561
5263	0.05019384889323051
5279	0.03593084841713102
5287	0.061011520021331866
5288	0.06679475122224025
5310	0.07883658857618153
5447	0.07923251583296254
5466	0.07138516007213974
5487	0.02755797241812622
5515	0.054356986611517964
5630	0.0595290113275821
5675	0.06469329485140964
5686	0.05583482053135744
5712	0.02466046335475539
5725	0.048573755410609584
5808	0.0423464931324077
5856	0.02170420303737666
5914	0.054356986611517964
5960	0.07923251583296254
6034	0.03835208195345644
6153	0.03250781911557819
6204	0.054356986611517964
6231	0.20077539557292204
6292	0.20318477627787546
6384	0.07138516007213974
6497	0.030352759598978922
6501	0.027796325247925083
6526	0.02395264905890868
6584	0.06679475122224025
6585	0.02177474121721784
6591	0.018429690038770614
6625	0.0423464931324077
6849	0.013075755435306707
6884	0.07923251583296254
6984	0.03775608428250823
7019	0.030504726192633634
7064	0.033262854924057665
7095	0.036390413669630965
7097	0.0399957370288485
7140	0.04589751738878332
7183	0.03079755717597639
7226	0.02102198816733875
7237	0.02676116740122658
7331	0.026016773618823104
7416	0.0321483812680257
7439	0.018642303634576918
7449	0.04784309278967131
7589	0.01351060190426409
7600	0.02622451047915007
7604	0.05299849285561855
7607	0.05569044855049412
7668	0.054356986611517964
7682	0.033262854924057665
7741	0.13595042549905875
7800	0.1322772920427546
7808	0.03665068585040127
7815	0.09340155432067818
7843	0.03540532817894903
7913	0.04482875916554888
7927	0.03665068585040127
7996	0.02595546910502516
8002	0.0349431684488784
8009	0.04340840607475332
8351	0.03588716009683685
8413	0.04150749149103392
8420	0.054356986611517964
8425	0.04476443840195725
8551	0.016858850449051298
8590	0.058947395461417446
8598	0.09063361699937252
8654	0.1906134129339508
8656	0.027796325247925083
8694	0.05019384889323051
8794	0.007857699609180773
8801	0.07923251583296254
8810	0.06652570984811533
8813	0.04191922200079568
8824	0.025318319671785945
8927	0.028672446074158184
9005	0.05569044855049412
9045	0.018535497736391727
9051	0.06040561173427541
9117	0.028672446074158184
9266	0.07237649196233113
9368	0.030352759598978922
9391	0.013613368188464895
9406	0.02976450566379105
9461	0.051224794034476454
9486	0.02076021138941821
9535	0.03930938499770473
9536	0.05569044855049412
9546	0.04650963085069516
9615	0.035643681008747895
9621	0.05019384889323051
9653	0.048573755410609584
9781	0.019477178670750925
9807	0.022134179064770335
9856	0.016904778874069954
9923	0.11598682526961707
9949	0.019829165816329847
9954	0.09488926763567636
10050	0.05511594483625244
10058	0.10632832852101812
10093	0.05868508696958447
10113	0.07138516007213974
10236	0.06353780431131693
10342	0.03665068585040127
10356	0.04650963085069516
10467	0.0399957370288485
10478	0.029622096978040642
10564	0.07610032325592103
10625	0.07138516007213974
10668	0.058947395461417446
10796	0.02019244857519124
10839	0.05720220301267954
10904	0.0533035632215242
10963	0.05019384889323051
11017	0.029481457390073393
11019	0.07138516007213974
11023	0.07923251583296254
11091	0.030814919329049544
11122	0.22628671653864474
11124	0.06679475122224025
11162	0.06353780431131693
11237	0.08128743806416677
11238	0.056079608672028096
11248	0.038662275089872356
11501	0.07138516007213974
11634	0.018220995811630666
11659	0.009384247411038311
11699	0.015561094504385526
11725	0.07923251583296254
11744	0.04935484725185673
11782	0.03540532817894903
11841	0.02757349173685556
11894	0.0423464931324077
11998	0.04325268393977184
12159	0.04935484725185673
12332	0.04476443840195725
12391	0.01564313356801525
12398	0.07923251583296254
12405	0.033660135730211115
12504	0.02976450566379105
12552	0.06353780431131693
12636	0.025712145162411205
12646	0.033459752778061035
12666	0.07128736201749579
12675	0.02063155839996637
12678	0.05316416426050906
12792	0.04325268393977184
12821	0.061011520021331866
12877	0.061011520021331866
12897	0.04935484725185673
