134
t_index	tf-idf
34	0.1488001947701997
65	0.023007238060649228
111	0.028459704401843974
208	0.03518937895693135
218	0.031985138255557016
336	0.20636045598922131
435	0.11384267565290218
567	0.05965881757730068
684	0.09421073052336577
886	0.028749102343465543
1363	0.05499559115844997
1441	0.030852371914767945
1636	0.02065031462281949
1646	0.022109508799804944
1660	0.030852371914767945
1710	0.35601777826754655
1764	0.043391648149567925
1845	0.021427829440414357
1972	0.050712921052619105
1996	0.017096372346643886
2078	0.031033927452818025
2155	0.0739208070703832
2198	0.04399537612850848
2202	0.03992186858251898
2291	0.1619571655981321
2545	0.026995906884576367
2670	0.04797683127778625
2781	0.04010832189236576
2794	0.03488542078882028
2799	0.05692133782645109
2900	0.07444640166761252
2992	0.12463372812300233
3042	0.018389226643194027
3085	0.025174223758928218
3189	0.04463571545817846
3533	0.027492062591824518
3649	0.04282057047208307
3695	0.06659953416733203
3717	0.13301658489202203
3767	0.05692133782645109
3768	0.026995906884576367
3848	0.02353109901171676
3852	0.04682887803258245
3888	0.041763452541393443
4006	0.062316864061501165
4025	0.04682887803258245
4326	0.0739208070703832
4332	0.06519887644706866
4389	0.023988415638893125
4595	0.023620992014818355
4706	0.061000521011540194
4972	0.021354733203285955
5087	0.07744969948834624
5110	0.04023752552584369
5600	0.013924755765008612
5618	0.07599224382903572
5623	0.025710499546245217
5675	0.020118762762921846
5938	0.06520119135893558
6009	0.022109508799804944
6066	0.03067484901146667
6104	0.046046122647224304
6358	0.0739208070703832
6430	0.11477849645322866
6585	0.040629946622390306
6801	0.03303177244929641
6834	0.026629545391741886
6890	0.19960934291259488
6943	0.12463372812300233
7047	0.029509312652793
7125	0.08678329629913585
7236	0.05499559115844997
7341	0.03518937895693135
7362	0.030292632858907934
7562	0.02018376213180382
7682	0.03103292954416688
7733	0.03578097730489516
7825	0.03549929756903189
7996	0.024215427264467286
8012	0.028317925573636934
8312	0.043450761000481994
8402	0.2560104401637904
8403	0.2383715912769939
8551	0.01572864143428232
8553	0.022922399338586863
8585	0.04227879202034872
8630	0.38991120547698904
8760	0.03159389485696334
8766	0.04399537612850848
8798	0.02335357610841548
9045	0.03458577422970886
9051	0.028178024665980697
9076	0.10069689503571287
9374	0.041574980221488755
9391	0.025401469405795577
9422	0.034957519117297525
9449	0.09341430443366192
9463	0.08352690508278689
9654	0.21997688064254242
9689	0.03303177244929641
9726	0.0369894210920134
9740	0.04463571545817846
10158	0.04618552748680641
10219	0.02250813588559915
10481	0.02106730419896345
10766	0.062316864061501165
10789	0.040802575496229766
10847	0.1707640134793533
10887	0.03731444255512727
10915	0.04682887803258245
11037	0.05499559115844997
11210	0.01474918829549797
11236	0.07901521025906252
11437	0.028749102343465543
11474	0.024177034296013117
11568	0.06659953416733203
11610	0.0739208070703832
11620	0.029046653403292187
11634	0.03399893848786423
11659	0.026265396286338092
11784	0.06742690361737398
11904	0.04010832189236576
11968	0.0533673955502755
12051	0.15587096508368894
12475	0.061000521011540194
12532	0.018954193609423547
12534	0.0739208070703832
12535	0.17897645273190205
12675	0.0384968578117718
12676	0.03387098254155582
12774	0.06742690361737398
12790	0.0752995677335032
12839	0.024663865352505827
12925	0.0739208070703832
