60
t_index	tf-idf
434	0.1123263856751021
496	0.14365458057871655
557	0.05371948176236824
988	0.1133849645508442
1040	0.041271940130625816
1636	0.06104768296758046
1644	0.10494512568691153
2022	0.15776785506011132
2363	0.1464175078172698
2386	0.048724571775648554
2398	0.10841815573860505
2509	0.10938057605159696
2518	0.21852906733700378
2695	0.1133849645508442
2752	0.11561627686591375
2818	0.057617092727067824
2874	0.10841815573860505
2955	0.10841815573860505
3209	0.1093503170883532
3219	0.13006173624903036
3533	0.12191049520688353
4276	0.06860852698072671
4547	0.07872383904744067
6432	0.04042796750356375
6834	0.07872383904744067
6955	0.14663064916546542
7015	0.07504605359798984
7202	0.1311871940989702
7334	0.14093764282578986
7362	0.04477643757011748
7367	0.21852906733700378
7848	0.21852906733700378
8015	0.2767733831395243
8312	0.06422585637814766
8340	0.23603878402955536
8721	0.03812137510936337
8794	0.021672109599910568
8797	0.05011258189675291
8930	0.13307976840380648
8936	0.0989794094367616
9441	0.031367104673471084
9442	0.11448069403926071
9459	0.17524190631615322
9781	0.10743896352473647
10213	0.09690844603913662
10554	0.21852906733700378
11330	0.1339699661855274
11331	0.19688548682657853
11659	0.02588243996590026
11812	0.08631872645682355
11841	0.03802485235469978
11852	0.13843830237344157
11887	0.10841815573860505
12515	0.15776785506011132
12519	0.18422480384664044
12532	0.0560335095861238
12798	0.0798068985879173
12845	0.2639094905906052
13002	0.06678100575736241
13037	0.12498706865504015
