356
t_index	tf-idf
15	0.025139026121064903
73	0.046070534411019645
76	0.06593680676213434
114	0.042580339411251125
175	0.03258913106032653
178	0.024077433459536158
188	0.021451244414617238
200	0.01698658114935159
202	0.019594445165897062
310	0.024415076627162906
412	0.01630405758130025
413	0.0620296177353706
458	0.08525763818272175
477	0.03736386678934875
478	0.009536476210089961
493	0.01442156333149722
499	0.02375416252056188
583	0.10966837248677072
587	0.024415076627162906
656	0.025528635652687554
719	0.038378133935932875
724	0.047893771393373
742	0.0774717645151481
803	0.047893771393373
847	0.05066266623225267
949	0.01432949286388494
1040	0.010039688031034343
1054	0.027075116426393767
1135	0.03646921976183563
1136	0.04093388302710128
1140	0.01923693350518231
1190	0.035049112108416935
1252	0.16986581149351593
1254	0.05315872369538512
1279	0.07748183915427576
1283	0.044897671975849866
1306	0.05315872369538512
1437	0.03494498123118715
1439	0.05315872369538512
1500	0.02838689294083408
1531	0.026600229264412408
1573	0.09766030650865162
1574	0.095787542786746
1591	0.042628819091360876
1616	0.025159460400643315
1623	0.05315872369538512
1666	0.02870904235881743
1715	0.07675626787186575
1720	0.02726108604287341
1751	0.03258913106032653
1765	0.030793587954699674
1826	0.05315872369538512
1839	0.018255477297637664
1843	0.039549019426598254
1862	0.013184799539092386
1919	0.024077433459536158
1995	0.025528635652687554
2082	0.027581685471957062
2100	0.042628819091360876
2114	0.03646921976183563
2160	0.13119460252159412
2173	0.026373474497943004
2251	0.03576245635372942
2270	0.03566893072508915
2274	0.038378133935932875
2275	0.01780854130087428
2294	0.03566893072508915
2302	0.01698658114935159
2366	0.02732417875831441
2379	0.030403978423077026
2386	0.011852592791252312
2477	0.038378133935932875
2498	0.01488634274734287
2535	0.030793587954699674
2602	0.047893771393373
2639	0.03646921976183563
2645	0.03646921976183563
2760	0.022316733169944935
2763	0.030033381969158127
2788	0.018332591874468493
2798	0.021451244414617238
2835	0.024768429667146003
2948	0.03974814763810555
2955	0.026373474497943004
2972	0.04780927688165323
2998	0.01841049738383262
3042	0.013224257916537628
3047	0.019503477365133876
3083	0.06109287117612807
3134	0.02036429039204269
3318	0.03209891448733663
3339	0.029019114822574008
3347	0.03367608508290108
3359	0.029680028929175033
3406	0.047893771393373
3568	0.026373474497943004
3628	0.024077433459536158
3667	0.042628819091360876
3672	0.024415076627162906
3703	0.03428406712458613
3777	0.03566893072508915
3793	0.02391407833401406
3829	0.030403978423077026
3848	0.016921936328719748
3858	0.03636448781101591
3941	0.02732417875831441
3969	0.038378133935932875
3993	0.03397316229870318
4008	0.015732681492761413
4014	0.021933674497354144
4052	0.07293843952367127
4086	0.025139026121064903
4107	0.047893771393373
4124	0.24968251507562406
4127	0.1637355321084051
4135	0.02726108604287341
4171	0.03494498123118715
4210	0.025731200205792174
4242	0.039549019426598254
4255	0.01996961873389037
4276	0.02503425590032424
4284	0.047893771393373
4312	0.047893771393373
4318	0.03494498123118715
4332	0.04688651538935787
4352	0.038378133935932875
4414	0.027848229331908624
4422	0.012329610889024512
4449	0.025139026121064903
4485	0.05315872369538512
4681	0.05315872369538512
4703	0.05315872369538512
4788	0.03736386678934875
4840	0.03120426745982351
4898	0.05315872369538512
4915	0.01759456319103664
4920	0.05315872369538512
4923	0.04481397172861038
4936	0.029680028929175033
4972	0.015356844803673214
5030	0.047893771393373
5091	0.022583277029896497
5117	0.019024339767006668
5170	0.025731200205792174
5238	0.029680028929175033
5246	0.00943971412986612
5282	0.03428406712458613
5292	0.05315872369538512
5310	0.010578617591906628
5312	0.4784285132584661
5315	0.04005487892106028
5417	0.0403287829434698
5421	0.038378133935932875
5485	0.054150232852787535
5487	0.018489210218549754
5488	0.03566893072508915
5534	0.039549019426598254
5593	0.03209891448733663
5612	0.024768429667146003
5683	0.047893771393373
5686	0.018730364459619026
5718	0.03566893072508915
5721	0.028411132780888953
5744	0.018028722531168256
5802	0.04154244997137711
5841	0.021221053447873606
5845	0.02934238576154828
5852	0.020674362855799256
5868	0.047893771393373
5984	0.023293674833180383
6184	0.014164523310646882
6313	0.01923693350518231
6325	0.047893771393373
6369	0.027075116426393767
6460	0.02133527696240028
6530	0.042628819091360876
6532	0.024244379093551788
6563	0.019594445165897062
6582	0.05315872369538512
6585	0.014609121517040653
6646	0.03667452200485154
6686	0.025939315157811383
6777	0.04481397172861038
6796	0.01698658114935159
6807	0.012990524995625538
6891	0.047893771393373
6908	0.026600229264412408
7015	0.018255477297637664
7154	0.04481397172861038
7176	0.016012998195247423
7237	0.01795461735238655
7301	0.028411132780888953
7308	0.031638426799955134
7319	0.029019114822574008
7322	0.04481397172861038
7362	0.021784363076815135
7422	0.09238076386409903
7516	0.022316733169944935
7517	0.047893771393373
7562	0.029029527052548035
7581	0.05315872369538512
7604	0.023705185582504625
7639	0.021688630002383382
7643	0.025528635652687554
7850	0.030033381969158127
7892	0.021221053447873606
7913	0.03609184331007161
7996	0.008707028901158065
8005	0.038378133935932875
8047	0.024077433459536158
8058	0.019503477365133876
8078	0.13444191518583115
8113	0.013928452599365182
8150	0.03736386678934875
8179	0.028124467795060892
8193	0.026833962185324498
8325	0.04093388302710128
8389	0.038378133935932875
8391	0.024589698583789052
8399	0.006217044035321286
8404	0.04481397172861038
8551	0.011310949342215635
8565	0.032256174144830986
8573	0.03736386678934875
8646	0.03646921976183563
8674	0.02870904235881743
8707	0.023444090056805308
8714	0.05741808471763486
8721	0.03709316423707872
8783	0.01630405758130025
8794	0.005271892202519227
8817	0.027075116426393767
8820	0.03367608508290108
8829	0.030793587954699674
8899	0.03494498123118715
8945	0.05315872369538512
8983	0.029680028929175033
8995	0.06080795684615405
9025	0.038378133935932875
9045	0.024871692949963536
9050	0.05315872369538512
9165	0.05315872369538512
9315	0.025939315157811383
9358	0.03120426745982351
9368	0.02036429039204269
9391	0.00913348857456181
9394	0.025331333116126335
9442	0.027848229331908624
9476	0.05315872369538512
9486	0.013928452599365182
9569	0.05315872369538512
9827	0.05315872369538512
9847	0.045440281125806614
9856	0.034025291000203794
9873	0.10211454261075022
9944	0.04093388302710128
9950	0.019064296060801712
9961	0.05315872369538512
10050	0.018489210218549754
10068	0.04072858078408538
10103	0.009487941089190618
10146	0.05315872369538512
10161	0.0208883409656369
10167	0.023001495712390272
10198	0.025528635652687554
10213	0.011786828565920685
10217	0.026600229264412408
10271	0.028124467795060892
10275	0.04481397172861038
10329	0.013184799539092386
10356	0.06240853491964702
10403	0.042628819091360876
10449	0.030793587954699674
10451	0.024077433459536158
10472	0.3189523421723108
10478	0.019874073819052776
10506	0.03566893072508915
10512	0.04093388302710128
10523	0.05315872369538512
10604	0.05315872369538512
10609	0.04481397172861038
10632	0.047893771393373
10678	0.023444090056805308
10681	0.017183883685912806
10695	0.029680028929175033
10698	0.042628819091360876
10714	0.018730364459619026
10725	0.027581685471957062
10739	0.03646921976183563
10748	0.05315872369538512
10749	0.01738644823901743
10750	0.030033381969158127
10758	0.024415076627162906
10769	0.020466247903780047
10796	0.01354752885551191
10833	0.029680028929175033
10904	0.01788122817686471
10923	0.05315872369538512
10936	0.05569645866381725
10953	0.015899627126777043
10970	0.05315872369538512
11091	0.020674362855799256
11130	0.03646921976183563
11161	0.03209891448733663
11164	0.05315872369538512
11165	0.03729825206400387
11167	0.01624494661701431
11229	0.023146180478876833
11244	0.03103129227948878
11321	0.03120426745982351
11328	0.042628819091360876
11353	0.029602857024204173
11407	0.07293843952367127
11419	0.049536859334292006
11424	0.04481397172861038
11437	0.020674362855799256
11468	0.025331333116126335
11493	0.03840328713751442
11494	0.047893771393373
11659	0.012592169009607135
11682	0.038378133935932875
11699	0.010440258200311605
11715	0.02391407833401406
11773	0.03367608508290108
11778	0.0698899624623743
11785	0.03367608508290108
11874	0.05315872369538512
11912	0.05315872369538512
12039	0.05315872369538512
12068	0.03311318163392075
12102	0.04093388302710128
12148	0.0406972486187942
12365	0.024077433459536158
12391	0.010495299894619463
12409	0.02495146793552147
12452	0.026373474497943004
12485	0.014850275758109923
12486	0.07909803885319651
12598	0.03646921976183563
12626	0.03752251424321184
12631	0.018255477297637664
12636	0.017250806767082617
12676	0.008119221427977686
12688	0.10631744739077024
12749	0.014283872783347053
12762	0.022859515493048765
12768	0.04244210689574721
12822	0.03736386678934875
12845	0.09629674346200988
12860	0.05315872369538512
12869	0.011403769893329896
12871	0.05868477152309656
12958	0.013303794984403707
12963	0.057646609261390154
12964	0.04891217274390075
12991	0.04481397172861038
