29
t_index	tf-idf
66	0.16518479782081827
150	0.19882830706678065
1258	0.0886064915018343
2670	0.22840908883038757
3205	0.14048854489805068
3496	0.08941539132142312
3858	0.08024725682730635
5279	0.07979626258350325
5417	0.26698637026453165
5697	0.20657985433232426
6184	0.046886297939339516
6292	0.30082573378385236
7808	0.16278979655764153
8085	0.23134429102298426
8399	0.041158346461679145
8425	0.19882830706678065
9266	0.10715719800529248
9267	0.15725834421853094
9500	0.18259747883436137
9760	0.18808862213635053
9807	0.09831244418267608
9923	0.34344917429516447
10478	0.13157121152790563
11114	0.19882830706678065
11122	0.14358401562634784
11554	0.14358401562634784
11556	0.215747988826441
11714	0.16518479782081827
12666	0.31663405174263676
