173
t_index	tf-idf
65	0.05197087310607157
81	0.025330312349066606
129	0.026884326821573996
156	0.06211455894781448
157	0.030774475244973693
413	0.027834841081458533
478	0.029955433651418534
551	0.14702559041853527
583	0.03444840193918466
584	0.07522058775611722
617	0.0380775284999048
631	0.1749505305070345
660	0.02153956144725908
710	0.02667863859637512
807	0.05727751366583461
942	0.07522058775611722
1019	0.023635321736103675
1040	0.015768046921586825
1190	0.027523566597743056
1279	0.05215318322835491
1329	0.04969040838368418
1334	0.0441714848575319
1367	0.06695160422979435
1616	0.10537261075386295
1636	0.1166170921987584
1646	0.04994299938320415
1862	0.062123007350868724
2063	0.2831930380373798
2160	0.06340015108115184
2209	0.030919078488512258
2218	0.03136371212221241
2286	0.045576591895168765
2317	0.03890058734477876
2386	0.018615343295251136
2393	0.03755876757242107
2483	0.07723975483268412
2781	0.0226500949621894
2788	0.028792644550045758
2798	0.0673814220941015
2848	0.026277605152535594
2911	0.029163543486831606
3041	0.025606686598180047
3042	0.020769641316200186
3131	0.06695160422979435
3266	0.048363528652761424
3272	0.01987225437089837
3413	0.07522058775611722
3626	0.10769115084298324
3717	0.03755876757242107
3946	0.03906276970380333
4083	0.020402547074559522
4091	0.07038354247413735
4110	0.06428958611651024
4276	0.013106028808302724
4422	0.019364534278563314
4469	0.09550323812772904
4491	0.08348957128244006
4688	0.04661460469116497
4708	0.013709340471402862
4937	0.11455502733166922
5009	0.05200661615308148
5087	0.04373763262675862
5110	0.02272305923567829
5157	0.06428958611651024
5187	0.06969218563205865
5296	0.04661460469116497
5323	0.05200661615308148
5356	0.08348957128244006
5368	0.08348957128244006
5439	0.05868262070347149
5478	0.07522058775611722
5556	0.07522058775611722
5688	0.023019462595266504
5726	0.06494112617373207
5732	0.05118355730820752
5736	0.07038354247413735
5771	0.052890696212980565
5810	0.024796060919128338
5845	0.04608431198750381
5865	0.07522058775611722
5976	0.05384557542149162
6075	0.05727751366583461
6184	0.022246395255887248
6315	0.042144653650825765
6428	0.46065201577386766
6430	0.021606021906206824
6442	0.02058468223874802
6493	0.05384557542149162
6563	0.030774475244973693
6752	0.04608431198750381
7072	0.0404126872209071
7135	0.025889615784650603
7137	0.04508960095058042
7237	0.028199008574412914
7343	0.027414619525235148
7498	0.03635272916033485
7511	0.060275599679404344
7512	0.08348957128244006
7516	0.03505002293621778
7662	0.03106545604922917
7677	0.027487538834908426
7682	0.03505002293621778
7850	0.047169570871101615
7897	0.0271996655741129
7981	0.07522058775611722
8007	0.050413637177148626
8012	0.031983572142277705
8043	0.05376865364314799
8107	0.047169570871101615
8221	0.07563065692236191
8312	0.0245376474608288
8399	0.01952862315233074
8402	0.05783000143045605
8486	0.10334520581755396
8551	0.017764653583301933
8623	0.01866732429917868
8630	0.10162701037350874
8678	0.06595656635840219
8688	0.08348957128244006
8707	0.036820617424257567
8735	0.04373763262675862
8799	0.08348957128244006
8961	0.08284284971472264
9076	0.02843293021679177
9125	0.025794558536476032
9241	0.02542172752072789
9242	0.024284713148028332
9328	0.027093623795655143
9422	0.03948263553754166
9431	0.04373763262675862
9441	0.011983880009522533
9443	0.032806630987151655
9449	0.15825964037543366
9499	0.02403703044790968
9528	0.03671756481298251
9584	0.048363528652761424
9683	0.03755876757242107
9697	0.03484609281602932
9787	0.03872906855712663
9856	0.07125219872083814
9949	0.08357823984203501
10001	0.07180500266241807
10158	0.07824609961959718
10213	0.018512055883572062
10593	0.08348957128244006
10745	0.048363528652761424
10794	0.03182556160011571
10796	0.02127736140853524
10799	0.05118355730820752
10912	0.06428958611651024
10915	0.052890696212980565
11186	0.0404463017780737
11210	0.04997524200659643
11234	0.03444840193918466
11492	0.08494618814717576
11493	0.04021006971900983
11496	0.08348957128244006
11530	0.03182556160011571
11597	0.050413637177148626
11634	0.019199985165929818
11659	0.009888450277253323
11862	0.030774475244973693
11976	0.07522058775611722
11999	0.060275599679404344
12266	0.07522058775611722
12291	0.07303073325563875
12388	0.07038354247413735
12469	0.02785650787724637
12535	0.10107213314115225
12676	0.02550363398690499
12828	0.08348957128244006
12837	0.1339032084595887
12982	0.3577025396829832
