33
t_index	tf-idf
114	0.11096204080522509
232	0.21987248478410543
413	0.06927677088386822
742	0.07570769644726455
976	0.29210459347995776
1020	0.21166882757993385
1279	0.08653433335106175
1720	0.10656135379764428
2160	0.07889676336929599
2585	0.1980362151462548
2972	0.09344127487406578
4164	0.3091877590525687
4522	0.27319414219757726
4831	0.15537225540478564
4980	0.1427183327912189
5246	0.07379813963092274
5412	0.1576419112836826
6035	0.240739229213317
6184	0.05536796213866933
7604	0.09266162997774086
7808	0.19223823779020568
9411	0.3744256637557479
9856	0.08866805151338593
10329	0.20615320845642293
11244	0.12129878135420646
11493	0.1000768705305734
11735	0.19506649135446016
11810	0.17982192775652653
12148	0.06363288537863271
12405	0.17655236256606308
12620	0.1576419112836826
12887	0.14212152274329876
12963	0.09013435070160648
