29
t_index	tf-idf
22	0.25131860179194393
1279	0.10724276677562872
1646	0.15404693740773454
1996	0.11911815068483152
2112	0.17184429362916356
2509	0.12889666260136998
2821	0.1768720955651467
3384	0.2473396455864927
3494	0.19632902934651458
3533	0.095774810820982
3588	0.16979040879735485
3855	0.23824255301135833
3858	0.11744170545680423
4708	0.08457168930906239
5879	0.22568574976075143
6184	0.0686180065245317
6796	0.16457812389063214
7140	0.2983502618264708
7183	0.10009756267681906
7898	0.19730378218069766
8399	0.06023516059425997
8797	0.1181077078581536
9781	0.12660862039304158
10219	0.15682435242361717
10524	0.38317913191096503
10878	0.1603018227833694
11215	0.23169666174619735
11714	0.24174763273668753
12887	0.17613246357978435
