34
t_index	tf-idf
496	0.26320177412797396
521	0.22899943796108477
1036	0.1369232759784158
1573	0.18389168508136583
1616	0.06316610073172124
1646	0.11975425140609848
2275	0.13413198404691695
2363	0.13413198404691695
2402	0.24940486004014667
2498	0.056061152178856606
2509	0.10020272780701509
2998	0.13866585138350498
3533	0.14890839073379114
3839	0.10111325317084079
5429	0.12649263490391588
6260	0.27046442575963037
6670	0.11372656196785506
7202	0.3605388226113638
8015	0.10142001066761265
8721	0.13969082671170985
8794	0.03970731509439572
8930	0.12191338070570105
9265	0.2417655108971456
9441	0.057470340075871006
10556	0.12370134297241703
10953	0.11975425140609848
11091	0.15571703835272002
11590	0.11148273963120112
11659	0.04742141942388586
11714	0.18793172571131478
11852	0.2536445872116741
12033	0.21183041338876746
12518	0.2761581512264711
13002	0.12235516001354971
