28
t_index	tf-idf
763	0.20725372099934897
926	0.20034386086939376
1258	0.10337347086071329
1334	0.2172210186999724
2576	0.24735470948348548
3205	0.1639020827495693
3723	0.14994200021384485
3858	0.0936211029766143
4234	0.18857131289508658
4328	0.17338493504869176
5032	0.22413087882992763
6184	0.05470027389244611
6292	0.35096074450497783
6796	0.13119688124871456
6849	0.06775719539535134
7616	0.1062513995999365
7843	0.18346670303881513
8047	0.1859635055807079
8420	0.2816722124516188
9213	0.20199653367149348
9266	0.12501580073607216
10050	0.1428025272477026
10100	0.2378361288003381
11122	0.1675134383930234
11191	0.22173601550526617
11288	0.23482695614786384
11904	0.11138581184686953
12156	0.19717195300922563
