271
t_index	tf-idf
4	0.03224451953026278
15	0.03150244886556033
51	0.04809276206842721
101	0.04778005392261939
114	0.08893111441690169
115	0.20518178400706658
139	0.0396470379422216
175	0.040838393255843895
178	0.06034427210665859
188	0.026881181753809737
208	0.015855696273552572
259	0.05341941995515662
281	0.051295446001766644
303	0.051295446001766644
310	0.030595246581626753
348	0.020066356365626908
360	0.44926158906697133
367	0.0317434343854145
375	0.05615769863337142
379	0.06661475137929417
390	0.0600170856672254
413	0.02220889375573438
423	0.029189985196298847
492	0.040838393255843895
507	0.040224088531019074
518	0.05615769863337142
561	0.04469778028969787
567	0.026881181753809737
583	0.08245718699990841
587	0.030595246581626753
643	0.13897828564210699
701	0.03489743064428967
708	0.02539301425235632
742	0.06067633369153665
744	0.02170209922015212
756	0.040224088531019074
818	0.051295446001766644
898	0.0363647014971651
916	0.02864592742945715
949	0.035913413195882773
1014	0.0600170856672254
1040	0.025162053398625442
1044	0.033928620251397056
1140	0.0723190919758095
1171	0.02813129293057112
1181	0.028299764932220892
1279	0.055482719275085336
1371	0.04570064588744867
1410	0.04469778028969787
1500	0.053358668650141015
1546	0.030172136053329295
1616	0.03152805565893504
1635	0.029570772757560256
1666	0.03597614062423913
1680	0.027965751025790478
1845	0.01930998303917358
1948	0.0391029801753799
1983	0.0600170856672254
2003	0.02748572899996947
2078	0.041949975457332506
2082	0.03456341673785925
2099	0.05341941995515662
2112	0.0222261812826964
2160	0.0632322282413148
2302	0.021286381639491755
2323	0.026735859547772772
2406	0.02081036147187737
2498	0.018654511472917332
2655	0.05341941995515662
2659	0.05341941995515662
2794	0.03143747646581635
2882	0.032505314463311126
2969	0.04469778028969787
2972	0.014977800780851182
2977	0.033928620251397056
3000	0.040838393255843895
3042	0.016571704360958783
3331	0.042962367209233875
3343	0.040224088531019074
3408	0.043790578005764295
3502	0.035602821419268474
3503	0.033928620251397056
3562	0.13322950275858833
3581	0.042736170627443414
3737	0.029570772757560256
3815	0.052081551342088854
3858	0.015189801072271258
3889	0.0396470379422216
3906	0.05341941995515662
3910	0.0607626810198423
3917	0.0381001145776291
4080	0.04682175424308785
4247	0.015450596005319603
4276	0.031371158237768246
4287	0.0332428180298425
4310	0.013397391296922363
4330	0.0607626810198423
4332	0.014688715927422984
4396	0.04149509635635844
4464	0.04149509635635844
4468	0.04570064588744867
4663	0.038588345676493864
4708	0.054692118611266306
4712	0.05615769863337142
4947	0.0600170856672254
5041	0.0396470379422216
5054	0.03198930754432261
5067	0.0600170856672254
5117	0.011919978280482931
5142	0.04682175424308785
5159	0.04956003292130264
5213	0.021533627218502344
5226	0.0600170856672254
5238	0.03719291229369553
5246	0.01182918185650932
5297	0.0691268334757185
5304	0.02631274901947532
5315	0.03764545518639586
5451	0.04682175424308785
5487	0.023169370073027554
5560	0.033928620251397056
5600	0.025096970124263908
5623	0.023169370073027554
5778	0.021045396119637585
5841	0.23933450448953916
5885	0.4201195996705778
5981	0.0762002291552582
5995	0.022592319484230072
6150	0.0317434343854145
6178	0.06785724050279411
6184	0.02662496763894858
6313	0.0723190919758095
6379	0.051295446001766644
6407	0.021205373324111088
6432	0.03697126936253652
6442	0.016424129007886982
6563	0.024554372310010154
6626	0.04809276206842721
6796	0.021286381639491755
6849	0.03298033092584341
6939	0.043790578005764295
6969	0.02539301425235632
7082	0.0600170856672254
7176	0.040132712731253815
7180	0.09597203989327527
7183	0.038839577277068424
7210	0.0600170856672254
7215	0.030172136053329295
7362	0.013649311246013754
7406	0.04149509635635844
7409	0.03038134050992115
7420	0.038588345676493864
7430	0.03199067996442509
7431	0.06448903906052555
7442	0.09140129177489734
7516	0.027965751025790478
7616	0.017239036630198476
7617	0.026735859547772772
7662	0.02478654039560317
7664	0.02748572899996947
7718	0.05615769863337142
7789	0.04570064588744867
7797	0.025145768673345732
7798	0.04469778028969787
7800	0.02780303903617986
7897	0.02170209922015212
7927	0.030814070462588865
7996	0.03273309770339688
8009	0.018247812454531113
8058	0.02444037789836692
8209	0.043790578005764295
8391	0.030814070462588865
8399	0.007790759708608365
8400	0.05615769863337142
8530	0.04956003292130264
8551	0.014174081428536949
8676	0.021787466784340032
8744	0.05615769863337142
8783	0.02043109139481276
8794	0.013212724608726653
8820	0.04220048713133725
8858	0.040224088531019074
8881	0.04809276206842721
8957	0.018366794248842425
8980	0.02976703578509633
8997	0.032505314463311126
9045	0.015583722925121678
9073	0.0600170856672254
9093	0.0727294029943302
9107	0.04682175424308785
9322	0.0208880632879007
9336	0.027028757106881535
9356	0.04682175424308785
9369	0.022780809200101587
9391	0.01144544165707421
9448	0.026881181753809737
9461	0.021533627218502344
9479	0.04469778028969787
9528	0.014648125590413648
9537	0.04220048713133725
9555	0.03199067996442509
9565	0.05341941995515662
9620	0.02813129293057112
9657	0.05341941995515662
9750	0.04809276206842721
9775	0.051295446001766644
9781	0.03275088266684542
9790	0.051295446001766644
9846	0.051295446001766644
9873	0.09597203989327527
9939	0.03456341673785925
10001	0.02864592742945715
10077	0.05341941995515662
10093	0.024669748505731347
10102	0.0600170856672254
10103	0.01188961646971768
10164	0.02058099086451294
10202	0.11231539726674283
10208	0.0363647014971651
10213	0.014770419601652936
10329	0.016522257914155295
10636	0.032505314463311126
10637	0.03304937223015283
10639	0.0600170856672254
10654	0.046141465435507595
10705	0.02937847491217036
10714	0.023471567505474314
10715	0.08324144588750948
10719	0.05318544544211981
10725	0.03456341673785925
10760	0.027330954539328288
10807	0.04149509635635844
10904	0.022407489995130935
11018	0.030172136053329295
11050	0.017399915157489208
11060	0.051295446001766644
11083	0.03524359314152593
11119	0.0317434343854145
11210	0.013291433769324231
11234	0.02748572899996947
11330	0.040838393255843895
11380	0.03224451953026278
11386	0.05318544544211981
11437	0.02590764875124235
11493	0.048124282280976885
11530	0.02539301425235632
11659	0.015779615265177127
11762	0.08592473441846775
11766	0.037635709322504464
11767	0.0653624003530201
11779	0.03038134050992115
11786	0.02937847491217036
11841	0.011591208971465627
12148	0.010199782500788868
12291	0.014567460534724113
12399	0.051295446001766644
12400	0.0391029801753799
12409	0.03126741421780012
12452	0.03304937223015283
12468	0.033928620251397056
12485	0.01860931487386954
12559	0.04149509635635844
12626	0.01567352000247876
12718	0.021368085313721707
12750	0.05615769863337142
12762	0.02864592742945715
12839	0.0222261812826964
12887	0.022780809200101587
12963	0.1300295736681193
12964	0.08172436557925104
13020	0.05341941995515662
