261
t_index	tf-idf
6	0.030755421332727392
27	0.024411872962834754
70	0.034668915225065676
188	0.027958081364264382
200	0.022139145342572213
202	0.025538056517712845
230	0.05532107809091679
232	0.07331100646125159
234	0.06928343612938809
287	0.08527761812390441
413	0.06929584394612326
478	0.012429189312130832
498	0.05653494693043242
556	0.024201232219065207
586	0.1354200368993141
587	0.03182093708241168
637	0.048697502466025944
643	0.020649422832213528
656	0.03327227357542719
742	0.012621423341946762
778	0.028852719237011094
801	0.05783373920584199
846	0.20334751487879588
858	0.06874675721557659
949	0.037352157259850936
979	0.026410295687639803
1020	0.03528785059575552
1040	0.02617008220299073
1140	0.02507210032861058
1236	0.16024263684671133
1279	0.07213179809252773
1416	0.02826747346521621
1460	0.022224122185956586
1507	0.05555948035381333
1537	0.025302337251426315
1631	0.03741739764108936
1635	0.030755421332727392
1642	0.3522910598832327
1668	0.06242145824160071
1720	0.017765115322296014
1721	0.07925292221932792
1796	0.048697502466025944
1806	0.025419495322562213
1845	0.02008356931239703
2004	0.060334289665677956
2021	0.03594807796153135
2063	0.013823908121815836
2073	0.11111896070762665
2078	0.014543517689641445
2152	0.051545480608679944
2160	0.18414313161432447
2204	0.0213272363440392
2209	0.025658054853240454
2287	0.08201959396872194
2302	0.022139145342572213
2347	0.021020243017382947
2369	0.03962646110966396
2373	0.03138087612510125
2385	0.05555948035381333
2386	0.015447856880951887
2413	0.03962646110966396
2498	0.019401838592773557
2546	0.051545480608679944
2560	0.1291258928413984
2576	0.02087024406488422
2585	0.03301512297549297
2591	0.0218063495865848
2727	0.023400817365178173
2818	0.01826718162742499
2820	0.06364187416482336
2849	0.038966802459468285
2886	0.09506296172709311
2911	0.024201232219065207
2966	0.022224122185956586
2972	0.0311556669438041
2976	0.02484709651889115
3062	0.06242145824160071
3169	0.03594807796153135
3212	0.05555948035381333
3248	0.06928343612938809
3264	0.03408640948690838
3384	0.03327227357542719
3433	0.017444014477851072
3452	0.03276448322187658
3496	0.01760326308283332
3503	0.07057570119151103
3704	0.04554489285798644
3722	0.047531480863546555
3858	0.01579832680627453
3881	0.03962646110966396
3973	0.06242145824160071
3980	0.026410295687639803
3993	0.044278290685144425
4195	0.030755421332727392
4222	0.03182093708241168
4247	0.03213913913452729
4259	0.05555948035381333
4276	0.043503910531683065
4304	0.16005125065571618
4307	0.024201232219065207
4422	0.016069569567263645
4424	0.04066950297575918
4470	0.04013425146321457
4586	0.05335041688523872
4708	0.022753266074711495
4858	0.12205936481417379
4980	0.023792937592144913
5106	0.03594807796153135
5117	0.012397510112395814
5213	0.022396295942506424
5246	0.04921230500144899
5279	0.015709539292120833
5338	0.05555948035381333
5378	0.06928343612938809
5417	0.0788426563789683
5600	0.039153587395645624
5612	0.0322814732103496
5675	0.03771325206338771
5726	0.02694554720018441
5744	0.04699480194973504
5770	0.04183552457823856
5802	0.040607685989741966
5810	0.020576896929307545
5820	0.07564304966621035
6009	0.02072248398647643
6014	0.03528785059575552
6146	0.11604874491059719
6297	0.2123721962615898
6313	0.02507210032861058
6454	0.014822402088578032
6501	0.024305992365638452
6531	0.025779525597705025
6563	0.05107611303542569
6591	0.01611550812519291
6799	0.04123535649557568
6801	0.030959546945317797
6802	0.04013425146321457
6843	0.036655503230625795
6849	0.011433857135818506
6914	0.2123721962615898
6957	0.034668915225065676
6969	0.026410295687639803
7018	0.043157450843270356
7024	0.05840745849646732
7034	0.051545480608679944
7177	0.05840745849646732
7183	0.04039554777058924
7276	0.030167144832838978
7341	0.0164908987470471
7589	0.011814100742138083
7600	0.022931547455051028
7604	0.06179142752380755
7616	0.017929657749526425
7662	0.025779525597705025
7677	0.01140520373963761
7717	0.01703146555715263
7767	0.03182093708241168
7792	0.027658066239120795
7794	0.027366876379967868
7897	0.04514303435981642
7913	0.0862393294906659
7996	0.011348144553035821
8002	0.06111083950660397
8009	0.018978846614558283
8058	0.025419495322562213
8259	0.051545480608679944
8288	0.028750483476743197
8306	0.05001942873105775
8330	0.05555948035381333
8331	0.03962646110966396
8391	0.032048527369342265
8398	0.08593751358776
8423	0.04247443925231796
8430	0.055613874674556585
8490	0.03782152483310518
8491	0.03741739764108936
8496	0.028750483476743197
8551	0.014741915942240223
8674	0.03741739764108936
8746	0.034373378607788295
8791	0.033807525087971795
8794	0.006871022878338384
8826	0.048697502466025944
8848	0.05653494693043242
8938	0.02389344344494001
8950	0.051545480608679944
8957	0.019102594994249603
9012	0.04247443925231796
9045	0.0324160594938841
9117	0.02507210032861058
9215	0.0236934418655146
9315	0.033807525087971795
9328	0.02248351889854238
9337	0.019483401229734142
9369	0.0473868837310292
9391	0.01190396285509549
9441	0.01988953524298752
9486	0.01815339024275902
9648	0.028586847660756552
9740	0.04183552457823856
9744	0.0281115688026638
9787	0.016069569567263645
9856	0.01478207722031969
9950	0.12423548259445576
9989	0.05180501066817839
10050	0.024097569057530414
10103	0.04946372785164533
10164	0.021405495577428827
10329	0.08592081912839412
10430	0.06928343612938809
10518	0.04648843899745134
10714	0.024411872962834754
10719	0.05531613247824159
10744	0.043777011177911634
10749	0.022660304694061915
10751	0.059223747227674164
10796	0.035313840699052974
10798	0.03629547295548298
10913	0.0218063495865848
10936	0.03629547295548298
11040	0.04066950297575918
11159	0.24401701785455507
11174	0.051545480608679944
11210	0.013823908121815836
11235	0.04123535649557568
11244	0.06066608847622631
11382	0.03962646110966396
11386	0.13829033119560397
11416	0.04247443925231796
11492	0.02349740097486752
11493	0.050052211689603
11594	0.1398310016703096
11667	0.03824285401288863
11671	0.029611873613837082
11774	0.06928343612938809
11780	0.03782152483310518
11799	0.051545480608679944
11802	0.031598461619397195
11810	0.02997857262717037
11870	0.05531613247824159
11904	0.05638823089635922
12148	0.05304200382009619
12156	0.03327227357542719
12213	0.051545480608679944
12291	0.04545316317904873
12423	0.023305166945051598
12428	0.03561246136453058
12475	0.028586847660756552
12538	0.10670083377047744
12620	0.026280885459656098
12626	0.016301424227066295
12636	0.02248351889854238
12643	0.18726437472480215
12675	0.05412267591000071
12676	0.03174610977019107
12843	0.09614558210802682
12869	0.014862891885181792
12873	0.030167144832838978
12963	0.015026527701168434
12964	0.08499836365950567
13036	0.03629547295548298
