105
t_index	tf-idf
742	0.0586013902973898
1007	0.07913176398815201
1040	0.03037698601304675
1046	0.07724174354389396
1190	0.10604775616492926
1279	0.033490863418109126
1483	0.1018934017048402
1584	0.08192091531567654
1749	0.10373296702991411
1849	0.0784843325112432
1893	0.14491171630346583
2037	0.06833000072764703
2107	0.08192091531567654
2160	0.12213976227966383
2298	0.0667443860257766
2418	0.18303360696220275
2619	0.16084183105834665
2709	0.09016217513170682
2740	0.08426011548252786
2781	0.04363518330977713
2820	0.07387245887702974
2924	0.04149575150710571
3041	0.04933102777418088
3083	0.06161603453140077
3478	0.09712137203882336
3769	0.07335598101686736
3776	0.09199302054444751
3780	0.09794941189164376
3789	0.07785464113367735
3872	0.07724174354389396
3889	0.09572807894091753
3993	0.0513961326674984
4214	0.07494159571873779
4307	0.05618327729463728
4458	0.07785464113367735
4547	0.05794234412214891
4708	0.026410908454221605
4980	0.05523541934944959
4984	0.0604218803502769
5093	0.08192091531567654
5246	0.02856165084051525
5301	0.1018934017048402
5417	0.061011202320734245
5517	0.08426011548252786
5532	0.08048405386812049
5712	0.0500606858059149
5802	0.06284729255666949
5811	0.14491171630346583
5841	0.06420833414101221
5958	0.14491171630346583
5984	0.07047944442224661
6087	0.054775758075845345
6369	0.08192091531567654
6557	0.044784537676407644
6670	0.045685919776519944
7127	0.16084183105834665
7167	0.10019023023740868
7198	0.04013252028079506
7604	0.03586227423852695
7614	0.38942892420421626
7677	0.1588634128640194
7884	0.13272900937982698
7913	0.09100228148076622
8398	0.09975217609186833
8490	0.08780285227503329
8502	0.0797979641860367
8594	0.16084183105834665
8720	0.11034456202100486
8721	0.028058106181345643
8760	0.0687441073826539
8794	0.03190222548811965
8813	0.08509592750233397
8880	0.07913176398815201
9093	0.08780285227503329
9426	0.07335598101686736
9484	0.16084183105834665
9509	0.08345363632893428
9979	0.10373296702991411
10059	0.13559319653967578
10100	0.09317185829877478
10164	0.049692961200066874
10207	0.03873215026287714
10329	0.03989311918316365
10400	0.08509592750233397
10878	0.0500606858059149
10894	0.04420267627980503
10947	0.16084183105834665
11137	0.09572807894091753
11235	0.09572807894091753
11365	0.13559319653967578
11441	0.0532356979925723
11493	0.11619645078863139
11553	0.1018934017048402
11554	0.06562307595494771
11644	0.055704462110094055
11659	0.03810000277860708
12148	0.024627453527263265
12291	0.035173245831606
12426	0.07606290578956668
12483	0.07785464113367735
12636	0.15658679261474603
12820	0.128981601548585
12862	0.047107958716269285
12876	0.08426011548252786
12963	0.1395366260640598
