173
t_index	tf-idf
73	0.02733756146110716
230	0.025186758859247628
376	0.05134523126075397
467	0.08525832850491387
468	0.05801369908437547
557	0.02326242171036164
676	0.09463075877858747
705	0.04228608715949664
741	0.05801369908437547
761	0.047352526621971175
926	0.04617599718244746
1162	0.0428615594831269
1171	0.03996240382682136
1190	0.031196423115245026
1205	0.07286864960877186
1234	0.06220747714636757
1258	0.09530360607986732
1315	0.09463075877858747
1448	0.04200728225770886
1537	0.03455918913292124
1631	0.10221308087791252
1676	0.04864126881070186
1810	0.04120378499103044
1839	0.09749272829272433
1996	0.021886161036956113
2144	0.1178931804889491
2178	0.05412378906142464
2237	0.36355939262035314
2576	0.05701123218155688
2588	0.07977580825419107
2670	0.06141821399875099
2684	0.09463075877858747
2709	0.07956992583676395
2740	0.049574159970800946
2816	0.03196199881268092
3042	0.023541226612149416
3169	0.04909967063092276
3205	0.22666056484282082
3212	0.07588589823124026
3226	0.061030947706843856
3272	0.022524088708007727
3289	0.04655691134833256
3303	0.09463075877858747
3331	0.061030947706843856
3339	0.05165851743317025
3403	0.01839141527598144
3433	0.02382590151996683
3442	0.03107293770287835
3508	0.05801369908437547
3666	0.07679235427309163
3702	0.03409018632534674
3802	0.07286864960877186
3819	0.05283504687269396
3848	0.0301236666998593
3855	0.04377347071864942
3858	0.1294688372832349
3873	0.04694886802906323
3956	0.05714103768389303
4155	0.04617599718244746
4186	0.03699268270030471
4235	0.043158748559979074
4247	0.021948616384377454
4276	0.014854950524396397
4310	0.019031900259789587
4328	0.15984961530728545
4332	0.02086631421591126
4346	0.04094622370504504
4362	0.06492085772979468
4364	0.07286864960877186
4775	0.04776860741021942
4831	0.03537892851407742
5272	0.03972724035724915
5279	0.04291373829956023
5310	0.0188315772080424
5417	0.07179147777185653
5487	0.06582731377164605
5600	0.01782597155080607
5630	0.10664703976731454
5686	0.03334294877299903
5711	0.07977580825419107
5725	0.05801369908437547
5765	0.021823992841571414
6184	0.01260752229779238
6231	0.29974322769188827
6292	0.12133610392965588
6421	0.05165851743317025
6497	0.03625158991455987
6667	0.03554901325577151
6779	0.07588589823124026
6820	0.05994864553837766
6834	0.03409018632534674
6845	0.061030947706843856
6849	0.015616930062588514
6953	0.038186536368562056
7064	0.03972724035724915
7439	0.022265294996311503
7562	0.025838526407328283
7592	0.055548427456121076
7600	0.03132104665805107
7604	0.04219890062662259
7607	0.2660538718302666
7741	0.10824757812284928
7800	0.03949609697353291
7815	0.11155344322397683
7844	0.07588589823124026
7912	0.029784093461182264
7913	0.06424906921620588
8085	0.06220747714636757
8216	0.05165851743317025
8402	0.0327735358528656
8457	0.06651346795756664
8595	0.03996240382682136
8721	0.016507893875367118
8800	0.03643309007160221
8810	0.03972724035724915
8978	0.06492085772979468
9170	0.08525832850491387
9213	0.04655691134833256
9266	0.05762821218977689
9374	0.02661139725394405
9391	0.016259023806874745
9499	0.027244629420538388
9526	0.05110654043895626
9620	0.03996240382682136
9679	0.05110654043895626
9807	0.07930737038273945
9844	0.09463075877858747
9856	0.020190095379654202
9923	0.09235199436489493
10050	0.032913656885823026
10063	0.027525363906157757
10100	0.1096347087024355
10194	0.09463075877858747
10200	0.045093695013981264
10213	0.020982379809901936
10249	0.05632129830273684
10329	0.023470984590929868
10543	0.08525832850491387
10618	0.08525832850491387
10796	0.048233397871559364
10894	0.026006498240403814
10901	0.07588589823124026
10936	0.09914831994160189
10963	0.05994864553837766
11114	0.05346406999375177
11122	0.19304559734677687
11160	0.03305524518140214
11168	0.04617599718244746
11191	0.05110654043895626
11234	0.03904533661080665
11237	0.03236167989160904
11370	0.06220747714636757
11438	0.025186758859247628
11538	0.04909967063092276
11556	0.05801369908437547
11564	0.0589060775000964
11634	0.04352421833963121
11659	0.011208005245532114
11735	0.04441747617772421
11739	0.03839617713654581
11841	0.03293219226730934
11899	0.12441495429273514
12136	0.05165851743317025
12382	0.05801369908437547
12405	0.08040345939425467
12426	0.08950271757550207
12504	0.03554901325577151
12614	0.05714103768389303
12676	0.02890694249258644
12776	0.0294530387500482
12889	0.07588589823124026
12904	0.15019772161619485
12913	0.04441747617772421
