22
t_index	tf-idf
660	0.15949123125835252
1279	0.1287239982036442
2160	0.11736274416099131
2576	0.18622170322661566
3600	0.27810659466485976
3946	0.14462154328619947
4423	0.23112373032889813
4775	0.3120631178209231
5213	0.19983840933601582
5248	0.4599317172688809
5429	0.19530748079362534
5688	0.17044926570182484
6184	0.08236251650501751
7792	0.24678830717029296
9856	0.13189800697285523
10329	0.15333142469222288
11237	0.2114126258312834
11492	0.2096633856956691
11721	0.20794811354364523
12291	0.1351903286791886
12475	0.2550756687231588
12963	0.13407919779921515
