247
t_index	tf-idf
65	0.024817535422689097
76	0.024726021265950762
86	0.03407982317071208
125	0.07973717849604561
157	0.029391333408927377
167	0.03563083846368854
183	0.07183983987888179
212	0.060492486285386435
218	0.034501851094181045
567	0.0321765005994515
684	0.033874530206503634
704	0.04745710035361711
705	0.03563083846368854
710	0.025479581882079622
745	0.031662423119289435
886	0.062022383034301236
949	0.02149399479176355
967	0.059322854315180036
981	0.056045162644554114
1024	0.05470320736864212
1097	0.038596361257350005
1130	0.031662423119289435
1131	0.07183983987888179
1305	0.06394250126171795
1414	0.07973717849604561
1554	0.16499145001668492
1616	0.012579587101740035
1636	0.04455032049397029
1644	0.03829251788405102
1646	0.04769833878981752
1710	0.16001275699939058
1720	0.0204455819542688
1786	0.029391333408927377
1806	0.02925488325996572
1845	0.023113852899986787
1866	0.04352817708085237
1900	0.04061221265701676
1916	0.07973717849604561
1921	0.03149609240964165
1996	0.09220790109483139
2063	0.09545826457252815
2078	0.01673789769626397
2189	0.09933841488166259
2220	0.03890853013431445
2281	0.035870709455224095
2316	0.037996567445781365
2344	0.04618985650121484
2378	0.04306307367598238
2382	0.05350278746885016
2397	0.021222709326421656
2487	0.029954087359332658
2498	0.011164630057711856
2545	0.02912004794358549
2611	0.045049560494293386
2622	0.06394250126171795
2723	0.07973717849604561
2794	0.03763033893419587
2806	0.029669236241238624
2821	0.027382904453340205
2900	0.14053222554627498
2906	0.028724859729252195
2939	0.0514255156980162
2966	0.025577380347448983
3031	0.03890853013431445
3042	0.03967232245872173
3179	0.07973717849604561
3294	0.03516573505881855
3403	0.015496859388890996
3415	0.07183983987888179
3480	0.04814782402739028
3494	0.03039517926688718
3519	0.06722019293234387
3533	0.07413810769211228
3536	0.08943231485207596
3606	0.061400126086013994
3626	0.0514255156980162
3631	0.04137205758177665
3745	0.05756654605799514
3771	0.05643680147803147
3839	0.02013679743831519
3866	0.03069902264018617
3916	0.0440130779733434
3923	0.025676025563311784
4004	0.04618985650121484
4013	0.0507652315083322
4078	0.033088463287984586
4130	0.04218622180494038
4135	0.0204455819542688
4224	0.07973717849604561
4247	0.01849420595344887
4284	0.07183983987888179
4422	0.05548261786034661
4546	0.07183983987888179
4595	0.025479581882079622
4615	0.07183983987888179
4697	0.35394150659396656
4706	0.06580027498370962
4716	0.030099228828617534
4718	0.04888314052231225
4736	0.032002551399878114
4815	0.03290013749185481
5013	0.12280025217202799
5082	0.037152221877129556
5101	0.06394250126171795
5113	0.0977662810446245
5117	0.014268092519148652
5242	0.061400126086013994
5279	0.018079852972175965
5315	0.030040817462697544
5429	0.025191124670820752
5484	0.0514255156980162
5509	0.061400126086013994
5524	0.024817535422689097
5532	0.03989989001704195
5557	0.07973717849604561
5618	0.04098580190514842
5630	0.029954087359332658
5655	0.07183983987888179
5722	0.04814782402739028
5743	0.061400126086013994
5765	0.018389196442738034
5809	0.07973717849604561
5856	0.02184244553529292
5890	0.06394250126171795
5968	0.07183983987888179
6009	0.02384916939490876
6027	0.0368841283017817
6104	0.2483460372041565
6146	0.04451953696357987
6221	0.04814782402739028
6430	0.02063495115451663
6442	0.01965951503574975
6465	0.04618985650121484
6508	0.07973717849604561
6522	0.042616214392319274
6526	0.024105212782714287
6609	0.04618985650121484
6679	0.19305900359670902
6807	0.01948556583617637
6849	0.013159039999610036
6961	0.04680586875147829
7015	0.027382904453340205
7047	0.03183121807708335
7280	0.19098730846250012
7281	0.11864570863036007
7313	0.04137205758177665
7331	0.026182484553548248
7348	0.04888314052231225
7362	0.03267617290874631
7562	0.021771897624074794
7577	0.05470320736864212
7589	0.013596656174599712
7617	0.032002551399878114
7619	0.025676025563311784
7635	0.0514255156980162
7657	0.0514255156980162
7912	0.012548243337104968
8012	0.03054608811228064
8271	0.033088463287984586
8291	0.06722019293234387
8403	0.0514255156980162
8496	0.033088463287984586
8551	0.016966231014652347
8553	0.024726021265950762
8623	0.03565666338498122
8628	0.037152221877129556
8630	0.16176573396531307
8707	0.03516573505881855
8794	0.08698523184459898
8797	0.036570291872768834
8980	0.03563083846368854
9095	0.031011191517150618
9125	0.024635236313427802
9215	0.027268396441654713
9242	0.0231932500941812
9262	0.029391333408927377
9289	0.07973717849604561
9309	0.03327995437132993
9310	0.05470320736864212
9337	0.02242312922621361
9391	0.041100231051520844
9430	0.04218622180494038
9449	0.22672012203738676
9486	0.0417848824758638
9534	0.049669207440831295
9541	0.04352817708085237
9628	0.037426776156511715
9787	0.03698841190689774
9799	0.05051355300948311
10014	0.1028510313960324
10037	0.04888314052231225
10068	0.03054608811228064
10110	0.024019224063164365
10158	0.024909790592809965
10372	0.03039517926688718
10421	0.024019224063164365
10635	0.03989989001704195
10637	0.03955976173645327
10700	0.034501851094181045
10718	0.05350278746885016
10887	0.040250485410226446
10972	0.06394250126171795
11008	0.032002551399878114
11080	0.0277334998465247
11142	0.042616214392319274
11186	0.019314232513381605
11210	0.015909710762088025
11222	0.09933841488166259
11233	0.061400126086013994
11236	0.042616214392319274
11340	0.05350278746885016
11408	0.056045162644554114
11438	0.021222709326421656
11441	0.026391544570612706
11477	0.04888314052231225
11553	0.05051355300948311
11634	0.018337052410031616
11699	0.01566020915839483
11767	0.02607937569364826
11776	0.035870709455224095
11779	0.0363661549586105
11784	0.072732309917221
11816	0.07973717849604561
11841	0.013874559006910958
11891	0.12280025217202799
11896	0.045049560494293386
11904	0.021632098922184047
11931	0.08437244360988076
12074	0.03407982317071208
12150	0.0321765005994515
12236	0.07973717849604561
12275	0.028218400739015735
12417	0.056937632682893334
12437	0.03290013749185481
12485	0.08910064098794059
12532	0.0204455819542688
12535	0.064353001198903
12616	0.10940641473728424
12647	0.07183983987888179
12676	0.012178693603732594
12749	0.04285113089874384
12776	0.024817535422689097
12785	0.0231932500941812
12792	0.04352817708085237
12798	0.02912004794358549
12873	0.0694377515503109
12948	0.045049560494293386
