297
t_index	tf-idf
27	0.02411864803193192
112	0.027773904714689854
114	0.03655313173623295
126	0.06287743531234703
167	0.03058767416736075
208	0.032585634311286374
218	0.029618482891304938
230	0.05465658506633914
232	0.03621521307270254
241	0.14825585052314583
348	0.020619559658850824
367	0.032618559501318915
455	0.04811256898642443
529	0.04811256898642443
562	0.04811256898642443
575	0.030386000423938207
612	0.068451233258159
660	0.035319609916715074
742	0.07481892136089709
778	0.014253076384205752
788	0.068451233258159
790	0.061671678500914144
809	0.068451233258159
885	0.05770589319634018
900	0.04499782717066323
1040	0.012927869209003212
1190	0.022565957021207516
1248	0.02808443333650588
1252	0.13123931663700059
1271	0.068451233258159
1279	0.014253076384205752
1420	0.04593003983924003
1421	0.061671678500914144
1560	0.02443935971560239
1578	0.04196425453466607
1642	0.038673276779229784
1689	0.068451233258159
1713	0.050926338439095324
1720	0.05265518516634745
1872	0.049418616841048604
1917	0.05048067272834548
2017	0.0642588321561275
2021	0.14206514036814705
2089	0.038673276779229784
2103	0.0336769781793745
2123	0.068451233258159
2160	0.14294600840429575
2224	0.022213456528255817
2287	0.04051720492043429
2295	0.050926338439095324
2361	0.068451233258159
2372	0.032872621318716364
2480	0.029435658315457684
2561	0.03915048508199517
2576	0.0824782386354033
2607	0.023025235291403167
2709	0.019185655996307976
2733	0.05489212374366929
2772	0.05489212374366929
2774	0.04263906208380374
2820	0.1886323059370411
2823	0.03058767416736075
2832	0.068451233258159
2869	0.03518469977742122
2948	0.02559137556750546
2972	0.015390719228338333
2986	0.02331152392552673
3041	0.062983049872335
3047	0.02511416726474007
3054	0.05270959459648489
3091	0.04499782717066323
3100	0.03736722892460561
3314	0.02230039781206917
3403	0.026606889202894876
3426	0.040180998377276504
3434	0.049418616841048604
3496	0.01739182024888991
3537	0.06378744404396985
3575	0.09883723368209721
3627	0.040180998377276504
3636	0.136902466516318
3666	0.027773904714689854
3771	0.024224387764791112
3839	0.017286649020202913
3858	0.031217128183000677
3863	0.04811256898642443
3923	0.02204185861760672
3946	0.11209342099514545
4082	0.068451233258159
4106	0.05489212374366929
4161	0.05770589319634018
4191	0.03425248710884441
4206	0.03340144362003164
4222	0.031438717656173516
4247	0.015876548800967963
4252	0.02856953258768453
4361	0.049418616841048604
4422	0.09525929280580778
4423	0.02559137556750546
4431	0.025965210753552837
4606	0.02792793671741096
4641	0.05270959459648489
4775	0.13821383788773883
4878	0.10275746132653324
4972	0.019774646430362655
4975	0.05770589319634018
4980	0.07052144114107678
4984	0.025714406498226376
5077	0.024998416446024574
5078	0.025231304353747402
5087	0.03585950732655889
5113	0.04196425453466607
5117	0.012248596546787437
5141	0.08392850906933214
5232	0.020048253922409803
5246	0.04862118793494663
5248	0.10185267687819065
5284	0.05770589319634018
5288	0.05770589319634018
5294	0.02465916289892866
5310	0.027243672157438496
5411	0.04263906208380374
5494	0.038218272413418374
5600	0.012894430441295743
5688	0.018873142829486114
5726	0.026621888862786783
5761	0.038218272413418374
5802	0.013373307970113097
5849	0.03396050035045382
5856	0.03750176172434085
6009	0.0614207232330853
6014	0.034863988093750735
6019	0.04414678368185046
6030	0.05770589319634018
6138	0.04499782717066323
6184	0.009119661099123533
6194	0.04074005510769868
6322	0.041333014229179565
6458	0.03313345891056402
6521	0.03121891447284725
6526	0.04138675518870939
6557	0.05717834996048761
6570	0.16072399350910602
6591	0.04776580669402255
6606	0.02340884642032107
6646	0.015741638661674107
6662	0.136902466516318
6675	0.043363899563137735
6685	0.060772000847876415
6774	0.061671678500914144
6780	0.068451233258159
6845	0.04414678368185046
6849	0.011296518555787899
6857	0.04196425453466607
6961	0.040180998377276504
7020	0.027038157217462007
7029	0.024224387764791112
7094	0.12222016532309604
7183	0.013303444601447438
7237	0.023119736799773763
7307	0.03621521307270254
7331	0.022476633751744267
7362	0.014025604968399118
7394	0.06077580738065144
7416	0.05554780942937971
7439	0.016105618522199796
7600	0.04531220711642565
7604	0.0763115193018093
7616	0.035428588806125975
7717	0.03365378181889698
7756	0.050926338439095324
7853	0.04811256898642443
7897	0.02230039781206917
7912	0.02154434726307525
7913	0.015491538129542614
7996	0.02242367103145645
8002	0.03018840117756593
8009	0.05625264258651129
8312	0.04023573732976956
8331	0.07830097016399035
8340	0.03696795593481078
8398	0.021226317273136678
8464	0.050926338439095324
8498	0.05270959459648489
8553	0.042452634546273356
8565	0.020767756888370372
8694	0.043363899563137735
8721	0.011940997925500898
8746	0.03396050035045382
8810	0.0287367303347919
8854	0.034863988093750735
8908	0.04414678368185046
8927	0.024770945030217935
8934	0.04196425453466607
8959	0.03621521307270254
8968	0.08459352784066441
9045	0.01601334585644935
9143	0.032618559501318915
9154	0.03455345947193471
9198	0.01839300569602726
9211	0.04586327623511135
9241	0.020842706144218775
9397	0.029435658315457684
9457	0.025965210753552837
9461	0.04425456251379509
9485	0.06037680235513186
9486	0.01793533951770039
9505	0.068451233258159
9528	0.015051955322554517
9531	0.061671678500914144
9543	0.029994715045879854
9577	0.030386000423938207
9588	0.136902466516318
9721	0.050926338439095324
9781	0.01682689090944849
9825	0.068451233258159
9849	0.09568116606595478
9855	0.041333014229179565
9856	0.11683617007200055
9954	0.136629247145597
9998	0.068451233258159
10094	0.018996952457713726
10103	0.012217397700468867
10110	0.020619559658850824
10145	0.04263906208380374
10164	0.021148381960166104
10174	0.02907995256931403
10213	0.015177620820302188
10307	0.043363899563137735
10329	0.1188442852237969
10333	0.2601833973788264
10373	0.040180998377276504
10378	0.03551628509203676
10439	0.04811256898642443
10510	0.05270959459648489
10514	0.040180998377276504
10536	0.10020433086009493
10591	0.03658434480589288
10681	0.08850912502759017
10722	0.061671678500914144
10744	0.0216255902629315
10749	0.022388118848745198
10750	0.038673276779229784
10769	0.02635390415331916
10855	0.0273258494291194
10904	0.046050470582806334
10913	0.021544421083167467
10936	0.03585950732655889
10937	0.068451233258159
10946	0.068451233258159
10953	0.020473574411028435
11017	0.025469873010883718
11159	0.040180998377276504
11167	0.04183646832905894
11210	0.027315722552172787
11237	0.02340884642032107
11389	0.04414678368185046
11477	0.04196425453466607
11547	0.068451233258159
11555	0.03396050035045382
11556	0.04196425453466607
11580	0.16467637123100787
11619	0.050926338439095324
11621	0.04074005510769868
11659	0.01621463869302053
11699	0.026887347914524056
11735	0.03212941607806375
11777	0.026621888862786783
11782	0.03058767416736075
11786	0.03018840117756593
12009	0.05770589319634018
12202	0.068451233258159
12291	0.014969066436407552
12373	0.061671678500914144
12394	0.03736722892460561
12409	0.03212941607806375
12514	0.0336769781793745
12538	0.05270959459648489
12548	0.0336769781793745
12556	0.05489212374366929
12568	0.09402858818810236
12571	0.034863988093750735
12577	0.0273258494291194
12604	0.04263906208380374
12610	0.022565957021207516
12625	0.136902466516318
12636	0.044426913056511634
12676	0.04181971884997619
12710	0.05770589319634018
12716	0.03736722892460561
12746	0.05270959459648489
12776	0.021304878579261024
12839	0.022838928134060077
12887	0.02340884642032107
12958	0.034261965314084514
12963	0.01484603550568664
13012	0.205353699774477
