97
t_index	tf-idf
66	0.06563961952762841
73	0.04039912411818108
101	0.05015228535759239
348	0.04212526139739819
761	0.06997700226598819
926	0.06823834101327791
1190	0.0461017041066045
1258	0.17604817351798216
1523	0.11214328043944605
1676	0.07188149018869257
2176	0.10096103829421249
2237	0.26863187939597105
2251	0.04703999849825181
2287	0.04138783457561883
2576	0.12637578419219456
2670	0.13614466238965295
3042	0.03478894550091794
3107	0.05330750354263176
3205	0.3907823437584636
3226	0.09019081072636198
3496	0.07106213578586983
3505	0.04703999849825181
3666	0.05674141521400201
3855	0.1293758317955447
3858	0.03188791871752026
3923	0.04503098375103348
4186	0.05466734778082779
4276	0.021952469713084063
4287	0.034893290380610335
4328	0.05905596644226972
4332	0.030835991684805702
4346	0.06050984379072444
4422	0.09730621498149854
4936	0.07807900567271124
5110	0.038060901357383985
5279	0.03170870676240743
5417	0.10609259444223333
5487	0.04863941180727895
5573	0.11673372740926619
5593	0.08444234782672402
5686	0.04927381426697256
5697	0.16417761463927788
6199	0.09192947197907224
6231	0.08859139741733482
6292	0.17930905540512546
6369	0.0712262839800566
6490	0.12599374674580707
6497	0.05357216965102316
6591	0.06505625810748389
6820	0.08859139741733482
7039	0.037103496729185656
7394	0.04138783457561883
7439	0.032903388890907874
7604	0.03118051744467247
7800	0.05836686370463309
7808	0.06468791589777236
7843	0.062489878113639964
7913	0.03164883750922515
8721	0.024395169794113308
8760	0.05976968513504182
9030	0.14948186222194762
9266	0.1277434328008302
9391	0.048054785116725736
9441	0.02007288148089659
9500	0.145117821924423
9807	0.07813299427205238
9856	0.05967336701636668
9923	0.06823834101327791
9949	0.034998183004962345
10050	0.04863941180727895
10063	0.08135331268847804
10191	0.2948784423992551
10204	0.07063241123566356
10213	0.031007512043128467
10284	0.06997700226598819
10467	0.07059188152036301
10478	0.05228256098269359
10622	0.09192947197907224
10635	0.06997700226598819
10796	0.03563937167598087
10963	0.17718279483466964
11122	0.2852804943402218
11165	0.04906010100995744
11191	0.07552463936410722
11221	0.07326010568149045
11237	0.0478237067513852
11245	0.07552463936410722
11415	0.07634034442000098
11539	0.11214328043944605
11564	0.0435253513673346
11739	0.05674141521400201
11899	0.09192947197907224
12156	0.06715796984899276
12316	0.09829281413308504
12405	0.05940963937512945
12666	0.1258211346326369
12792	0.07634034442000098
