173
t_index	tf-idf
37	0.03490688205529359
79	0.04993817130327994
81	0.024322856798256142
94	0.0675841971848209
200	0.025617556436329243
278	0.03606495303310569
348	0.04829858125950763
376	0.021749238960826957
413	0.013363886798882695
565	0.04705932734067882
579	0.03200358739404208
617	0.036563081424806396
659	0.052857758697068644
666	0.08016896351163301
717	0.310223940900966
744	0.026117860751290096
746	0.03252834240765333
749	0.03365598800776859
916	0.0689491220277334
983	0.05964409366749095
1290	0.06981376411058718
1573	0.03682051131386868
1645	0.07312616284961279
1691	0.0358237831155011
1738	0.03606495303310569
1811	0.05499943085800877
1901	0.051703990150161
1995	0.03849987580344699
2008	0.02449909332004724
2061	0.056348652959643176
2063	0.015995863480794268
2079	0.1192881873349819
2173	0.07954796382307157
2232	0.06111954457223409
2275	0.026857159060595395
2291	0.07025863820410722
2315	0.026117860751290096
2373	0.036311309796154836
2386	0.017874960362952465
2509	0.06019057911073386
2911	0.056007259775149136
3015	0.06173261407843064
3016	0.08016896351163301
3237	0.14051727640821443
3239	0.07364102262773736
3403	0.015580776474985533
3482	0.040468445924983276
3533	0.01490791463278382
3581	0.025715884490438642
3608	0.04643997932077694
3635	0.03535616112789833
3643	0.06428875647697313
3702	0.057760815593077455
3793	0.18032476516552842
3849	0.056348652959643176
3866	0.030865261002506306
3910	0.036563081424806396
3927	0.036563081424806396
3946	0.018754568450552046
4008	0.023726543469342717
4276	0.012584766326812125
4287	0.02000339422182902
4307	0.028003629887574568
4332	0.017677452918999293
4422	0.0371887079584136
5179	0.042846985572623536
5201	0.07222885999430308
5239	0.042846985572623536
5279	0.01817775723396015
5505	0.03682051131386868
5571	0.08016896351163301
5588	0.06428875647697313
5668	0.07222885999430308
5675	0.04363860249264243
5694	0.03762944599548686
5698	0.04120774423428858
5744	0.027189215584723654
5758	0.056348652959643176
5765	0.01848877583120437
5778	0.025327537199628675
5874	0.16033792702326602
6014	0.08166426392397426
6057	0.04376388663283105
6304	0.051703990150161
6309	0.036311309796154836
6417	0.062358240612037846
6442	0.01976597332993899
6452	0.09987634260655988
6585	0.022032096491780902
6759	0.03735340497646782
6867	0.051703990150161
6905	0.04771408542886574
7027	0.03183387839420583
7029	0.11348482511529957
7031	0.09411865468135765
7405	0.06023258364111038
7604	0.03574992072590493
7677	0.013197142254004191
7682	0.03365598800776859
7753	0.03820232276314136
7763	0.08016896351163301
7912	0.02523238672854093
7913	0.018143435785334682
7947	0.07222885999430308
7996	0.01313111816362652
8067	0.08016896351163301
8113	0.02100557595420515
8184	0.04585240704377075
8206	0.08166426392397426
8346	0.05078708908995348
8394	0.042414664531196654
8435	0.033267640716958626
8551	0.034116209798194824
8571	0.04083213196198713
8581	0.14445771998860615
8653	0.6180385057454133
8794	0.0079505696194455
8797	0.036768323761332614
8813	0.042414664531196654
8836	0.07019769378010268
8854	0.04083213196198713
8869	0.04011595202171645
8921	0.03307829511728989
8961	0.039773981911535784
8983	0.04476061483119863
9068	0.03682051131386868
9241	0.04882127227884234
9300	0.0675841971848209
9328	0.026016036543340466
9343	0.051703990150161
9401	0.05078708908995348
9431	0.04199806778594999
9456	0.06811592853724009
9463	0.04529350849379777
9486	0.02100557595420515
9500	0.04159609152509854
9516	0.02812484951577574
9528	0.017628603599903318
9566	0.07222885999430308
9806	0.04917647778064676
9807	0.11197891264392382
9949	0.06019057911073386
10093	0.059378684956313814
10094	0.02224891964577059
10103	0.014308816128440639
10207	0.019305402834075412
10421	0.024149290629753815
10653	0.04643997932077694
10749	0.026220598193024133
10772	0.032175848504386505
11099	0.03849987580344699
11160	0.056007259775149136
11209	0.0342643689153262
11210	0.031991726961588536
11245	0.043296264645228275
11248	0.03911922382334888
11415	0.04376388663283105
11419	0.11206021492940348
11497	0.04643997932077694
11739	0.09758502722295999
11841	0.02789938233944925
11843	0.11875736991262763
11904	0.043498477921653914
12150	0.03235073965675112
12323	0.07222885999430308
12468	0.04083213196198713
12485	0.022395782528784762
12532	0.041112593763200825
12676	0.024489284962231687
12776	0.02495192492732724
12842	0.03762944599548686
12907	0.037083859646859355
12958	0.02006352637024462
