370
t_index	tf-idf
6	0.020855596198525804
31	0.033918735705493606
65	0.014622718966252906
81	0.028508125160940135
108	0.027578446169898713
208	0.011182663423739542
229	0.023114376630571046
348	0.014152346608197355
470	0.033918735705493606
472	0.021279724109148877
492	0.028802393705545836
534	0.046981875212461395
556	0.016411127040242595
557	0.011549227841372455
567	0.018958688587307985
631	0.07383710204502075
684	0.019959183169763577
886	0.018272077812745362
979	0.0358182355160236
980	0.03767550685530805
981	0.06604464535346274
989	0.02796215778903526
1058	0.02796215778903526
1118	0.03960675278046839
1120	0.04143994576807923
1130	0.037311578863763815
1171	0.0396807273663443
1307	0.03302232267673137
1373	0.03495356860189172
1428	0.02903061332586183
1458	0.037712392254361495
1551	0.03152433195896217
1554	0.4536675365585756
1560	0.01677408709497616
1563	0.02020332373790571
1613	0.07114786295873407
1616	0.007412007831046457
1636	0.0787483694909022
1646	0.056208595366239324
1710	0.037712392254361495
1738	0.021135350249336635
1774	0.046981875212461395
1786	0.017317642592715447
1829	0.04016028732565575
1839	0.01613425787376442
1845	0.013618893634168691
1900	0.02392908732340625
1942	0.04410439797734157
1976	0.043464931814226705
1998	0.01817948150691556
2014	0.046981875212461395
2017	0.022052198988670786
2063	0.028122441493004774
2065	0.046981875212461395
2078	0.02958636745306272
2083	0.023715954319578025
2173	0.023308973610458583
2189	0.029265551526916924
2191	0.06783747141098721
2196	0.026871147780385494
2232	0.0358182355160236
2271	0.020855596198525804
2281	0.021135350249336635
2298	0.01949602534839249
2324	0.05952609532446107
2336	0.03960675278046839
2344	0.02721548611516515
2363	0.01573925419857804
2381	0.02157813438059708
2397	0.02500922907107206
2431	0.03152433195896217
2496	0.023114376630571046
2498	0.013156604386013666
2509	0.03527382858499777
2545	0.017157798714112705
2633	0.04232869103388473
2670	0.03049265273897913
2681	0.032231630348475385
2702	0.033918735705493606
2724	0.046981875212461395
2767	0.03767550685530805
2774	0.05853110305383385
2776	0.03960675278046839
2794	0.011086070020001369
2798	0.018958688587307985
2821	0.01613425787376442
2845	0.040997025562558714
2848	0.029574260526078925
2873	0.025373157062616288
2900	0.08280287324528302
2917	0.03302232267673137
2926	0.023308973610458583
2966	0.01507042654895426
3031	0.022925261991322037
3042	0.011687647709008346
3164	0.02510986348365386
3189	0.0283691384981547
3199	0.022562301936588477
3243	0.046981875212461395
3294	0.020719972884039616
3330	0.023509380305757426
3363	0.08820879595468314
3385	0.03960675278046839
3403	0.018261782714823413
3432	0.012120902916399485
3450	0.025373157062616288
3465	0.017317642592715447
3466	0.01817948150691556
3472	0.021279724109148877
3533	0.026209710875974238
3536	0.07025911769292857
3607	0.03495356860189172
3669	0.03302232267673137
3694	0.02392908732340625
3717	0.021135350249336635
3823	0.04232869103388473
3836	0.027578446169898713
3839	0.03559435594297287
3881	0.026871147780385494
3898	0.09396375042492279
3980	0.0179091177580118
4060	0.020855596198525804
4083	0.011481073695187746
4088	0.021732465907113353
4110	0.03617751613753884
4152	0.029265551526916924
4195	0.020855596198525804
4214	0.19701386185431533
4245	0.06783747141098721
4247	0.010896955380752358
4257	0.032231630348475385
4276	0.007375122431993005
4310	0.009448876608434955
4415	0.027578446169898713
4459	0.04232869103388473
4466	0.020456679305077188
4487	0.016924950202020405
4543	0.046981875212461395
4573	0.03767550685530805
4595	0.03002560559648906
4613	0.046981875212461395
4688	0.05246263711834751
4697	0.37917377174615974
4698	0.046981875212461395
4706	0.038770124132039646
4716	0.03546948210332172
4718	0.028802393705545836
4770	0.02796215778903526
4944	0.03767550685530805
4949	0.026511867158870255
4972	0.027144871662370115
5029	0.07235503227507768
5117	0.008406890673812091
5210	0.016411127040242595
5221	0.04232869103388473
5246	0.025028562038022364
5279	0.03195844443783069
5307	0.032231630348475385
5310	0.009349421074728559
5315	0.06195113589126726
5446	0.018272077812745362
5509	0.03617751613753884
5600	0.017700324540362074
5619	0.02510986348365386
5686	0.01655396489141325
5749	0.028802393705545836
5765	0.010835082816142077
5768	0.03302232267673137
5800	0.023308973610458583
5812	0.12353801095100171
5909	0.019959183169763577
5938	0.020719972884039616
5945	0.08465738206776946
6009	0.014052148841559831
6087	0.015999990883303204
6161	0.01846119245199437
6184	0.012518657717182635
6436	0.06783747141098721
6459	0.030300384423315042
6464	0.022925261991322037
6557	0.013081556873084184
6563	0.017317642592715447
6796	0.01501280279824453
6807	0.011481073695187746
6829	0.04232869103388473
6875	0.03495356860189172
6907	0.017157798714112705
6908	0.023509380305757426
6961	0.027578446169898713
7030	0.029763047662230535
7047	0.018755244965588305
7113	0.023308973610458583
7115	0.05952609532446107
7125	0.08273533850969615
7135	0.014568797987693735
7150	0.03960675278046839
7151	0.046981875212461395
7162	0.026231318559173756
7176	0.014152346608197355
7232	0.060600768846630085
7280	0.018755244965588305
7309	0.03617751613753884
7514	0.029763047662230535
7542	0.1515019221165752
7575	0.024612367348340252
7589	0.024033822706686296
7591	0.026543613273500594
7657	0.030300384423315042
7712	0.046981875212461395
7754	0.04232869103388473
7761	0.029265551526916924
7815	0.01846119245199437
7825	0.022562301936588477
7898	0.017998034630623286
7946	0.046981875212461395
7974	0.046981875212461395
7996	0.015390608233922515
8031	0.046981875212461395
8040	0.06304866391792434
8049	0.03767550685530805
8134	0.029763047662230535
8226	0.03767550685530805
8291	0.03960675278046839
8324	0.09396375042492279
8326	0.02721548611516515
8394	0.09942603166592955
8399	0.0109892926975295
8476	0.07921350556093679
8492	0.03495356860189172
8496	0.03899205069678498
8546	0.03152433195896217
8551	0.03998663425973717
8553	0.014568797987693735
8585	0.026871147780385494
8623	0.05252308086525182
8630	0.019062770141001353
8655	0.020994016066161695
8656	0.01648216607075996
8666	0.029763047662230535
8676	0.015366206800490756
8721	0.00819576869173901
8728	0.022387925230237533
8735	0.024612367348340252
8760	0.020080143662827874
8763	0.03960675278046839
8790	0.06304866391792434
8794	0.032615223816907804
8797	0.021547550611349057
8809	0.026543613273500594
8841	0.019723610727530934
8880	0.023114376630571046
8893	0.015868356749327853
8915	0.024856507916482386
8969	0.046981875212461395
8977	0.03495356860189172
8999	0.018856196127180747
9045	0.010990846781741727
9076	0.11199993618312243
9117	0.017001672474114604
9125	0.04354591998879275
9126	0.03152433195896217
9164	0.02020332373790571
9198	0.012624139219432458
9219	0.03495356860189172
9242	0.013665675187519571
9309	0.019608853646956834
9317	0.021279724109148877
9330	0.029763047662230535
9364	0.019385062066019823
9368	0.017998034630623286
9391	0.00807221074236884
9422	0.02221796360180882
9443	0.01846119245199437
9449	0.0890570470188949
9499	0.013526297328338882
9507	0.05592431557807052
9528	0.020661982348828167
9586	0.06604464535346274
9621	0.029763047662230535
9787	0.021793910761504717
9881	0.046981875212461395
9954	0.018755244965588305
9965	0.046981875212461395
9979	0.2121026909632053
9989	0.017564779423232143
10042	0.03960675278046839
10066	0.02796215778903526
10068	0.017998034630623286
10103	0.041927385882125356
10107	0.03325307986114441
10110	0.014152346608197355
10158	0.07338538278338888
10164	0.05806122665172366
10249	0.02796215778903526
10258	0.024612367348340252
10426	0.022052198988670786
10537	0.046981875212461395
10635	0.11754690152878712
10650	0.046981875212461395
10662	0.09396375042492279
10674	0.026231318559173756
10681	0.015187179504595473
10705	0.020719972884039616
10736	0.029763047662230535
10745	0.02721548611516515
10749	0.015366206800490756
10760	0.01927590314482958
10789	0.0518658165754511
10819	0.04232869103388473
10865	0.05129440048947674
10894	0.025823190489310942
10953	0.014052148841559831
10989	0.03617751613753884
11026	0.02564720024473837
11043	0.033918735705493606
11083	0.024856507916482386
11087	0.046981875212461395
11149	0.01846119245199437
11165	0.01648216607075996
11186	0.0455204901343812
11210	0.0374965886573397
11215	0.04227070049867327
11236	0.02510986348365386
11283	0.07235503227507768
11318	0.01739901481009411
11349	0.03617751613753884
11353	0.013081556873084184
11354	0.046981875212461395
11364	0.03767550685530805
11386	0.018755244965588305
11400	0.02221796360180882
11464	0.09265350821325129
11503	0.016411127040242595
11519	0.01501280279824453
11579	0.027578446169898713
11596	0.021279724109148877
11650	0.03960675278046839
11659	0.011129005211894223
11671	0.020080143662827874
11699	0.009227138536350878
11747	0.03960675278046839
11784	0.021427271273552834
11803	0.026543613273500594
11817	0.01846119245199437
11841	0.032700068509344114
11904	0.05098332252606974
11923	0.046981875212461395
12051	0.03302232267673137
12150	0.018958688587307985
12177	0.03767550685530805
12261	0.02221796360180882
12275	0.016626539930572205
12391	0.018551569175810648
12417	0.01677408709497616
12425	0.055232033093670786
12532	0.1445606877202328
12535	0.03791737717461597
12624	0.03302232267673137
12626	0.03316253587904378
12631	0.01613425787376442
12676	0.007175797713606613
12749	0.025248278438864916
12774	0.021427271273552834
12779	0.046981875212461395
12785	0.013665675187519571
12806	0.12120153769326017
12838	0.019385062066019823
12862	0.027520455634687267
12982	0.01677408709497616
12989	0.07235503227507768
