158
t_index	tf-idf
34	0.07189023474590335
65	0.03334664475922182
108	0.06289176791001376
376	0.029066460704833923
567	0.04323468534687136
684	0.13654884410670556
886	0.04166889134918632
979	0.04084117250736758
981	0.07530635485553178
1040	0.020234851862801145
1169	0.07189023474590335
1258	0.026975616363294153
1546	0.048527732912032676
1616	0.016902847730637403
1636	0.0299305246495934
1671	0.05612771964931557
1680	0.04497906591914017
1710	0.04300095455670508
1972	0.14700641238085493
1975	0.0859177931359455
1988	0.05408347829470435
2063	0.02137744397134144
2078	0.022490256142970115
2112	0.03574775703764255
2244	0.059819686309877815
2315	0.03490484308848814
2316	0.05105495026415447
2397	0.11406550032996361
2487	0.08049697870846281
2508	0.04395808303963553
2545	0.03912781336290462
2611	0.06053186445697027
2781	0.029066460704833923
2816	0.03618728204061443
2845	0.031164136910845804
2873	0.05786267635586123
2891	0.04104394460268851
2900	0.21580493090635322
2926	0.053155371752946746
3042	0.026653308261117906
3047	0.039308987896142844
3062	0.09652923141635922
3199	0.0514526107877813
3272	0.025501707686100942
3314	0.03490484308848814
3328	0.0678736820173272
3335	0.04787618482194534
3403	0.041645413706351435
3472	0.048527732912032676
3620	0.08250167302631707
3771	0.03791629463161897
3801	0.05668447443725475
3839	0.027057264926879068
3848	0.034105927772351295
3881	0.06127879646548964
3897	0.04420701648187919
3937	0.04254393347253303
4020	0.04300095455670508
4072	0.08168234501473516
4088	0.04956019615906734
4135	0.027472170250283562
4214	0.049920426176556565
4701	0.07530635485553178
4716	0.04044351198374076
4718	0.06568294127314435
4733	0.06909906138277276
5187	0.04471736605276501
5213	0.03463387903460857
5232	0.09413928351284657
5246	0.019025612793403975
5315	0.141277591791518
5443	0.10372175366541564
5484	0.06909906138277276
5536	0.06053186445697027
5561	0.05186087683270782
5613	0.055071502992730635
5618	0.055071502992730635
5712	0.03334664475922182
5856	0.08804729311744942
5984	0.04694807828018773
6009	0.0320454777667989
6161	0.08420032251854688
6573	0.12753362006672092
6591	0.0249211994886115
6646	0.024638996670455843
6667	0.040248489354231407
6671	0.06477903255258274
6807	0.02618222280353236
6849	0.03536288553763565
7047	0.08554147729749095
7125	0.06289176791001376
7150	0.0903219379436002
7232	0.06909906138277276
7280	0.08554147729749095
7353	0.07350320619042747
7362	0.021953040693208435
7431	0.05186087683270782
7518	0.10714066969677292
7530	0.171835586271891
7614	0.08646937069374272
7666	0.07735059621014301
7677	0.017637132840970498
7717	0.02633764616268565
8002	0.04725123807544752
8012	0.04104394460268851
8290	0.05028933726566136
8496	0.04446006471231692
8553	0.033223679685405384
8585	0.06127879646548964
8613	0.10714066969677292
8630	0.043472040014290635
8676	0.0350421450795351
8783	0.03286060173387692
8848	0.04371313270379755
8921	0.04420701648187919
9076	0.14594987795844144
9113	0.07530635485553178
9205	0.04497906591914017
9265	0.06469491657511807
9399	0.05668447443725475
9441	0.015378698322003033
9449	0.23694038502332246
9654	0.12753362006672092
9688	0.0903219379436002
9739	0.06673915792972929
9757	0.10714066969677292
10068	0.24626366761613105
10158	0.36817666063737486
10219	0.03262324706645764
10307	0.0678736820173272
10481	0.09160472551794929
10545	0.07971049966318648
10622	0.07043112459029152
10878	0.03334664475922182
11026	0.058487623102359054
11051	0.06289176791001376
11410	0.03397673654673054
11590	0.029832073703327043
11659	0.012689670921702178
11714	0.15086801179698406
11755	0.16225043488411303
11776	0.04819849292412158
11782	0.04787618482194534
11876	0.043472040014290635
11890	0.06469491657511807
11931	0.05668447443725475
11942	0.049920426176556565
12147	0.0903219379436002
12253	0.19305846283271844
12332	0.06053186445697027
12475	0.08841403296375838
12532	0.054944340500567124
12626	0.025208702198854224
12666	0.09639698584824316
12776	0.03334664475922182
12785	0.031164136910845804
12958	0.026813614117325454
12982	0.038252771239557906
