325
t_index	tf-idf
65	0.02078326313311405
103	0.05354817899833847
104	0.06016174733767337
106	0.04693461065900357
150	0.03772642423340959
205	0.03645235284520106
342	0.02427477455512671
413	0.011131212386670133
512	0.039742600841907144
567	0.02694597458093372
631	0.0349815453685423
684	0.028367977029207396
702	0.03919723171006835
756	0.04032104231966867
771	0.03919723171006835
835	0.0415951137078772
886	0.0519401900627971
908	0.026515464163237343
909	0.0448055172031141
979	0.025454220087638337
986	0.048208682047212105
1019	0.018903631265716234
1040	0.02522270253938394
1054	0.034010399811783845
1120	0.029449287068554843
1130	0.07954639248971203
1255	0.03645235284520106
1391	0.04967948952387086
1496	0.11258611572641153
1546	0.030244861204074852
1554	0.20725632070272926
1572	0.051419085542449006
1613	0.06741494796066752
1616	0.021069366025956653
1636	0.13057918774057212
1646	0.09986156050520742
1690	0.02449928755473979
1710	0.08040090629627142
1720	0.034244005492723814
1786	0.024613556731840677
1800	0.019625315233983035
1832	0.02449928755473979
1839	0.022931612624289534
1876	0.06677531567700827
1900	0.034010399811783845
1917	0.01641491173874613
1942	0.03134277936292588
1996	0.01544376618198768
2063	0.053293882653297535
2078	0.042051089222811845
2173	0.03312903250257224
2199	0.06677531567700827
2235	0.034010399811783845
2239	0.056293057863205764
2275	0.02237019409885033
2298	0.05541938209995339
2315	0.021754408689872495
2316	0.03181994690169047
2345	0.06677531567700827
2381	0.03066899157322475
2383	0.04967948952387086
2397	0.03554560473602597
2462	0.04230220471549297
2463	0.06677531567700827
2471	0.10283817108489801
2472	0.056293057863205764
2487	0.02508483090275531
2488	0.038681356766308135
2670	0.021669596022581228
2681	0.04581080004940325
2709	0.01871592628276348
2774	0.0415951137078772
2818	0.01760589381598448
2882	0.03258366337073345
2900	0.11768768221602449
2931	0.03728255991255965
2986	0.022740779018084915
3031	0.03258366337073345
3060	0.06677531567700827
3078	0.06016174733767337
3272	0.01589391391580474
3275	0.060079325419060886
3296	0.13355063135401654
3314	0.021754408689872495
3403	0.012977731306942653
3432	0.034454866472348376
3465	0.04922711346368135
3472	0.030244861204074852
3496	0.016966009698283744
3505	0.02246149969748828
3533	0.03725184892326491
3536	0.0748944365553282
3579	0.05354817899833847
3631	0.0346467263745419
3670	0.048208682047212105
3820	0.03568863637615807
3866	0.025708671493508105
3872	0.03206778842697324
3946	0.01562128501873359
3980	0.025454220087638337
4072	0.025454220087638337
4083	0.08159022142477318
4086	0.031578380524444304
4099	0.02078326313311405
4135	0.034244005492723814
4191	0.03341387043809204
4195	0.029642048417415932
4200	0.06677531567700827
4214	0.09333856768222408
4231	0.2003259470310248
4233	0.06677531567700827
4235	0.03045456991484399
4330	0.03045456991484399
4332	0.014724120748553062
4374	0.0349815453685423
4415	0.03919723171006835
4566	0.0448055172031141
4595	0.02133768908788796
4615	0.12032349467534674
4697	0.3233516949712046
4706	0.027551978992390997
4708	0.01096478905855937
4716	0.05041275712471114
4770	0.07948520168381429
4813	0.056293057863205764
4915	0.022101405556930943
4973	0.03258366337073345
4984	0.02508483090275531
5054	0.03206641269886967
5072	0.02597009503139855
5078	0.024613556731840677
5170	0.032322239832843006
5187	0.027870053854140278
5210	0.046650253263497754
5232	0.019557404895727937
5246	0.03557308267225652
5279	0.015140840350537598
5310	0.02657665496913509
5315	0.07547238717632176
5429	0.021096122710641797
5446	0.02597009503139855
5509	0.051419085542449006
5536	0.03772642423340959
5600	0.012578731196053627
5778	0.021096122710641797
5792	0.06677531567700827
5800	0.03312903250257224
5810	0.019831995421557173
5812	0.17558451300757819
5856	0.018291795913613587
5867	0.05354817899833847
5915	0.06677531567700827
5938	0.029449287068554843
5965	0.038681356766308135
5984	0.029260343028104634
5987	0.0448055172031141
6003	0.051419085542449006
6009	0.019972312101041483
6016	0.04032104231966867
6018	0.0415951137078772
6027	0.030888342894461608
6035	0.038681356766308135
6117	0.06016174733767337
6161	0.026238883573317936
6303	0.03685842954340975
6315	0.03370747398033376
6322	0.04032104231966867
6383	0.0448055172031141
6428	0.04093682772864649
6432	0.012353460915417435
6511	0.0346467263745419
6522	0.07137727275231615
6547	0.032322239832843006
6557	0.01859281022302067
6670	0.018967029254752337
6679	0.02694597458093372
6794	0.0415951137078772
6796	0.02133768908788796
6801	0.029838784505866158
6807	0.016318044284954637
6829	0.06016174733767337
6892	0.035328542235600745
6953	0.02694597458093372
6961	0.03919723171006835
7001	0.06016174733767337
7014	0.09935897904774171
7015	0.04586322524857907
7047	0.05331364052683013
7062	0.05354817899833847
7095	0.03066899157322475
7120	0.048208682047212105
7125	0.0783944634201367
7198	0.06664588914538992
7230	0.06016174733767337
7280	0.05331364052683013
7334	0.043065921184535956
7341	0.01589391391580474
7343	0.021926329778000388
7394	0.03952520678054469
7542	0.08613184236907191
7562	0.018232716082463334
7580	0.048208682047212105
7589	0.022772840106341754
7614	0.02694597458093372
7616	0.01728058859507837
7666	0.048208682047212105
7688	0.06016174733767337
7717	0.01641491173874613
7786	0.05354817899833847
7898	0.025580597594087238
7996	0.010937331882069596
8009	0.036583591827227174
8011	0.03685842954340975
8012	0.051161195188174476
8040	0.0448055172031141
8043	0.021502199408850495
8167	0.06016174733767337
8191	0.0896110344062282
8288	0.027709691049976694
8290	0.03134277936292588
8295	0.03134277936292588
8309	0.0448055172031141
8312	0.019625315233983035
8394	0.035328542235600745
8399	0.03123815239924432
8402	0.046252682123099326
8465	0.06016174733767337
8486	0.055103957984781994
8504	0.030039662709530443
8534	0.04693461065900357
8599	0.06677531567700827
8620	0.02342609437019554
8623	0.0149302056984561
8630	0.0812817169229966
8656	0.02342609437019554
8676	0.0218399820190405
8707	0.029449287068554843
8760	0.02853989811733529
8794	0.04635600125370552
8796	0.038191948863779204
8797	0.030625522877330977
8800	0.025708671493508105
8848	0.027244166419607085
8884	0.03568863637615807
8923	0.0343232593893116
8957	0.018411064494677814
9031	0.06677531567700827
9076	0.1364446741085095
9126	0.0448055172031141
9151	0.030888342894461608
9262	0.024613556731840677
9317	0.030244861204074852
9391	0.011473029079734276
9422	0.0947351415733329
9449	0.08438449084256719
9463	0.03772642423340959
9468	0.022931612624289534
9499	0.019224919609026867
9528	0.029366865149942366
9584	0.038681356766308135
9683	0.030039662709530443
9688	0.11258611572641153
9698	0.03568863637615807
9746	0.06016174733767337
9787	0.04646351165278812
9989	0.0249648121851094
9993	0.06016174733767337
10066	0.039742600841907144
10068	0.10232239037634895
10107	0.023631292864739955
10136	0.06677531567700827
10158	0.12516312929474022
10161	0.05247776714663587
10276	0.06363989380338093
10503	0.0448055172031141
10585	0.06677531567700827
10705	0.029449287068554843
10719	0.026656820263415065
10894	0.018351243845774502
11017	0.024846284421798235
11043	0.048208682047212105
11083	0.035328542235600745
11084	0.04093682772864649
11142	0.03568863637615807
11148	0.03370747398033376
11149	0.026238883573317936
11165	0.02342609437019554
11210	0.053293882653297535
11229	0.029075068036823176
11236	0.07137727275231615
11283	0.10283817108489801
11386	0.026656820263415065
11400	0.031578380524444304
11463	0.04693461065900357
11464	0.13168838475568365
11502	0.06677531567700827
11503	0.023325126631748877
11597	0.04032104231966867
11659	0.015817649526219786
11699	0.052458109496395115
11714	0.03134277936292588
11752	0.032322239832843006
11841	0.023238295486256867
11894	0.03568863637615807
11904	0.03623128536851216
11942	0.031112855894074695
12148	0.010224367459527973
12275	0.023631292864739955
12332	0.03772642423340959
12417	0.1430460094530545
12425	0.0588759457019491
12528	0.0699630907370846
12532	0.11985401922453336
12535	0.05389194916186744
12537	0.03045456991484399
12626	0.04713389561313013
12629	0.051419085542449006
12631	0.022931612624289534
12749	0.035885365482581345
12764	0.05354817899833847
12774	0.03045456991484399
12806	0.12919776355360788
12873	0.029075068036823176
12900	0.051419085542449006
12982	0.04768200315101817
