295
t_index	tf-idf
4	0.03321616830003938
65	0.021358060877701212
111	0.026419690080731594
147	0.04604469269102761
155	0.044256985080849666
266	0.05784994151946524
412	0.021046757098881676
446	0.03295467959241078
535	0.03667566846852101
554	0.017020135749213548
567	0.027691212964128024
617	0.06259368936238703
631	0.07189804322757919
684	0.029152543394481804
715	0.03376104432870438
756	0.04143619175680503
771	0.08056260037117303
783	0.06862210463403617
886	0.16013006248182565
936	0.06862210463403617
952	0.06862210463403617
979	0.07847460411930898
989	0.040841752461248326
1118	0.05784994151946524
1120	0.03026375896732683
1134	0.029509137071015577
1319	0.03295467959241078
1396	0.05502914819542061
1554	0.23665373251466365
1616	0.0433041528998364
1635	0.03046185147077415
1636	0.03834016718523201
1645	0.06259368936238703
1646	0.10262340783311291
1666	0.03706023718663461
1678	0.051053463300157455
1710	0.08262453495871315
1728	0.06182562641472839
1738	0.12348184994559708
1833	0.04143619175680503
1855	0.04511015298678311
1896	0.040841752461248326
1900	0.03495101731631678
1918	0.05784994151946524
1948	0.08056260037117303
1998	0.026553096838271718
2008	0.020970451301934926
2063	0.09584368296492703
2078	0.02880939076929543
2083	0.034639713537497244
2112	0.022895939803362058
2173	0.034045274241940544
2255	0.03495101731631678
2315	0.06706819552552205
2316	0.03269998357325786
2324	0.0434721466878288
2397	0.03652868103647952
2449	0.04206900779576445
2487	0.02577859607975876
2498	0.009608321067676145
2545	0.02506081873754755
2607	0.023082712029905448
2611	0.03876981493783423
2670	0.022268906864200178
2697	0.03975115781171856
2754	0.029509137071015577
2806	0.02553345217575242
2816	0.04635489887529081
2818	0.01809281581625233
2900	0.0691100241911348
2966	0.0440239723444498
3031	0.03348482196627873
3209	0.06867597974442434
3213	0.06862210463403617
3256	0.03295467959241078
3294	0.03026375896732683
3434	0.049541978052405164
3472	0.06216267221339516
3488	0.03321616830003938
3496	0.017435234576338603
3505	0.023082712029905448
3533	0.10208563843115918
3536	0.02565525803310425
3545	0.06182562641472839
3633	0.03706023718663461
3649	0.03975115781171856
3669	0.04823266997611282
3771	0.024284857887389797
3806	0.0470777784048943
3820	0.03667566846852101
3845	0.03876981493783423
3846	0.09324400832009273
3923	0.022096880602304587
3969	0.049541978052405164
3979	0.034639713537497244
3983	0.049541978052405164
3987	0.03046185147077415
4008	0.02030917299212664
4013	0.0218443710577783
4021	0.03295467959241078
4048	0.040841752461248326
4072	0.07847460411930898
4078	0.028476051357148886
4086	0.03245173625241204
4135	0.01759554188689
4214	0.1598666835926322
4227	0.06862210463403617
4276	0.010772163114570939
4361	0.049541978052405164
4487	0.024720718328859748
4595	0.021927820458686926
4635	0.044256985080849666
4688	0.07662734953495065
4697	0.3599857685336643
4708	0.011268039610716029
4716	0.15542103212370048
4770	0.040841752461248326
4775	0.034639713537497244
4915	0.02271265885170779
4944	0.11005829639084122
4949	0.01936172315379521
5018	0.05284117091033539
5104	0.06182562641472839
5109	0.06182562641472839
5110	0.018676633794190753
5187	0.028640849277086086
5210	0.07191067226405336
5213	0.022182516477839843
5232	0.040196598743656664
5279	0.015559586955866235
5315	0.02585323632086437
5536	0.03876981493783423
5600	0.012926618160432186
5618	0.03527252957645667
5623	0.02386755042292631
5738	0.040841752461248326
5812	0.13533045896034931
5856	0.03759537548874871
6009	0.02052468156662258
6013	0.021927820458686926
6027	0.03174261441650586
6184	0.009142426051124673
6428	0.04206900779576445
6430	0.017758513706547692
6449	0.0436887421155566
6454	0.014680917747073372
6460	0.02754151165290438
6465	0.03975115781171856
6522	0.07335133693704202
6608	0.03046185147077415
6609	0.03975115781171856
6667	0.02577859607975876
6685	0.03046185147077415
6807	0.033538697076666894
6809	0.06862210463403617
6849	0.0226494349754673
6875	0.051053463300157455
6899	0.05284117091033539
6986	0.03527252957645667
7030	0.0434721466878288
7047	0.027394061574711526
7113	0.034045274241940544
7115	0.0434721466878288
7125	0.12084390055675955
7140	0.07950231562343713
7198	0.05136682393780887
7280	0.08218218472413459
7331	0.02253274104377454
7343	0.02253274104377454
7501	0.05784994151946524
7542	0.132770955242549
7589	0.023402663106085877
7617	0.02754151165290438
7760	0.040841752461248326
7797	0.025903505353950078
7814	0.05502914819542061
7892	0.027394061574711526
7897	0.02235606517517402
7925	0.0470777784048943
8012	0.026288074072063683
8035	0.05284117091033539
8040	0.09208938538205522
8082	0.03108133610669758
8361	0.02235606517517402
8394	0.03630561529032336
8399	0.008025524629803415
8402	0.02376594075278162
8486	0.02831397749485457
8551	0.014601199865511193
8553	0.021279303462933837
8630	0.11137294127275786
8655	0.030664028642234095
8656	0.04814796853418296
8670	0.04511015298678311
8674	0.03706023718663461
8707	0.03026375896732683
8756	0.05502914819542061
8760	0.029329219263082327
8794	0.05444349498135751
8797	0.03147252564893351
8809	0.03876981493783423
8893	0.04635489887529081
8915	0.03630561529032336
8923	0.03527252957645667
8925	0.06182562641472839
9076	0.04673943062393721
9095	0.02668834374697094
9117	0.024832779496269528
9126	0.04604469269102761
9151	0.03174261441650586
9205	0.028808464391532684
9242	0.019960195040575734
9299	0.03495101731631678
9330	0.0434721466878288
9391	0.011790335904768258
9404	0.04143619175680503
9422	0.03245173625241204
9435	0.031517196548167536
9449	0.1734365851027288
9471	0.025176858499218656
9499	0.03951323723792786
9528	0.01508952876269849
9584	0.03975115781171856
9626	0.05784994151946524
9683	0.03087046248639927
9689	0.030664028642234095
9770	0.04604469269102761
9787	0.015916180632400002
9835	0.038313674767475325
9847	0.029329219263082327
9899	0.028154539097008997
9969	0.027394061574711526
10001	0.029509137071015577
10068	0.052576148144127366
10103	0.012247895376775801
10158	0.12862473606761798
10217	0.03433798987221217
10240	0.04823266997611282
10356	0.04028130018558652
10481	0.01955718302320268
10635	0.03433798987221217
10681	0.022182516477839843
10705	0.03026375896732683
10715	0.04287491202253933
10749	0.022444005185468442
10780	0.04028130018558652
10791	0.04511015298678311
10893	0.06862210463403617
10913	0.02159820133953004
10986	0.042745499833097375
11150	0.03269998357325786
11165	0.02407398426709148
11232	0.034045274241940544
11263	0.040841752461248326
11283	0.05284117091033539
11393	0.03174261441650586
11400	0.03245173625241204
11438	0.01826434051823976
11463	0.04823266997611282
11464	0.09022030597356621
11503	0.11985112044008892
11590	0.019107027134642292
11594	0.023082712029905448
11621	0.040841752461248326
11644	0.02376594075278162
11649	0.04511015298678311
11659	0.040637786203177026
11699	0.013477232725403692
11747	0.05784994151946524
11767	0.022444005185468442
11895	0.06862210463403617
11904	0.037233325374450066
11962	0.04604469269102761
12077	0.06862210463403617
12148	0.0210142806967258
12239	0.03560494261084047
12275	0.024284857887389797
12312	0.04511015298678311
12417	0.09800146584754292
12425	0.02016808789008881
12475	0.02831397749485457
12532	0.17595541886890004
12535	0.13845606482064013
12626	0.03229164433774556
12636	0.022268906864200178
12646	0.028978994697147632
12665	0.042745499833097375
12728	0.05784994151946524
12774	0.031296844681193516
12776	0.042716121755402424
12790	0.03495101731631678
12806	0.132770955242549
12839	0.022895939803362058
12905	0.06862210463403617
12982	0.04900073292377146
