234
t_index	tf-idf
24	0.03608593685081064
44	0.05161037747982796
208	0.017015418426565565
336	0.11973986274612
376	0.019393916562757567
461	0.055047313094235974
512	0.04254691363419202
556	0.02497099151249177
684	0.030369674934956035
715	0.03517058281513342
842	0.055047313094235974
886	0.05560518773132461
909	0.047967078912612
979	0.027250317813938357
981	0.0502464052140586
1167	0.047967078912612
1169	0.047967078912612
1171	0.03018888050298817
1255	0.03902449953986045
1363	0.0531849679031084
1428	0.0220863319498077
1613	0.03608593685081064
1616	0.011278030094199282
1631	0.03860751842954144
1636	0.019970443034959446
1646	0.021381596071641553
1680	0.030011230481924656
1710	0.028691381907841852
1716	0.0502464052140586
1725	0.055047313094235974
1738	0.03215931790641505
1839	0.024549710415267684
1845	0.020722359684038336
1866	0.03902449953986045
2057	0.03991328758204
2063	0.014263599855357398
2078	0.0600243910727349
2083	0.03608593685081064
2112	0.02385185538528505
2119	0.11465327879136514
2157	0.04196306222891026
2218	0.02685486383222384
2243	0.04316617103243462
2244	0.03991328758204
2248	0.033806610549364055
2275	0.02394867714093528
2327	0.05161037747982796
2363	0.02394867714093528
2381	0.06566610680083204
2397	0.09513442393936751
2462	0.09057425595901794
2487	0.02685486383222384
2729	0.041410786177186305
2794	0.03373688591862261
2845	0.145554793889697
2848	0.022499935768397428
2873	0.07721503685908288
2882	0.034882828047286284
2900	0.3779758404065091
3190	0.05161037747982796
3251	0.03460295797202837
3314	0.023289440753332058
3434	0.10322075495965592
3447	0.03546667945256804
3448	0.04610473372148442
3450	0.03860751842954144
3533	0.07976081913495943
3631	0.03709146466354863
3711	0.05732663939568257
3739	0.029166566131431673
3839	0.03610665527785094
3872	0.034330551995562335
3881	0.12266053419296408
4008	0.02115708991913973
4020	0.057382763815683704
4021	0.034330551995562335
4083	0.017469476233643713
4086	0.033806610549364055
4144	0.05732663939568257
4190	0.05732663939568257
4214	0.033308237624005844
4247	0.016580688191464164
4310	0.02875461472124749
4330	0.06520700349167938
4374	0.07489981823316003
4595	0.022843316631112685
4706	0.058992197078568405
4716	0.026984988123686854
4915	0.02366092237308814
4959	0.055047313094235974
5054	0.05149361879023777
5072	0.027802593865662306
5091	0.06073934986991207
5110	0.07782556595952474
5117	0.012791832952571226
5186	0.03608593685081064
5187	0.029836617362546117
5232	0.020937412232216908
5307	0.04904329641053423
5310	0.04267793072308835
5315	0.09426417117706931
5412	0.027116791484561416
5561	0.03460295797202837
5618	0.07349034647682773
5623	0.049728062353225
5800	0.03546667945256804
5965	0.041410786177186305
5995	0.024244773778369894
6009	0.021381596071641553
6018	0.044530143298203984
6052	0.029166566131431673
6149	0.0531849679031084
6153	0.02933000351803001
6315	0.03608593685081064
6349	0.06661647524801169
6403	0.0531849679031084
6417	0.027802593865662306
6428	0.043825407420037835
6449	0.022756383180922143
6454	0.03058770507206173
6506	0.05732663939568257
6509	0.055047313094235974
6557	0.019904753942062876
6667	0.02685486383222384
6670	0.04061075714743865
6679	0.05769466662962887
6682	0.05732663939568257
6755	0.0502464052140586
6807	0.017469476233643713
6849	0.01179752943606917
6890	0.03860751842954144
6934	0.0502464052140586
6962	0.033308237624005844
6971	0.0502464052140586
7047	0.028537775723871693
7198	0.03567427432369784
7280	0.028537775723871693
7343	0.02347349291734546
7446	0.055047313094235974
7630	0.1063699358062168
7662	0.026599485062137943
7797	0.026984988123686854
7802	0.05732663939568257
7912	0.011249929337158465
7913	0.008089300973158088
7941	0.04528712797950897
7949	0.05732663939568257
7996	0.03512727187830762
8002	0.03152728424791747
8113	0.018730788150438885
8179	0.03782139073633609
8329	0.030553727098969433
8402	0.024758179257938183
8496	0.029664939056789887
8499	0.047967078912612
8576	0.028386445270944066
8588	0.055047313094235974
8623	0.01598370914173039
8630	0.058011405338373345
8715	0.06813044461062165
8760	0.030553727098969433
8822	0.043825407420037835
8893	0.02414511817092117
8957	0.01971018389271088
9076	0.14607246738162008
9238	0.0531849679031084
9262	0.026350335667907353
9299	0.03641023769965398
9309	0.029836617362546117
9330	0.04528712797950897
9422	0.13522644219745622
9443	0.028090348633509444
9449	0.3613552780026546
9508	0.05161037747982796
9516	0.12539541862395534
9528	0.01571952324172051
9584	0.041410786177186305
9628	0.033554384926005515
9645	0.05732663939568257
9654	0.12764074090257604
9683	0.03215931790641505
9698	0.03820689379788499
9739	0.13359042989461195
9787	0.04974206457439249
9799	0.04528712797950897
10020	0.03460295797202837
10068	0.3560129658194629
10158	0.1339948755108442
10164	0.0220863319498077
10204	0.03610665527785094
10219	0.02176709913319046
10283	0.044530143298203984
10358	0.050597522823427804
10659	0.043825407420037835
10705	0.03152728424791747
10817	0.03744990911658001
10939	0.043825407420037835
11148	0.03608593685081064
11150	0.034065222305310824
11279	0.034065222305310824
11288	0.04088684473098803
11359	0.043825407420037835
11393	0.03306788256414729
11438	0.019026884787873503
11474	0.04676210459566046
11579	0.04196306222891026
11659	0.008466886338982946
11667	0.03945922977496184
11707	0.033308237624005844
11904	0.038787833125515134
11931	0.03782139073633609
11932	0.05161037747982796
11942	0.033308237624005844
12068	0.044530143298203984
12112	0.04528712797950897
12161	0.03641023769965398
12239	0.03709146466354863
12298	0.034065222305310824
12312	0.04699352176366397
12314	0.1314762222601135
12366	0.04904329641053423
12425	0.04202022890377094
12475	0.058992197078568405
12532	0.10998098111269464
12537	0.03260350174583969
12548	0.03517058281513342
12626	0.01681991736333677
12631	0.024549710415267684
12657	0.04904329641053423
12675	0.01861471168834798
12762	0.030741156554712115
12785	0.020793541984242426
12840	0.062380625952727274
12982	0.025523267564215715
