430
t_index	tf-idf
24	0.02395100651330021
65	0.01476764681207707
73	0.013706954171593564
201	0.029555606567257964
208	0.011293496390188501
214	0.029087858322896266
254	0.04274821670638485
336	0.05298260177070555
478	0.008511907494105126
543	0.03005803345747176
567	0.05743977253279555
627	0.03425490911552913
684	0.040314002941431296
704	0.028239294708804614
715	0.023343466502322545
716	0.04274821670638485
797	0.03529999838783169
863	0.03529999838783169
908	0.018840689612262294
949	0.012789977661327123
979	0.018086617569317075
993	0.03005803345747176
1019	0.013432065417727627
1076	0.04274821670638485
1081	0.04274821670638485
1082	0.05020572859799307
1120	0.04185066295994337
1130	0.07536275844904917
1143	0.04274821670638485
1166	0.027485222665859392
1171	0.02003700434730624
1251	0.03999930093610285
1255	0.025901393291289373
1303	0.029555606567257964
1332	0.03255108261754969
1387	0.015960125812658283
1400	0.03529999838783169
1473	0.03804891415811369
1546	0.021490630479023654
1554	0.03272599285626217
1572	0.03653607664144942
1580	0.03529999838783169
1613	0.04790201302660042
1616	0.007485469294038703
1636	0.026509618590825616
1646	0.09933995180052968
1647	0.029087858322896266
1680	0.019919094236528982
1710	0.09521541283399806
1716	0.06669922321968506
1718	0.04274821670638485
1738	0.02134482570936871
1825	0.03999930093610285
1829	0.08111664328166941
1830	0.03999930093610285
1832	0.01740808570043365
1833	0.02865030906157137
1866	0.025901393291289373
1890	0.04707998432106691
1896	0.028239294708804614
1900	0.024166251908619384
1917	0.02332738775971985
1984	0.027485222665859392
2063	0.08520350102203005
2067	0.04274821670638485
2078	0.00995986738188049
2196	0.027137471544907105
2216	0.029087858322896266
2218	0.1247690242470327
2220	0.02315247752100737
2235	0.024166251908619384
2271	0.021062298976402244
2277	0.02865030906157137
2317	0.02210738824870481
2324	0.06011606691494352
2327	0.03425490911552913
2335	0.07059999677566338
2344	0.054970445331718784
2354	0.03425490911552913
2381	0.06537599501124484
2397	0.03788564864198062
2449	0.029087858322896266
2462	0.12023213382988704
2472	0.03999930093610285
2492	0.03653607664144942
2498	0.006643500680936001
2520	0.0799986018722057
2539	0.03005803345747176
2545	0.017327852095598034
2697	0.027485222665859392
2729	0.027485222665859392
2748	0.031190603433623933
2754	0.020403561750725375
2769	0.03255108261754969
2781	0.012872156370316669
2794	0.01119594563549823
2809	0.03334961160984253
2845	0.04140335290931907
2873	0.05124926805648569
2874	0.023539992160533454
2900	0.21503197103087512
2924	0.01224103490780079
2966	0.015219791688257826
3007	0.04274821670638485
3008	0.04274821670638485
3027	0.0799986018722057
3031	0.02315247752100737
3041	0.014552401416757892
3101	0.025624634028242846
3211	0.03999930093610285
3251	0.022966721778456115
3260	0.04274821670638485
3270	0.031190603433623933
3275	0.02134482570936871
3289	0.023343466502322545
3328	0.03005803345747176
3338	0.027137471544907105
3341	0.026189933027294814
3372	0.04274821670638485
3403	0.00922138891931782
3417	0.03999930093610285
3432	0.01224103490780079
3433	0.011946220612826394
3447	0.023539992160533454
3450	0.07687390208472854
3488	0.022966721778456115
3489	0.03529999838783169
3494	0.018086617569317075
3496	0.0361658374957486
3508	0.029087858322896266
3516	0.03999930093610285
3533	0.05293895809066846
3547	0.03804891415811369
3600	0.02134482570936871
3646	0.03653607664144942
3659	0.07609782831622738
3663	0.023539992160533454
3771	0.016791327930752498
3809	0.027137471544907105
3815	0.037095993889488865
3830	0.025624634028242846
3839	0.023964757775545083
3844	0.04274821670638485
3845	0.026806690796975965
3916	0.05237986605458963
3980	0.018086617569317075
4018	0.11999790280830855
4020	0.019043082566799614
4060	0.021062298976402244
4074	0.016718033590066232
4086	0.022438168996635945
4099	0.01476764681207707
4214	0.02210738824870481
4247	0.011004956654183053
4276	0.007448218318553158
4310	0.047712628836776724
4325	0.02865030906157137
4328	0.02003700434730624
4345	0.0854964334127697
4374	0.07456891205696042
4429	0.04274821670638485
4595	0.03032319364073089
4676	0.0799986018722057
4688	0.2914043097388805
4691	0.04274821670638485
4697	0.03829318168853037
4706	0.05873157051335946
4716	0.08955256295323721
4718	0.029087858322896266
4733	0.06120139167912106
4915	0.04711277760736264
5032	0.025901393291289373
5045	0.03999930093610285
5047	0.03183677409317826
5072	0.01845317497273621
5082	0.02210738824870481
5110	0.012913622312925891
5132	0.04274821670638485
5187	0.019803199782220282
5192	0.04274821670638485
5208	0.03334961160984253
5210	0.03314756010530563
5212	0.03999930093610285
5232	0.04168982217244667
5304	0.01874171470874166
5315	0.008937877486206986
5409	0.0799986018722057
5446	0.01845317497273621
5455	0.03653607664144942
5480	0.03653607664144942
5516	0.024856304018986808
5532	0.023742385115070774
5536	0.026806690796975965
5600	0.008937877486206986
5618	0.07316566732387533
5628	0.03653607664144942
5729	0.01817641570968969
5737	0.031190603433623933
5778	0.05995980271233116
5800	0.023539992160533454
5845	0.05237986605458963
5856	0.03899196866450381
5909	0.020157001470715648
5923	0.026491300885352776
5938	0.020925331479971686
5948	0.03804891415811369
5950	0.04274821670638485
5965	0.027485222665859392
5995	0.01609177384198029
6009	0.05676568674315981
6012	0.029555606567257964
6013	0.015161596820365445
6018	0.05911121313451593
6027	0.02194785946529046
6058	0.03060069583956053
6130	0.03653607664144942
6145	0.026491300885352776
6148	0.03804891415811369
6184	0.006321365956471283
6226	0.04274821670638485
6300	0.03999930093610285
6315	0.02395100651330021
6349	0.02210738824870481
6403	0.03529999838783169
6428	0.11635143329158507
6432	0.01755562122629474
6459	0.03060069583956053
6464	0.02315247752100737
6522	0.0253587309092006
6551	0.03425490911552913
6557	0.013211210042376284
6667	0.017824146321004673
6670	0.02695422632283706
6672	0.03529999838783169
6698	0.04274821670638485
6716	0.03999930093610285
6741	0.03334961160984253
6755	0.03334961160984253
6796	0.015161596820365445
6799	0.028239294708804614
6807	0.05797432124123229
6834	0.017092695788810456
6847	0.03183677409317826
6849	0.007830272095535079
6890	0.05124926805648569
6907	0.017327852095598034
6947	0.03804891415811369
6959	0.018644163954051385
6961	0.02785178006927853
6969	0.018086617569317075
6997	0.03425490911552913
7015	0.016294166796517618
7047	0.018941130863897662
7113	0.023539992160533454
7121	0.021639640004343107
7125	0.02785178006927853
7162	0.026491300885352776
7196	0.03529999838783169
7198	0.10654999788351843
7212	0.02315247752100737
7232	0.06120139167912106
7234	0.0452196302778372
7280	0.037882261727795324
7313	0.024618396784800146
7343	0.06231943308858478
7353	0.03255108261754969
7439	0.011163738161709952
7537	0.04274821670638485
7562	0.012955343432172214
7575	0.024856304018986808
7577	0.03255108261754969
7589	0.016181350226111925
7619	0.030556980828176473
7626	0.03804891415811369
7643	0.022785920117588235
7645	0.06669922321968506
7664	0.01957719017111982
7666	0.03425490911552913
7677	0.007810649330802896
7717	0.011663693879859926
7733	0.022966721778456115
7797	0.017910512590647444
7825	0.022785920117588235
7888	0.027485222665859392
7897	0.030915397844888972
7912	0.02986727288721025
7925	0.03255108261754969
7958	0.03999930093610285
8002	0.020925331479971686
8052	0.04274821670638485
8076	0.02079107639025145
8101	0.04274821670638485
8103	0.02865030906157137
8117	0.03999930093610285
8294	0.03183677409317826
8340	0.025624634028242846
8394	0.025102864298996535
8402	0.03286506403399698
8417	0.02194785946529046
8433	0.015579858272146195
8553	0.014713191415036265
8576	0.03768137922452459
8606	0.03529999838783169
8615	0.04274821670638485
8623	0.010608728916835113
8656	0.01664552316109755
8689	0.03425490911552913
8721	0.016553996240016005
8794	0.032938477935363225
8797	0.021761111447750073
8812	0.04833250381723877
8854	0.024166251908619384
8948	0.03804891415811369
8959	0.025102864298996535
9045	0.011099778626191274
9076	0.11310998346782541
9117	0.034340356932493966
9207	0.03255108261754969
9262	0.03497856041919656
9264	0.04274821670638485
9299	0.12083125954309692
9310	0.03255108261754969
9391	0.024456646710725498
9394	0.0452196302778372
9422	0.08975267598654378
9435	0.04358399667416323
9441	0.01362099167029498
9449	0.22484926017124185
9468	0.016294166796517618
9499	0.013660358383488577
9507	0.028239294708804614
9516	0.0332910463221951
9539	0.03653607664144942
9567	0.03804891415811369
9577	0.04212459795280449
9584	0.027485222665859392
9641	0.03804891415811369
9654	0.11295717883521846
9659	0.016865423318344883
9679	0.025624634028242846
9683	0.02134482570936871
9709	0.03005803345747176
9739	0.11822242626903186
9740	0.02865030906157137
9748	0.03255108261754969
9787	0.011004956654183053
9793	0.02227076146685899
9830	0.0799986018722057
9931	0.03529999838783169
9986	0.016865423318344883
10068	0.12723490996782785
10086	0.03999930093610285
10107	0.016791327930752498
10158	0.3409184924110341
10160	0.07059999677566338
10204	0.03594713666331762
10207	0.011425786645673263
10219	0.014447288295994022
10226	0.02438855577462511
10276	0.0226098151389186
10358	0.016791327930752498
10461	0.020925331479971686
10493	0.02395100651330021
10498	0.03999930093610285
10622	0.031190603433623933
10643	0.03183677409317826
10686	0.03999930093610285
10760	0.019466949360348228
10768	0.060111013041918716
10769	0.03653483846036991
10912	0.03653607664144942
11015	0.018941130863897662
11055	0.02438855577462511
11080	0.01650278819474705
11091	0.01845317497273621
11103	0.03005803345747176
11210	0.0378682226764578
11216	0.04274821670638485
11227	0.03653607664144942
11273	0.03999930093610285
11438	0.012628549547326874
11464	0.031190603433623933
11474	0.1086295242193207
11503	0.016573780052652816
11519	0.015161596820365445
11579	0.05570356013855706
11644	0.01643253201699849
11659	0.005619653182089897
11699	0.0279557700531777
11707	0.02210738824870481
11721	0.031920251625316566
11730	0.0253587309092006
11748	0.01817641570968969
11840	0.03425490911552913
11841	0.008256040883901054
11843	0.01757145891858783
11868	0.029087858322896266
11904	0.012872156370316669
11942	0.02210738824870481
11949	0.04274821670638485
11962	0.03183677409317826
12019	0.04274821670638485
12063	0.03999930093610285
12064	0.03999930093610285
12144	0.019803199782220282
12186	0.03999930093610285
12226	0.04274821670638485
12265	0.04274821670638485
12303	0.03529999838783169
12314	0.05817571664579253
12393	0.03999930093610285
12409	0.02227076146685899
12417	0.050821012368215845
12425	0.06972430702890113
12475	0.03915438034223964
12532	0.04866448308029488
12535	0.09573295422132591
12626	0.011163738161709952
12675	0.012354981463667127
12676	0.007246918064555235
12774	0.021639640004343107
12785	0.013801117636439689
12798	0.017327852095598034
12806	0.03060069583956053
12839	0.01583098551796151
12840	0.08280670581863814
12896	0.03999930093610285
12928	0.04274821670638485
12982	0.016940337456071947
13023	0.03999930093610285
