78
t_index	tf-idf
91	0.1461669283398616
114	0.05068203453270147
554	0.04708035267824505
742	0.20747744316275374
778	0.03952465220841803
1040	0.07169954338390953
1252	0.06065577477593976
1279	0.03952465220841803
1394	0.2448434603323902
2008	0.058007542223197574
2160	0.10810855108423915
2270	0.12736680851415416
2298	0.0787692037556361
2553	0.1898194547504206
2782	0.08213386385251188
2966	0.06088859027959795
2976	0.06807489028891281
2998	0.0657403024780773
3084	0.08976656886273932
3239	0.08718148613978353
3780	0.05779809840529461
3810	0.10856668868844675
3815	0.07420347200593345
3848	0.060424940704845595
3853	0.15221921509900577
3858	0.0432835024916434
4297	0.15221921509900577
4708	0.031169156737745684
5024	0.10598160596549097
5054	0.04557693896756216
5117	0.033966107070714416
5232	0.05559503382353174
5315	0.03575704394474502
5802	0.037085000609448415
5810	0.11275120212809397
5821	0.1370408458224481
5984	0.24953153585693105
6161	0.07458819958618167
6273	0.1898194547504206
6454	0.0406097104839166
6697	0.14122184999190254
6807	0.04638663609986969
7080	0.11297466355178767
7167	0.2364814519934813
7362	0.038893860065391535
7562	0.051829395193470615
7614	0.3063928729240082
7677	0.09374230015666762
7884	0.07832088214944126
7913	0.08591796468895986
8009	0.20798935603825902
8398	0.05886187551874363
8551	0.040389198377902204
8752	0.10995790848676178
8938	0.06546211706876816
9441	0.027246200145244655
9847	0.08112919938063941
9950	0.06807489028891281
10164	0.05864575613111938
10688	0.06659239893063493
10714	0.06688248554225906
10751	0.08112919938063941
10922	0.0542808675987466
11017	0.07062951501917805
11167	0.058007542223197574
11206	0.1224217301661951
11244	0.33242011308135616
11353	0.052853020057335526
11441	0.06282676030057383
11493	0.09142044200608061
11519	0.06065577477593976
11553	0.12025074464156103
11707	0.08844324106393003
11721	0.06385038516443874
12291	0.08302027279378556
12365	0.08597582811182983
12391	0.03747667297008042
12963	0.12350689231266374
