95
t_index	tf-idf
27	0.07231243517785559
76	0.06364066053147441
114	0.054796727530590277
188	0.0828169534319834
778	0.04273351726652918
1134	0.08825387438947341
1140	0.2970725978372144
1233	0.11083717933337651
1236	0.09493360306558715
1252	0.0655802000491802
1279	0.12820055179958756
1394	0.13236071230352933
1578	0.12581706204292598
1616	0.03237776202475364
1660	0.08565705965663482
2146	0.34874959531057875
2160	0.1558473299164191
2171	0.10359804558393383
2281	0.09232523174307342
2282	0.10452907127020823
2323	0.08236923716414148
2386	0.09151875819125245
2418	0.07784879222955561
2818	0.05411073494140835
2849	0.05771339997607864
2858	0.0993406055147107
2972	0.04614439354421161
2989	0.10549062777227661
3350	0.08467947426872262
3432	0.05294755740927456
3581	0.06583191701035751
3780	0.06249051916133402
3826	0.09633028826372543
3858	0.046797535151708654
3993	0.1311604000983604
4083	0.05015260107178883
4845	0.164577348395882
4980	0.07047903534243821
5095	0.14079694475247542
5232	0.06010859565072077
5238	0.11458587325649415
5246	0.03644396336147511
5279	0.046534530286345924
5417	0.07784879222955561
5747	0.09110318634200493
5802	0.08019159817100587
6035	0.11888499754868663
6184	0.0273425318534141
6313	0.2970725978372144
6598	0.09051074506272715
6646	0.047196518801902114
6796	0.0655802000491802
6843	0.10858030866012279
6914	0.12581706204292598
6957	0.10269567143479087
7015	0.07047903534243821
7019	0.07901417124406131
7135	0.06364066053147441
7183	0.03988633500976977
7199	0.12581706204292598
7279	0.1300134722338855
7604	0.09151875819125245
7792	0.08192825372744411
7897	0.06686096455699529
7912	0.032297088394998834
7913	0.023223334187610706
8058	0.15059439401188285
8398	0.06364066053147441
9198	0.05514583696229522
9322	0.06435303999807324
9426	0.09360042595057332
9441	0.02945822162367167
9485	0.09051074506272715
9486	0.10754732807157723
9528	0.09025742588234262
9744	0.08327161131328446
9856	0.043787217900723395
9950	0.07360164699839546
10094	0.05695658775551992
10207	0.04942127025406836
10329	0.15270791404926526
10335	0.1442509141252326
10688	0.07199879747242403
10744	0.06483775923097783
11244	0.059901352060804075
11474	0.06712396942235804
11493	0.04942127025406836
11904	0.055677419722426666
12148	0.06284804887824351
12291	0.04488019581042122
12537	0.09360042595057332
12675	0.05344042356428218
12785	0.05969556282384829
12963	0.0890226499206569
12964	0.12589035408527013
