136
t_index	tf-idf
22	0.14825031453462928
188	0.040866585622102686
189	0.04525385556962832
472	0.04586971632117184
554	0.02511825089771573
577	0.05469335554657704
988	0.05254563740710384
1040	0.019126525371175554
1616	0.04793107676159673
1646	0.03029024614036754
1669	0.02792243944660227
1786	0.03732921296370473
1810	0.17638237634737983
1845	0.029356338663195043
1848	0.1031611539434658
2004	0.04409559408684496
2112	0.1689486996443076
2212	0.04863438943454109
2381	0.04651295748484689
2498	0.028359846576999147
2503	0.04684562830822807
2607	0.06813075532534187
2781	0.05494879842864573
2845	0.029457179095630257
2899	0.03938655508736906
2966	0.032485204558755795
3042	0.025193422721280265
3083	0.03879583864014377
3099	0.07118158890023563
3312	0.2025444763455154
3533	0.07532879634305599
3544	0.05721634381861645
3600	0.04555850984312671
3809	0.05792236401131932
4021	0.04863438943454109
4076	0.04789214758714529
4095	0.09124202174858367
4247	0.023489038180935787
4257	0.06947720435989115
4287	0.025268987088783793
4415	0.05944698793571712
4470	0.23465842343486046
4564	0.34044072604178766
4708	0.01662932953284127
4838	0.04863438943454109
4972	0.029256196094013517
5054	0.024316151494466184
5070	0.06208527995323409
5110	0.02756290434339907
5232	0.029660992936693442
5600	0.01907705337941899
5879	0.22188292171407117
5880	0.05528407199380234
6184	0.013492357214399604
6400	0.5063611908637885
6432	0.05620621737538714
6442	0.024969068715669403
6449	0.032237838817321354
6907	0.07396931987231438
6953	0.040866585622102686
7183	0.11809309016666569
7302	0.08537472126632442
7362	0.02075060359423729
7372	0.058664605858715115
7416	0.04109093962771355
7434	0.05721634381861645
7435	0.06531428841797637
7562	0.055303908245701125
7589	0.05180634034607003
7715	0.07311386072504973
7754	0.09124202174858367
7866	0.1012722381727577
7898	0.07759167728028754
8012	0.03879583864014377
8014	0.047186127394442424
8076	0.04437658434281423
8169	0.07798279685966736
8170	0.06947720435989115
8294	0.06795258043549333
8361	0.06598599005670723
8399	0.02368807678240923
8576	0.04021366840089946
8623	0.02264332758494049
8630	0.0821818792554271
8707	0.044663139122403016
8721	0.035332937870409864
8794	0.03013031271108079
8797	0.023223516171756563
9045	0.02369142670375165
9125	0.03128861048800914
9251	0.04555850984312671
9257	0.11732921171743023
9336	0.04109093962771355
9441	0.014536358636367477
9443	0.03979420298778537
9486	0.02653497809886907
9653	0.06208527995323409
9659	0.035997649487485045
9781	0.0248950504289937
9787	0.023489038180935787
9835	0.056543173909020916
10342	0.04684562830822807
10461	0.08932627824480603
10467	0.051121156051887565
10654	0.035073683984935294
10683	0.08537472126632442
10688	0.03552829341895269
10700	0.043819956353035545
10715	0.03163731515623764
10804	0.04226805524149538
10853	0.192468080805579
10878	0.03152014412338485
10928	0.05357968745345787
11075	0.07311386072504973
11097	0.043819956353035545
11230	0.08121180532440965
11397	0.1012722381727577
11441	0.033519254605109815
11590	0.02819807718041168
11699	0.03977929647467558
11841	0.03524347539735307
11927	0.061151372476061595
11941	0.07311386072504973
12053	0.08537472126632442
12149	0.05589993274534586
12191	0.060274101249247515
12409	0.047534832062670916
12423	0.03406537766267093
12425	0.08929195969083402
12469	0.03378973992886152
12768	0.040428050744123624
12838	0.0417856591220723
12840	0.029457179095630257
12869	0.021725226273724252
12873	0.04409559408684496
12887	0.03463292269822899
