110
t_index	tf-idf
6	0.06492278425989739
31	0.10558790741891604
114	0.07809948833757993
135	0.06916378912804458
208	0.034811263029814826
412	0.04485656664080745
413	0.14627922270843155
498	0.059670880834324126
546	0.05807485822772866
742	0.15985824466207244
744	0.04764707088341476
778	0.030453149154919208
1044	0.0744904609317073
1140	0.052925646602824096
1233	0.0789858024814064
1252	0.046734360788770406
1279	0.09135944746475763
1331	0.11261941652967053
1636	0.040856846883443175
1720	0.11250316524140509
1800	0.12895162530870377
1995	0.07023570302628607
2078	0.030700462566573487
2160	0.16659202027788364
2302	0.046734360788770406
2323	0.05869871767146134
2411	0.09110269828504071
2666	0.08262939412662007
2866	0.12329451728563871
2972	0.03288383894311026
2976	0.10490135507031692
3126	0.07079300910362869
3739	0.059670880834324126
3858	0.1333971467098297
3923	0.0941893511322852
4020	0.05869871767146134
4242	0.1088093081517634
4276	0.022958513292295958
4980	0.05022541351304071
5054	0.035116344935432704
5304	0.11553955264422155
5310	0.029104439959978027
5524	0.04552004266395668
5675	0.03980516639589996
5688	0.040324391599088606
5715	0.051986264214343686
5744	0.09920310813861603
5802	0.028573434347115397
5810	0.08687310283458961
5841	0.17515338008824025
5911	0.06814418499274477
5923	0.08165723096375731
5981	0.1672979965238398
6184	0.019485084637705
6313	0.052925646602824096
6343	0.12656580978276913
6563	0.053909251178172884
7176	0.044055789001142744
7183	0.08527249243630418
7215	0.13248616096106283
7362	0.0599342666210563
7589	0.024938832910422253
7616	0.03784839392486626
7677	0.02407567673412861
7828	0.07256006736160397
7897	0.09529414176682952
7913	0.01654962439620604
8009	0.08012633291077619
8058	0.053658975858869445
8149	0.12329451728563871
8312	0.04298387510290126
8399	0.01710465316309214
8435	0.12138096993924789
8551	0.06223853791117806
8556	0.08472091216016138
8580	0.0789858024814064
8938	0.05043757512602208
9045	0.06842828827833214
9210	0.07382698490855807
9322	0.09171970158275611
9333	0.07382698490855807
9406	0.10988289621298464
9441	0.02099278679424278
9744	0.05934177577468277
9750	0.10558790741891604
9856	0.031204046919257517
9949	0.03660208897802193
10073	0.11728261231018404
10103	0.026103714344057952
10208	0.07983888988401276
10213	0.03242853249349411
10224	0.0883121940424334
10445	0.13158729881738349
10714	0.41225558111529087
10751	0.06250882604936848
10922	0.08364518167175611
11167	0.04469393749800218
11173	0.12329451728563871
11244	0.21343724148793358
11386	0.17515338008824025
11415	0.07983888988401276
11492	0.04960155406930802
11786	0.06450059334753108
12291	0.06396586962839272
12620	0.055477316938613984
12626	0.034411294086116054
12628	0.06250882604936848
12676	0.022338022007065795
12963	0.12688026680749323
12964	0.22428283320403725
