248
t_index	tf-idf
76	0.10288513072967154
84	0.0337975346983325
129	0.042735241845601374
157	0.024459504807277616
167	0.029652028799251655
200	0.021204140243016426
208	0.031588873405457664
230	0.03532313104484021
232	0.03510742710044593
323	0.02434595082086788
348	0.01998882862053476
412	0.020352154470901412
413	0.11061544085190224
505	0.11957041107484005
601	0.059785205537420026
643	0.01977733335666017
691	0.03704921492427774
745	0.02634950853441327
763	0.06699300965281522
778	0.027634178990528283
989	0.03949385888991948
1019	0.01878531676085043
1040	0.025064838078298266
1074	0.03583714433568058
1290	0.057786184594656696
1482	0.05321303035966692
1520	0.15329178757628056
1616	0.010468748283979501
1628	0.16782218853079217
1676	0.03410843614276469
1678	0.04936855433251096
1762	0.059785205537420026
1808	0.03622420397700476
1810	0.028893092297328348
1862	0.01645842303668299
1917	0.016312173691886964
1926	0.0337975346983325
2063	0.0794404884161171
2087	0.04790695238128315
2088	0.03047703974652464
2095	0.07021485420089187
2132	0.051097262525426845
2217	0.023797726202429835
2218	0.024927829356005692
2226	0.02785770342724628
2251	0.02232091711957525
2252	0.031146610416900786
2281	0.02985164974155325
2347	0.020132492649830976
2386	0.014795445745047585
2418	0.025170961768140866
2471	0.051097262525426845
2545	0.07270122210051963
2546	0.04936855433251096
2637	0.04664085518191382
2670	0.021533969830554122
2781	0.018002260061394583
2802	0.02985164974155325
2807	0.059785205537420026
2849	0.01866055648010135
3047	0.02434595082086788
3050	0.029456524047393167
3089	0.03320473889712178
3131	0.05321303035966692
3239	0.03047703974652464
3356	0.02907720768501041
3389	0.03749030117637408
3403	0.051586023872622615
3440	0.03442987860499938
3472	0.030055563934793854
3496	0.05057946727853375
3505	0.02232091711957525
3621	0.059785205537420026
3774	0.08724278020406169
3780	0.02020514928533518
3797	0.12838913746427355
3848	0.021123444908822318
4007	0.040680611320517784
4073	0.08266955440706009
4078	0.027536260965011584
4083	0.016215912514459616
4260	0.059785205537420026
4276	0.02083330240981813
4289	0.03749030117637408
4310	0.013345629556103944
4332	0.014631965065263325
4362	0.045524078305354994
4456	0.05321303035966692
4669	0.03320473889712178
4708	0.0326884871142995
4915	0.021963076744939726
4968	0.12648316579170193
4984	0.024927829356005692
5047	0.04452508734767375
5054	0.015932857329504207
5078	0.024459504807277616
5117	0.011873924626257183
5170	0.032119940615924186
5171	0.043621390102030845
5227	0.05321303035966692
5232	0.03886999707328838
5242	0.051097262525426845
5246	0.035350437001498466
5348	0.059785205537420026
5349	0.059785205537420026
5390	0.059785205537420026
5486	0.03662773911254695
5622	0.04133477720353004
5641	0.059785205537420026
5675	0.018060251951880272
5744	0.022505032507257307
5778	0.020964085787258484
5802	0.012964232288514373
5856	0.01817731077865698
5971	0.03843925695442473
6020	0.29426209856984187
6303	0.03662773911254695
6304	0.042796379154757855
6360	0.15963909107900076
6414	0.04452508734767375
6430	0.017172432428959945
6432	0.012276142775265314
6454	0.028392811715293793
6591	0.015434899996657203
6627	0.059785205537420026
6641	0.04664085518191382
6646	0.01526011818974627
6670	0.018848317953018418
6849	0.010950969717891624
7017	0.03704921492427774
7032	0.051097262525426845
7097	0.06699300965281522
7114	0.042796379154757855
7135	0.020577026145934308
7176	0.01998882862053476
7198	0.03311438212073161
7275	0.03757063352170086
7409	0.03026396011560872
7429	0.043621390102030845
7442	0.045524078305354994
7457	0.03662773911254695
7532	0.03949385888991948
7589	0.011315154451771415
7619	0.042735241845601374
7640	0.024459504807277616
7662	0.024690775895536865
7797	0.025048616270172387
7825	0.031867081776671635
7889	0.04133477720353004
7912	0.020885327926876748
7913	0.02252650196196029
7985	0.05594072951026406
7989	0.05594072951026406
8009	0.03635462155731396
8113	0.017386716001790606
8159	0.03442987860499938
8196	0.08559275830951571
8208	0.05594072951026406
8351	0.030055563934793854
8398	0.10288513072967154
8435	0.027536260965011584
8504	0.02985164974155325
8591	0.04203744265283455
8666	0.04203744265283455
8676	0.021703289411015125
8719	0.1916278095251326
8725	0.2128521214386677
8794	0.032904190850832134
8836	0.038735980338305435
8856	0.06807838194052312
8899	0.043621390102030845
8938	0.022884348869640064
8997	0.09713918384954638
9005	0.04664085518191382
9030	0.03546526747508145
9198	0.01783038264430613
9206	0.05321303035966692
9242	0.05790435611907683
9266	0.06061544785600555
9267	0.05930405759850331
9363	0.04664085518191382
9389	0.04203744265283455
9391	0.125413435484296
9405	0.059785205537420026
9427	0.04790695238128315
9441	0.019049538188348404
9475	0.032646834191536876
9528	0.014591531551806982
9535	0.032921683712166375
9575	0.07687851390884946
9659	0.02358701431894458
9760	0.03546526747508145
9781	0.016312173691886964
9784	0.067595069396665
9787	0.015390901567186624
9909	0.03622420397700476
9949	0.016606963586925365
10063	0.09650726019846138
10103	0.011843680120431733
10107	0.023483388757040757
10110	0.01998882862053476
10126	0.03895190312760189
10158	0.02072995921199172
10164	0.020501474793711914
10208	0.10867261193101427
10213	0.01471335307174008
10217	0.03320473889712178
10380	0.042796379154757855
10414	0.043621390102030845
10417	0.043621390102030845
10419	0.07167428867136116
10445	0.02985164974155325
10478	0.07442568544324332
10514	0.03895190312760189
10552	0.059785205537420026
10564	0.031867081776671635
10678	0.029264969157927482
10715	0.02072995921199172
10717	0.032379727949848794
10758	0.03047703974652464
10768	0.028022605749515674
11007	0.05594072951026406
11237	0.04538558796034876
11248	0.032379727949848794
11353	0.055429323277257865
11410	0.0631302916680885
11519	0.021204140243016426
11667	0.03662773911254695
11699	0.013032445852775965
11748	0.07626147939231456
11870	0.026489979911610145
12000	0.08559275830951571
12001	0.059785205537420026
12148	0.03048112482307574
12190	0.05321303035966692
12275	0.023483388757040757
12391	0.013101153722538306
12433	0.4254190786842686
12435	0.24211168092486976
12485	0.09268708254293116
12622	0.059785205537420026
12624	0.04664085518191382
12676	0.020270248416587894
12775	0.04790695238128315
12816	0.03843925695442473
12820	0.05321303035966692
12848	0.059785205537420026
12927	0.051097262525426845
