201
t_index	tf-idf
70	0.04956771752018386
99	0.069502755180332
112	0.08038476499271618
208	0.023577784463143268
278	0.04456225801037818
413	0.06605027002327025
495	0.058147029467227544
548	0.15887180835441364
660	0.02555599016374437
691	0.11061342933013481
693	0.05981414333678245
715	0.04873488269695894
1019	0.05608508337403141
1058	0.058956055860063375
1321	0.07943590417720682
1467	0.055306714665067404
1554	0.034161537722616514
1560	0.14146748233582618
1616	0.015627647587832267
1646	0.02962787343907301
1669	0.027311844816328507
1690	0.03634340317470985
1896	0.058956055860063375
1912	0.053497347251089185
1926	0.1009052748763383
1928	0.06646662571414799
1996	0.02291001400076791
1998	0.03833003644836672
2023	0.048336149047015366
2063	0.23717600681490994
2211	0.06646662571414799
2217	0.071050037386499
2298	0.0411058677288401
2306	0.089246784597419
2320	0.089246784597419
2418	0.03757497164787835
2483	0.09164246076167382
2487	0.03721202590202995
2498	0.041609530403340415
2587	0.04259715190213182
2609	0.13293325142829598
2668	0.06795790988743972
2691	0.07627750613436017
2754	0.04259715190213182
2899	0.03852526862680318
3085	0.03373474834786968
3175	0.04956771752018386
3210	0.05294221302053306
3272	0.023577784463143268
3294	0.043686466830877006
3330	0.04956771752018386
3410	0.052408032322344006
3447	0.04914517543985119
3465	0.07302583096509807
3466	0.07666007289673343
3496	0.025168182109502675
3533	0.09210192754902319
3607	0.07369690703232327
3829	0.05665574529393582
3836	0.058147029467227544
3845	0.05596516401513421
3866	0.03813746057256148
3956	0.05981414333678245
3979	0.05000326291657027
4087	0.04041528645003849
4214	0.04615428359492203
4235	0.04517775100416873
4255	0.03721202590202995
4311	0.06795790988743972
4327	0.060727628569264454
4487	0.03568495382464304
4547	0.03568495382464304
4595	0.0316533383105538
4650	0.17214526844852066
4697	0.03997293455747426
4706	0.04087191019511413
4708	0.01626568726092504
4817	0.13925004751398928
4968	0.047203215875649525
5187	0.041343757505549805
5246	0.017590265061605586
5279	0.044921278958338064
5304	0.039127662028238995
5315	0.018659885446180385
5534	0.07369690703232327
5642	0.06795790988743972
5742	0.07369690703232327
5766	0.058956055860063375
5924	0.04019238249635809
5925	0.048336149047015366
5978	0.07151504158022993
6016	0.05981414333678245
6187	0.05665574529393582
6244	0.13023519017055915
6245	0.06962502375699464
6407	0.03153287708533763
6432	0.12827996191898372
6433	0.04914517543985119
6439	0.041343757505549805
6442	0.048846113984757064
6501	0.034751377590166
6537	0.089246784597419
6646	0.045560317766541986
6759	0.04615428359492203
6814	0.07943590417720682
6849	0.032695006289936
6908	0.04956771752018386
7019	0.03813746057256148
7039	0.07884600305794633
7222	0.05407514619189891
7226	0.02628200101931544
7236	0.14739381406464655
7275	0.028042541687015705
7384	0.07627750613436017
7391	0.07627750613436017
7589	0.03378230928424935
7797	0.037392335455437346
7800	0.041343757505549805
7815	0.03892400227674676
7934	0.08350778745253545
7996	0.01622495598525111
8024	0.08350778745253545
8082	0.04486665917312253
8192	0.060727628569264454
8201	0.05189328073980557
8399	0.03475511577251325
8402	0.06861341867822113
8542	0.06511759508527958
8676	0.032398463427677944
8760	0.08467487240401718
8774	0.089246784597419
8783	0.03038150207614591
8794	0.12770956188457383
8798	0.03129498730862792
8824	0.0316533383105538
8841	0.04158571397055901
8854	0.05045263743816915
8855	0.05407514619189891
8916	0.07151504158022993
8997	0.048336149047015366
9002	0.038723231413626436
9045	0.023173353848530705
9330	0.06275309344074524
9358	0.058147029467227544
9370	0.0464953629552551
9391	0.017019634572976942
9394	0.047203215875649525
9604	0.07151504158022993
9683	0.04456225801037818
9781	0.024350657302404332
9806	0.03038150207614591
9807	0.02767247855489816
9847	0.04233743620200859
9854	0.055306714665067404
10050	0.03445338535147455
10094	0.0274910131394568
10103	0.01768013271924462
10158	0.061890970780318744
10201	0.05045263743816915
10213	0.02196395313013465
10406	0.13023519017055915
10584	0.048336149047015366
10637	0.04914517543985119
10715	0.15472742695079686
10770	0.178493569194838
10796	0.025244898332698176
10849	0.05596516401513421
10894	0.027223104033299278
11054	0.04956771752018386
11080	0.03445338535147455
11150	0.047203215875649525
11174	0.07369690703232327
11180	0.10000652583314054
11210	0.01976466723457583
11232	0.04914517543985119
11353	0.11032582014090066
11634	0.045560317766541986
11659	0.01173232512829636
11777	0.11557580588040954
11862	0.1095387464476471
11928	0.089246784597419
12074	0.04233743620200859
12135	0.12777205322422217
12148	0.09100386481633482
12209	0.089246784597419
12283	0.06275309344074524
12391	0.0391145546374752
12417	0.035366870583956544
12433	0.29636205341406013
12435	0.04517775100416873
12485	0.08301743566469448
12504	0.03721202590202995
12532	0.02539958958313183
12675	0.05158775988090818
12676	0.01512961674974164
12749	0.026617025145960864
12776	0.030830876597744795
12869	0.10625074677344888
12873	0.04313133260032089
12987	0.07627750613436017
13024	0.07151504158022993
