35
t_index	tf-idf
208	0.07552932360661621
214	0.19453552632310767
277	0.12735747158912517
548	0.25446581386657374
723	0.16464439294908337
1409	0.2129198903506499
1462	0.19453552632310767
1862	0.07870452001478756
1917	0.07800515261737691
2587	0.2729123320102981
2911	0.11084312189352025
3432	0.08186632862736846
3871	0.2046531719496325
4195	0.1408617083961749
4453	0.12341225214329227
4454	0.3905767001834966
4708	0.052105674251746045
5246	0.11269768151804059
5810	0.09424344487421876
6814	0.25446581386657374
7226	0.0841920394649606
7362	0.06501910911520088
7677	0.10447305962687177
7840	0.21769708581148922
8340	0.1713739668347261
8440	0.26038446678899774
8444	0.13994568894532713
8623	0.21284908368429528
8794	0.03146970449863505
9784	0.16162051128389782
9969	0.1266756328657855
10705	0.13994568894532713
11180	0.1601809801983768
11777	0.12341225214329227
12626	0.07466151873106924
