295
t_index	tf-idf
37	0.10238118373516783
73	0.01698176456016317
105	0.02359277930025662
112	0.023851243684290705
186	0.030794872252585776
213	0.052188837554338376
348	0.03541469211031769
493	0.0318950404482032
495	0.03450601539896631
557	0.014450336733457527
577	0.031746768578958126
691	0.032820495997558395
693	0.03549532572800237
694	0.030215371478034304
715	0.028920593678063655
772	0.032447126542355355
796	0.0366169132744416
959	0.036037412499890134
960	0.027191553818099606
998	0.022082619706753553
1058	0.06997222695670965
1128	0.0826347334997164
1130	0.02334203143464316
1347	0.05878348981542569
1368	0.052961448793569864
1441	0.02453450066510597
1467	0.032820495997558395
1472	0.03549532572800237
1560	0.0839506191229301
1822	0.05878348981542569
1845	0.03407978466679764
1856	0.04243895429629744
1893	0.052961448793569864
1917	0.028900673466915053
1926	0.029939955666026495
1930	0.05878348981542569
1948	0.03450601539896631
1954	0.03723937797750362
1970	0.05878348981542569
1995	0.028229840552431266
1996	0.013595420146898246
2024	0.052961448793569864
2037	0.024972831230729943
2063	0.08210220586337469
2102	0.05878348981542569
2232	0.0672233985917263
2244	0.032820495997558395
2267	0.032820495997558395
2271	0.026094418777169188
2287	0.017397368823197753
2293	0.02334203143464316
2315	0.019150790208874113
2347	0.017834612576410284
2381	0.026998454975702565
2386	0.026213449804531486
2418	0.022298001500285977
2498	0.09053813072346832
2554	0.026094418777169188
2654	0.025595295933791957
2665	0.10592289758713973
2735	0.11756697963085137
2760	0.04935616831308224
2816	0.019854409453504352
2940	0.026625085520499525
2998	0.06107557952261738
3047	0.021567155555284004
3085	0.0400382188613064
3272	0.05596677259100724
3327	0.0413173667498582
3403	0.011424526089835681
3448	0.03791169107441225
3463	0.05878348981542569
3465	0.06500324619052626
3466	0.11373038657767778
3467	0.0758233821488245
3488	0.02845383861928902
3609	0.05184945511420459
3635	0.025924727557102296
3640	0.03723937797750362
3678	0.04243895429629744
3687	0.0413173667498582
3700	0.033621047153480244
3702	0.021176413953846732
3727	0.06789539279229956
3771	0.04160608899728739
3792	0.04713940777171403
3794	0.05559801226324882
3800	0.0905302583943838
3839	0.014845160682343364
3846	0.026625085520499525
3851	0.028920593678063655
3861	0.06810376314857419
3910	0.02680969580258836
3971	0.032820495997558395
3998	0.038912515359617414
4013	0.03742491928650028
4195	0.026094418777169188
4276	0.018455433394603548
4287	0.04400216501522582
4327	0.036037412499890134
4332	0.012961903561044244
4357	0.17635046944627708
4366	0.029164072456498994
4405	0.07155373105287212
4423	0.06593089532930574
4650	0.10215564472286129
4708	0.06756748232368602
4815	0.04850898749256506
4817	0.0413173667498582
4831	0.04395393021953716
4878	0.029414820322112453
4968	0.11204664512080738
4973	0.02868397437711048
5019	0.10592289758713973
5091	0.024972831230729943
5117	0.010518660016626009
5181	0.0413173667498582
5203	0.038642537019414225
5214	0.05878348981542569
5279	0.026657498374036567
5483	0.027591602267813264
5494	0.032820495997558395
5525	0.04955577311812392
5532	0.029414820322112453
5560	0.029939955666026495
5565	0.03450601539896631
5573	0.02453450066510597
5600	0.011073279244845108
5612	0.08216758973141952
5619	0.06283467391129557
5649	0.06158974450517155
5652	0.052961448793569864
5675	0.015998893043025472
5676	0.04955577311812392
5747	0.026094418777169188
5765	0.013556802011236983
5766	0.06997222695670965
5800	0.05832814491299799
5995	0.019936355759197215
6093	0.04713940777171403
6145	0.06564099199511679
6161	0.023098552656207822
6221	0.03549532572800237
6421	0.03208965005255642
6432	0.032624909513834066
6439	0.07360350199531793
6442	0.04347990198590419
6460	0.02359277930025662
6513	0.0413173667498582
6585	0.01615492408791275
6591	0.013673193199865824
6669	0.024117914644170665
6686	0.02868397437711048
6849	0.06790734458773862
6867	0.0758233821488245
6908	0.058829640644224905
6920	0.04243895429629744
6963	0.05878348981542569
6984	0.028011661280201845
7039	0.015596448179683552
7080	0.03498611347835483
7222	0.03208965005255642
7227	0.028920593678063655
7275	0.016641200490279416
7343	0.05790640613797384
7362	0.02408938356758681
7394	0.017397368823197753
7409	0.02680969580258836
7439	0.013830933604954684
7589	0.010023666686463761
7597	0.026267609030700592
7639	0.02398352090169389
7657	0.03791169107441225
7677	0.009676738270021537
7701	0.03944308817533607
7717	0.014450336733457527
7794	0.023219409845053583
7797	0.04437924051669204
7892	0.02346646970634431
7903	0.11756697963085137
7912	0.00925076041466371
7927	0.027191553818099606
7957	0.03549532572800237
7996	0.019256652874767036
8172	0.052961448793569864
8184	0.033621047153480244
8195	0.08487790859259488
8271	0.02439333045617847
8272	0.04032805642082214
8290	0.027591602267813264
8315	0.3177686927614192
8399	0.034374371629626664
8502	0.029164072456498994
8546	0.03944308817533607
8551	0.02501553947273006
8573	0.0413173667498582
8580	0.031746768578958126
8623	0.03942997134731297
8676	0.03845224384397449
8721	0.010254505237216232
8723	0.05878348981542569
8752	0.034051881574287096
8783	0.018029202662434872
8794	0.03497829143197219
8810	0.02467808415654112
8846	0.03791169107441225
8848	0.02398352090169389
8856	0.020102686535246463
8879	0.025758396781053048
8884	0.03141733695564779
8893	0.039708818907008704
8938	0.020272377755313358
9048	0.029164072456498994
9175	0.04713940777171403
9210	0.02967328470614653
9211	0.019692876980761883
9215	0.020102686535246463
9271	0.05878348981542569
9317	0.05325017104099905
9337	0.01653068008375128
9369	0.04020537307049293
9370	0.027591602267813264
9441	0.008437632121812267
9490	0.0413173667498582
9498	0.0366169132744416
9499	0.016924036293679723
9541	0.03208965005255642
9575	0.034051881574287096
9781	0.014450336733457527
9860	0.052961448793569864
10001	0.07583489610499362
10167	0.07630590587709495
10207	0.014155589659268702
10213	0.026068004225658917
10352	0.05087060391806329
10426	0.027591602267813264
10451	0.05325017104099905
10480	0.021769561245957435
10564	0.028229840552431266
10633	0.03944308817533607
10637	0.029164072456498994
10647	0.04243895429629744
10688	0.020622404639559576
10715	0.05509165671153447
10760	0.04823582928834133
10769	0.02263179759743319
10894	0.0323098481758255
10922	0.05042926972673206
11017	0.021872623026218594
11052	0.031100339723520373
11097	0.05087060391806329
11099	0.05645968110486253
11119	0.028011661280201845
11132	0.05878348981542569
11138	0.04713940777171403
11149	0.023098552656207822
11150	0.028011661280201845
11157	0.03498611347835483
11210	0.011728886551910669
11303	0.05987991133205299
11387	0.10592289758713973
11419	0.027389196577139837
11453	0.03723937797750362
11474	0.019226121921987246
11519	0.03756788916580015
11530	0.022407799530575433
11714	0.027591602267813264
11719	0.029164072456498994
11777	0.1371716001315279
11779	0.02680969580258836
11786	0.05184945511420459
11825	0.028011661280201845
11841	0.010228540982506931
11887	0.029164072456498994
12065	0.0366169132744416
12112	0.03723937797750362
12135	0.03791169107441225
12148	0.02700207379026771
12150	0.11860508679634921
12260	0.04955577311812392
12261	0.02779900613162441
12269	0.05878348981542569
12276	0.04713940777171403
12391	0.03481744734883999
12433	0.4773593516224285
12435	0.18766787061811854
12485	0.06568638019117086
12631	0.04037420724962136
12838	0.02425449374628253
12843	0.027191553818099606
12869	0.050441646810283486
12873	0.025595295933791957
12958	0.014711479934197485
12988	0.04032805642082214
12992	0.0758233821488245
