149
t_index	tf-idf
81	0.02995566601114202
160	0.06254861799646155
213	0.04382913787976926
248	0.09873489431496754
376	0.02678603684225781
413	0.016458762754658886
476	0.07917706925914739
478	0.03542534151632298
546	0.03920612767347748
692	0.06052975292439731
1058	0.05876395272929765
1372	0.07345677213248765
1560	0.035251630741917415
1616	0.031153452541033355
1635	0.04382913787976926
1690	0.036224981386978425
1759	0.09873489431496754
1912	0.0533230308429667
2063	0.07880106320814276
2224	0.06408192163363373
2226	0.2072510528672767
2357	0.05795756247791784
2484	0.09873489431496754
2496	0.048576084361367976
2498	0.02764929960165466
2508	0.040509329421689326
2668	0.06773647500582793
2740	0.05172419104154823
2788	0.03405022535185917
2798	0.07968537252092227
2818	0.02603231519937683
2835	0.04600389391488851
2919	0.06254861799646155
3071	0.0693981567312373
3080	0.03900016797753437
3209	0.09881241093091442
3267	0.09873489431496754
3281	0.09873489431496754
3465	0.07278788270769664
3466	0.038205141390570234
3533	0.01836036430121592
3578	0.05028824194959941
3897	0.040738732664929736
3946	0.02309784550999444
3980	0.03763695768027996
3987	0.04382913787976926
4013	0.03143012997442977
4014	0.040738732664929736
4183	0.038399737422097666
4300	0.06367785960457757
4431	0.03745253690242788
4487	0.035568677536296764
4529	0.06254861799646155
4708	0.032425373894728875
5036	0.0693981567312373
5042	0.04984033167541712
5117	0.08833762578043725
5210	0.034488851000099706
5246	0.0175329487275999
5279	0.04477490691563596
5419	0.04097192786857714
5430	0.06367785960457757
5573	0.0824180850046797
6009	0.029531333615257692
6066	0.04097192786857714
6332	0.15835413851829477
6373	0.03727049581398166
6430	0.025551314454106962
6432	0.03653199226515344
6450	0.2501944719858462
6531	0.0367380556966883
6561	0.05961924420332721
6585	0.16280639963650018
6646	0.022705931736000422
7039	0.026196363426960516
7222	0.05389894707666749
7343	0.03242057085611651
7439	0.023230940729282466
7514	0.06254861799646155
7589	0.016836116298028152
7677	0.016253402671466747
7694	0.08895598178705746
7794	0.07800033595506874
7797	0.03727049581398166
7911	0.030282506619596954
7912	0.015537914723042244
7996	0.016172088390975455
8013	0.05075084039648723
8027	0.06773647500582793
8113	0.02587015262536756
8184	0.11294227504629391
8201	0.05172419104154823
8309	0.06625005005105704
8399	0.08083102831954656
8623	0.02207600618270615
8647	0.05389894707666749
8687	0.06625005005105704
8794	0.029375407267396
8817	0.05028824194959941
8930	0.03006377373255105
8957	0.027222851568397242
9045	0.04619569101998888
9048	0.04898504020138757
9095	0.038399737422097666
9154	0.04984033167541712
9297	0.08895598178705746
9369	0.16882602893573265
9441	0.014172154773925898
9485	0.04354411831505662
9490	0.20819447019371187
9495	0.04169557308153033
9499	0.028426228862660146
9620	0.04169557308153033
9787	0.045801055535055715
9834	0.06625005005105704
9854	0.27563251296058466
10376	0.06254861799646155
10421	0.029741904518500988
10654	0.034194923939389194
10715	0.03084465224350817
10774	0.07917706925914739
10878	0.030730416893779245
10889	0.07602896257896712
10913	0.03107593592508649
11015	0.07883027746996019
11050	0.02578976500838668
11248	0.09635729990001551
11272	0.055782806442798594
11345	0.06052975292439731
11353	0.1099663331442863
11530	0.03763695768027996
11634	0.022705931736000422
11659	0.01169409637714556
11719	0.04898504020138757
11777	0.07679947484419533
11794	0.14256403219473682
11862	0.10918182406154496
12148	0.045353668357189396
12431	0.08323568466039774
12433	0.46419431722429255
12435	0.1350916298094825
12436	0.08323568466039774
12437	0.040738732664929736
12485	0.08274693064079697
12720	0.09873489431496754
12795	0.04567192592545426
12843	0.04567192592545426
12869	0.02118090760910957
12958	0.07412981541656888
