382
t_index	tf-idf
70	0.02280744423475688
81	0.013828469027879457
105	0.0365863868853227
112	0.018493599631139637
129	0.014676845498955099
158	0.03058308785008314
208	0.010848774791844857
230	0.012131255481307753
244	0.036550602799521756
323	0.01672258039460774
401	0.04100859452052408
412	0.013979348839044104
413	0.06838090056646533
430	0.025448111666983544
478	0.008176720854383847
499	0.020367182991008502
551	0.026755017142972903
556	0.015921128499851573
577	0.04923114580128907
578	0.029395684575199563
804	0.024360140662897097
847	0.021719473230670437
988	0.04729791965694628
1074	0.024615572900644533
1078	0.045579104383712814
1128	0.03203635200742622
1130	0.036197540861492725
1162	0.06193308134518113
1166	0.026402894241385713
1186	0.04106485359161729
1213	0.01680057758111472
1319	0.021888643449290184
1372	0.03390993536729509
1428	0.056327651849524304
1441	0.038046756677031716
1460	0.01462045824428208
1500	0.02433935705254489
1537	0.016645506273403284
1560	0.01627325140143876
1584	0.023214619765352107
1616	0.02157210693036942
1690	0.05016774118382322
1691	0.040734365982017004
1696	0.045579104383712814
1790	0.025158611240489237
1800	0.013395732877395788
1803	0.04106485359161729
1813	0.0193632478268344
1839	0.01565252601043469
1954	0.028874391454992626
1955	0.028391749411025458
2063	0.17279087676699245
2213	0.045579104383712814
2232	0.017374392657194652
2251	0.01533163907870604
2255	0.046429239530704214
2265	0.027522101215330694
2283	0.04377728689858037
2298	0.018913918833665423
2304	0.041288720896787416
2315	0.029697994069477734
2337	0.036550602799521756
2372	0.021888643449290184
2386	0.020325189413719136
2418	0.069157033113949
2456	0.024360140662897097
2480	0.01960009891865071
2498	0.03829133523939948
2500	0.03203635200742622
2508	0.01870036897325658
2554	0.020232896022529166
2591	0.043036861603335995
2611	0.025751081978798798
2654	0.019845889870801568
2665	0.08212970718323458
2688	0.029962362459079073
2754	0.058800296755952136
2788	0.015718645230433634
2794	0.010755065445169128
2816	0.03078912816505758
2826	0.04106485359161729
2839	0.025158611240489237
2911	0.015921128499851573
2924	0.01175900060934323
2998	0.031570885216216225
3023	0.03203635200742622
3028	0.09115820876742563
3041	0.013979348839044104
3042	0.07937076984772211
3047	0.01672258039460774
3076	0.03058308785008314
3083	0.017460654676322344
3134	0.017460654676322344
3184	0.10529201592653603
3272	0.05424387395922429
3314	0.014848997034738867
3403	0.08858263924412772
3433	0.01147579567607098
3466	0.035273367931712665
3496	0.011580559660003462
3505	0.01533163907870604
3600	0.08201718904104816
3602	0.045579104383712814
3606	0.03509733864217867
3628	0.020644360448393708
3677	0.038424186159390625
3680	0.08212970718323458
3687	0.03203635200742622
3727	0.017548074609442074
3794	0.021554586265892083
3806	0.03126926793506843
3846	0.10322180224196854
3874	0.024114349710746243
3905	0.03509733864217867
3916	0.025158611240489237
3927	0.02078750219353429
3946	0.010662685353979406
3947	0.027127272014937424
3980	0.017374392657194652
4025	0.028874391454992626
4055	0.03509733864217867
4099	0.01418611818116105
4210	0.022062325401537602
4247	0.0211431946689193
4268	0.09115820876742563
4276	0.014309836448644383
4391	0.021554586265892083
4399	0.08212970718323458
4405	0.018493599631139637
4431	0.01728925827848725
4487	0.04925883024837745
4612	0.025751081978798798
4637	0.059924724918158145
4650	0.026402894241385713
4708	0.037421407894410466
4743	0.09115820876742563
4744	0.03509733864217867
4829	0.025751081978798798
4842	0.028391749411025458
4915	0.01508584812655518
4949	0.05144056746039649
4968	0.2389142055373748
4972	0.026334388173878003
4973	0.02224076635087737
4989	0.03058308785008314
4999	0.03390993536729509
5024	0.025448111666983544
5092	0.04106485359161729
5141	0.02794242041785648
5158	0.019721834934640706
5191	0.20532426795808642
5209	0.046856339251521904
5210	0.047763385499554716
5232	0.013349379035939848
5272	0.01913470903637761
5279	0.01033474624264334
5296	0.025448111666983544
5304	0.036007386032334096
5315	0.008585916762606907
5397	0.09115820876742563
5419	0.037827837667330846
5432	0.036550602799521756
5457	0.13673731315113843
5485	0.023214619765352107
5560	0.023214619765352107
5573	0.019023378338515858
5600	0.025757750287820718
5612	0.021236831186703272
5635	0.036550602799521756
5639	0.02242423446158685
5660	0.04106485359161729
5726	0.017726515558781842
5729	0.017460654676322344
5765	0.010511572142444494
5766	0.027127272014937424
5768	0.03203635200742622
5774	0.038424186159390625
5800	0.04522604244568379
5825	0.027127272014937424
5827	0.045579104383712814
5856	0.012485507059897415
5995	0.12366482398815759
6009	0.027265167938424203
6013	0.014564555006348246
6034	0.17649860321230082
6184	0.006072439682910923
6211	0.04106485359161729
6221	0.027522101215330694
6343	0.019721834934640706
6407	0.014509127546420328
6430	0.01179528308330062
6454	0.009751130280995026
6458	0.022062325401537602
6513	0.03203635200742622
6526	0.05511577060226329
6557	0.012690971646479378
6585	0.037578254045103066
6591	0.010601818675144672
6625	0.024360140662897097
6667	0.017122257148057776
6670	0.012946403884226814
6671	0.013778942650565822
6807	0.01113827521833916
6849	0.03008770909853163
6908	0.02280744423475688
6948	0.045579104383712814
6984	0.0651584196920113
6993	0.03509733864217867
7015	0.04695757803130407
7019	0.017548074609442074
7020	0.018003693016167048
7027	0.018098770430746362
7039	0.012093057792741332
7064	0.07653883614551044
7072	0.044124650803075205
7173	0.03290600020312099
7198	0.034118070884114796
7200	0.045579104383712814
7275	0.03870939016711962
7286	0.023007850423235162
7301	0.024360140662897097
7329	0.03509733864217867
7394	0.013489442224071517
7409	0.02078750219353429
7416	0.09246799815569817
7511	0.03290600020312099
7589	0.031088303987694646
7635	0.029395684575199563
7682	0.01913470903637761
7706	0.03509733864217867
7717	0.03361318331501432
7794	0.018003693016167048
7797	0.034410444877149816
7800	0.019023378338515858
7815	0.017909983669491317
7886	0.020644360448393708
7904	0.09115820876742563
7924	0.08517524823307637
7994	0.028391749411025458
7996	0.02986216007983956
8013	0.046856339251521904
8075	0.029395684575199563
8113	0.02388493744010542
8192	0.02794242041785648
8206	0.023214619765352107
8271	0.018913918833665423
8290	0.021393771003172635
8294	0.03058308785008314
8312	0.013395732877395788
8399	0.06929765486247791
8420	0.03126926793506843
8433	0.014966345925449404
8459	0.06116617570016628
8623	0.04076388989559162
8655	0.020367182991008502
8676	0.014907407177215412
8678	0.018003693016167048
8719	0.03290600020312099
8735	0.02387749861892993
8794	0.07232321870637105
8798	0.014399668041569893
8800	0.017548074609442074
8831	0.03509733864217867
8836	0.06651676393103036
8864	0.02280744423475688
8880	0.02242423446158685
8893	0.04618369224758637
8903	0.026402894241385713
8938	0.015718645230433634
9045	0.010662685353979406
9164	0.01960009891865071
9211	0.030538632474529315
9229	0.025158611240489237
9234	0.027127272014937424
9256	0.045579104383712814
9257	0.026402894241385713
9266	0.013878374921362959
9369	0.031174142632906944
9370	0.08557508401269054
9383	0.04822869942149249
9384	0.03203635200742622
9391	0.023493579239010645
9397	0.07840039567460284
9430	0.024114349710746243
9441	0.039253849994853145
9443	0.017909983669491317
9445	0.03126926793506843
9498	0.028391749411025458
9499	0.0262448663475216
9576	0.02364895982847314
9648	0.018806268659909017
9781	0.011204394438338105
9909	0.024881433783104034
9917	0.04106485359161729
9977	0.03390993536729509
10103	0.008135106097896768
10110	0.013729790060793888
10158	0.04271655833655133
10204	0.011510530090303683
10207	0.032927566943643946
10311	0.05089622333396709
10336	0.045579104383712814
10358	0.01613010965629818
10372	0.017374392657194652
10421	0.013729790060793888
10477	0.06618697620461281
10478	0.01704033547379655
10480	0.016879520211077106
10633	0.03058308785008314
10637	0.06783906366852568
10654	0.031570885216216225
10676	0.027522101215330694
10700	0.019721834934640706
10708	0.0193632478268344
10714	0.03211940308205984
10729	0.026402894241385713
10744	0.014399668041569893
10760	0.07480147589302633
10789	0.025158611240489237
10794	0.017374392657194652
10829	0.025158611240489237
10848	0.02108358441667881
10865	0.024881433783104034
10878	0.0283722363623221
10915	0.028874391454992626
11017	0.033918862972848095
11052	0.024114349710746243
11080	0.015852932198912973
11081	0.027127272014937424
11097	0.03944366986928141
11160	0.015921128499851573
11179	0.025158611240489237
11238	0.01613010965629818
11353	0.05076388658591751
11381	0.03126926793506843
11419	0.021236831186703272
11438	0.024262510962615506
11441	0.03017169625311036
11519	0.014564555006348246
11590	0.012690971646479378
11596	0.020644360448393708
11659	0.010796718690897817
11667	0.025158611240489237
11699	0.01790327476753273
11748	0.017460654676322344
11777	0.035453031117563684
11803	0.025751081978798798
11817	0.017909983669491317
11841	0.007930929902232988
11887	0.022613021222841895
12000	0.029395684575199563
12074	0.019480596717544933
12084	0.03126926793506843
12148	0.034894444673941004
12150	0.07357050285383396
12332	0.025751081978798798
12382	0.02794242041785648
12391	0.08098947878409714
12409	0.021393771003172635
12433	0.48701491793862334
12435	0.27023752851594574
12484	0.03058308785008314
12485	0.11459568621436172
12495	0.03509733864217867
12496	0.04106485359161729
12568	0.01565252601043469
12582	0.017726515558781842
12626	0.01072412625524325
12628	0.019480596717544933
12668	0.045579104383712814
12676	0.0069615448839754485
12716	0.04976286756620807
12727	0.024114349710746243
12749	0.012247211432812658
12762	0.01960009891865071
12811	0.021888643449290184
12842	0.0641813130095179
12869	0.039111068302871844
12873	0.019845889870801568
12878	0.02794242041785648
12913	0.021393771003172635
12958	0.011406877707756044
