201
t_index	tf-idf
14	0.05493701316755838
84	0.042564796867096195
114	0.08925408206457307
135	0.03952106884521623
178	0.07570427754741776
202	0.1848265909719565
213	0.07419540943913196
318	0.2197480526702335
472	0.03785213877370888
478	0.014992296480567354
493	0.022672143086806415
554	0.020727826439474347
557	0.020543639228520885
586	0.03266918367109214
587	0.038382947676513283
695	0.05493701316755838
708	0.03185654133549153
742	0.09134503433681096
778	0.03480263355950774
995	0.046129171519231425
1040	0.015783395901980704
1140	0.060484775326447825
1156	0.05733326891812673
1252	0.08011382459472205
1279	0.05220395033926161
1319	0.04013357408101408
1428	0.05163933510885898
1531	0.08363645329732812
1720	0.04285715974466415
1862	0.041455652878948694
1917	0.020543639228520885
2000	0.05607513433626132
2160	0.0475963996873926
2204	0.0514505399107403
2209	0.03094917583232896
2251	0.02811108299946167
2357	0.049056236172604184
2386	0.0186334638995774
2418	0.03170044454938369
2495	0.05493701316755838
2498	0.035104234372761445
2509	0.06274469762064779
2639	0.05733326891812673
2666	0.04721548681884635
2701	0.07529380921039282
2736	0.06435216708178387
2752	0.04421448239923242
2823	0.03734392445493085
2848	0.026303184379201396
2976	0.05994196859306281
3084	0.03952106884521623
3085	0.028460607486564513
3126	0.040452025862331896
3134	0.03201470568875808
3169	0.04336117418211823
3175	0.08363645329732812
3210	0.08933029698101351
3350	0.034481934807814134
3356	0.036619991653885346
3436	0.05873974371934772
3452	0.03952106884521623
3496	0.021233350988200412
3581	0.026807108691073136
3608	0.048410606826536626
3613	0.05607513433626132
3727	0.032174993116809346
3737	0.03709770471956598
3780	0.07633942084912584
3826	0.039226208577851515
3858	0.019056206597915033
3889	0.04973877817277967
3941	0.08591269563473403
3980	0.03185654133549153
3993	0.3738645147753696
4048	0.04973877817277967
4235	0.03811459404399525
4247	0.01938338416266477
4276	0.013118786518894315
4307	0.02919193195240514
4308	0.03893845407332381
4422	0.03876676832532954
4547	0.030105914930990733
4586	0.06435216708178387
4663	0.048410606826536626
4840	0.049056236172604184
4894	0.15058761842078563
5054	0.020065926162840256
5246	0.02968035358322751
5315	0.03148514226053412
5485	0.08512959373419239
5486	0.046129171519231425
5487	0.029066891709408304
5600	0.01574257113026706
5611	0.08357084195591535
5712	0.02601073137605111
5778	0.07920684697896575
5802	0.17959946212238334
5810	0.04964039595296293
6009	0.024995807525100933
6150	0.039823394717134995
6184	0.011134025204951579
6313	0.060484775326447825
6430	0.02162705370604083
6439	0.06976002561225357
6518	0.048410606826536626
6563	0.03080443182865942
6671	0.02526416115761897
6849	0.02758342025241128
7183	0.016241928937406273
7199	0.051233380562889556
7226	0.08869213515499201
7362	0.017123601144329603
7516	0.03508414143659568
7553	0.062175022691498494
7562	0.022818663134815554
7589	0.014250366337614324
7592	0.049056236172604184
7616	0.02162705370604083
7877	0.0762291880879905
7884	0.034481934807814134
7885	0.053897989945975944
7897	0.027226142355650473
7898	0.03201470568875808
7912	0.013151547126809528
7913	0.06619666119504208
7982	0.19305650124535162
7999	0.08357084195591535
8000	0.08357084195591535
8058	0.03066142132780126
8113	0.04379384717895541
8191	0.05607513433626132
8288	0.03467931507184446
8391	0.038657470895371214
8490	0.0456209572004534
8494	0.04295634781736701
8502	0.04146174542725712
8551	0.01778194610665058
8560	0.04336117418211823
8678	0.09903115500101137
8760	0.035718338293426896
8783	0.025631612737257524
8791	0.1223376102812449
8792	0.052942181236029305
8812	0.042564796867096195
8824	0.10681843279296273
8850	0.04218567822830262
8854	0.042564796867096195
8880	0.16446239385443673
8940	0.04295634781736701
9045	0.0782015886087913
9239	0.06701677646487027
9293	0.04421448239923242
9322	0.02620490206229159
9337	0.02350120513499104
9368	0.03201470568875808
9374	0.02350120513499104
9391	0.014358759524490379
9394	0.039823394717134995
9474	0.10246676112577911
9499	0.024060428647503247
9526	0.045133492207652386
9528	0.018376653268533587
9856	0.01783038931343465
9862	0.06701677646487027
9945	0.07529380921039282
9950	0.05994196859306281
9959	0.06701677646487027
10103	0.014915994405648605
10164	0.05163933510885898
10329	0.062183479318423045
10421	0.050348076416723876
10659	0.051233380562889556
10688	0.05863659079428503
10724	0.05873974371934772
10725	0.04336117418211823
10904	0.05622216599892334
10940	0.05873974371934772
11125	0.045133492207652386
11167	0.025538684376476904
11244	0.024392150925569595
11249	0.052942181236029305
11380	0.040452025862331896
11415	0.0456209572004534
11416	0.051233380562889556
11495	0.045133492207652386
11620	0.03283856571808663
11699	0.04923939707639754
11744	0.05205724059221812
12156	0.04013357408101408
12283	0.052942181236029305
12291	0.018275455763764537
12391	0.032999326838590824
12409	0.07845241715570303
12626	0.019663051139558414
12645	0.22588142763117847
12771	0.05733326891812673
12816	0.048410606826536626
12907	0.038657470895371214
12963	0.05437574874239811
12964	0.3588425783216053
12982	0.029837561298472693
