341
t_index	tf-idf
76	0.01975080368885147
85	0.05738467015072181
99	0.02234474159814754
129	0.02050965397774049
208	0.04548074388580556
209	0.04738627526196148
218	0.027559601301546176
232	0.13479108123086606
242	0.02827376607726901
399	0.042737286389006465
401	0.028653026421423207
412	0.019534961211067795
413	0.05308696800322997
434	0.0654777830004923
487	0.06369295497399746
506	0.11476934030144362
577	0.0343981874505668
660	0.06572884715284065
778	0.013262296516359061
779	0.033697770307716514
895	0.05738467015072181
1040	0.024058418007848633
1054	0.03244047357765563
1058	0.03790807516683471
1162	0.02884875291618015
1250	0.06369295497399746
1278	0.06369295497399746
1279	0.013262296516359061
1290	0.027732957614050188
1319	0.06117506697458097
1413	0.03689581831056615
1428	0.019678285924836933
1458	0.02556319528495184
1460	0.020430857544121245
1482	0.051076385327446135
1496	0.05369456008523715
1553	0.03689581831056615
1560	0.022740496611485826
1616	0.020096800262435738
1632	0.05369456008523715
1660	0.02658356710496007
1669	0.017561206412785857
1681	0.022058824956686235
1839	0.02187308521946719
1845	0.03692605180674832
1878	0.12738590994799492
1892	0.06369295497399746
1896	0.03790807516683471
1917	0.015657196430717675
1919	0.02884875291618015
1921	0.050317285701391004
1944	0.04598336052563324
1996	0.014730879129291403
2037	0.05411701211161247
2063	0.13979302520670137
2157	0.03738788037320116
2226	0.053478284734793824
2251	0.021424672790774524
2282	0.03244047357765563
2291	0.02790968027807439
2382	0.042737286389006465
2397	0.016952406581843712
2498	0.02675445606352045
2501	0.039047176323521816
2545	0.046521382810238765
2576	0.019186223862201923
2670	0.020669323533369748
2673	0.04598336052563324
2717	0.03738788037320116
2754	0.05477897096888169
2760	0.08021742710219074
2830	0.04369616519647683
2835	0.029676680813597256
2839	0.03515703773945582
2906	0.022945020527160822
2966	0.020430857544121245
2972	0.014320857932989055
2976	0.022842184051853273
3000	0.039047176323521816
3050	0.05654753215453802
3089	0.06374296021645502
3229	0.04904557121228213
3314	0.020750221232530567
3327	0.08953620100834093
3350	0.05256034927323034
3356	0.02790968027807439
3359	0.03556159017371216
3389	0.035984965636872916
3432	0.016432211788210162
3440	0.03304742719067258
3465	0.02347739048144772
3520	0.05738467015072181
3555	0.04598336052563324
3600	0.057306052842846414
3628	0.02884875291618015
3633	0.0687963749011336
3669	0.04476810050417047
3682	0.04904557121228213
3771	0.022540468092904487
3774	0.4605686249668661
3780	0.019393858675610526
3848	0.020275282281684404
3858	0.014523559658002028
3917	0.0364290015657308
3923	0.02050965397774049
3946	0.029800407328565016
3962	0.04476810050417047
3980	0.07283774599204444
3996	0.12738590994799492
4013	0.020275282281684404
4014	0.02628017463661517
4060	0.02827376607726901
4073	0.07935015140471514
4083	0.015564800396191522
4088	0.08838759412450367
4094	0.026897423421805837
4099	0.039647807862208596
4135	0.03266329597792326
4191	0.06374296021645502
4196	0.06369295497399746
4206	0.031079595549925496
4276	0.00999839488876032
4289	0.035984965636872916
4309	0.04369616519647683
4310	0.025619533901289574
4332	0.028088905319610443
4346	0.05511920260309235
4360	0.04369616519647683
4391	0.03012071674245513
4422	0.014772915837889507
4458	0.030830239370038016
4483	0.06369295497399746
4487	0.022945020527160822
4612	0.035984965636872916
4708	0.010458652403595668
4775	0.032151530857619126
4949	0.017970963840739148
4968	0.09105339711552361
4972	0.018400043428957246
4984	0.07178073165304355
4997	0.039047176323521816
5047	0.042737286389006465
5054	0.015293110631523056
5064	0.027389485484440847
5078	0.04695478096289544
5185	0.05738467015072181
5187	0.02658356710496007
5210	0.02224843454885082
5213	0.0617674157955905
5246	0.01131034090446318
5301	0.04034952726060152
5310	0.012674935873732042
5419	0.052861213353940964
5429	0.020122321853694815
5487	0.02215313596885881
5516	0.033366790879081905
5517	0.033366790879081905
5563	0.03790807516683471
5619	0.034041242437325855
5747	0.02827376607726901
5748	0.03304742719067258
5750	0.03187148010822751
5802	0.02488736760026999
5925	0.031079595549925496
5964	0.06369295497399746
5995	0.021601395454798722
6014	0.03244047357765563
6035	0.03689581831056615
6166	0.04598336052563324
6356	0.0384598156808948
6369	0.03244047357765563
6394	0.04738627526196148
6414	0.08547457277801293
6454	0.013626382315553678
6501	0.02234474159814754
6557	0.017734562725289872
6606	0.02178161780401547
6646	0.043942151285145996
6654	0.04598336052563324
6671	0.038509820923352346
6849	0.02102251817796034
6867	0.04107799043868581
6984	0.030351132371841207
7039	0.033798057066091035
7092	0.05738467015072181
7097	0.032151530857619126
7140	0.03689581831056615
7176	0.019186223862201923
7212	0.031079595549925496
7237	0.021512605177542818
7275	0.036062072424372815
7331	0.04182841282399365
7362	0.02610127482630388
7425	0.04738627526196148
7457	0.10547111321836744
7459	0.06369295497399746
7460	0.10215277065489227
7562	0.017391090595680524
7575	0.06673358175816381
7617	0.02556319528495184
7643	0.030587533487290486
7717	0.015657196430717675
7769	0.04369616519647683
7804	0.03790807516683471
7817	0.03689581831056615
7913	0.028829337138211848
7996	0.010432462655360925
8014	0.029676680813597256
8039	0.04598336052563324
8113	0.016688593002202576
8196	0.20538995219342904
8253	0.06369295497399746
8305	0.04717541230015882
8312	0.056158221352099705
8361	0.041500442465061134
8399	0.014898096804662548
8402	0.022058824956686235
8454	0.030587533487290486
8459	0.042737286389006465
8474	0.04598336052563324
8485	0.05369456008523715
8504	0.028653026421423207
8520	0.033366790879081905
8553	0.09875401844425734
8560	0.03304742719067258
8563	0.03689581831056615
8565	0.019324119397720774
8589	0.05369456008523715
8597	0.06369295497399746
8623	0.028482049381960788
8718	0.06369295497399746
8794	0.02526639989379397
8836	0.01859031372976716
8841	0.026739142367396912
8856	0.02178161780401547
8920	0.03187148010822751
8957	0.017561206412785857
8968	0.019678285924836933
8993	0.051076385327446135
9045	0.014900203664282508
9109	0.04904557121228213
9112	0.05738467015072181
9117	0.023049032301912256
9213	0.0313359767639179
9241	0.019393858675610526
9242	0.018526447283591888
9336	0.025843246034343462
9368	0.024399792561806487
9369	0.02178161780401547
9391	0.06566059183835388
9394	0.030351132371841207
9397	0.027389485484440847
9399	0.06739554061543303
9402	0.05369456008523715
9441	0.009142324222484607
9461	0.020589138598530166
9464	0.04738627526196148
9485	0.028089902627291136
9575	0.0737916366211323
9648	0.05256034927323034
9683	0.028653026421423207
9740	0.0384598156808948
9744	0.025843246034343462
9787	0.014772915837889507
9854	0.03556159017371216
9949	0.1434613475301764
10020	0.030830239370038016
10063	0.05557934185077566
10100	0.03689581831056615
10159	0.04738627526196148
10164	0.039356571849673866
10204	0.016084995189825074
10345	0.039047176323521816
10372	0.024279248664014815
10417	0.08373974999397565
10419	0.0343981874505668
10421	0.019186223862201923
10478	0.1190621595958973
10481	0.018152383759696557
10542	0.042737286389006465
10564	0.030587533487290486
10591	0.034041242437325855
10635	0.03187148010822751
10643	0.042737286389006465
10672	0.04738627526196148
10681	0.020589138598530166
10708	0.027058506055806234
10715	0.019897596084594762
10759	0.051076385327446135
10769	0.024521954546762346
10794	0.024279248664014815
10878	0.019823903931104298
11099	0.030587533487290486
11165	0.02234474159814754
11179	0.03515703773945582
11229	0.027732957614050188
11247	0.04034952726060152
11353	0.07093825090115949
11412	0.024771310726649825
11438	0.016952406581843712
11441	0.021081200661165176
11459	0.04186987499698783
11590	0.017734562725289872
11597	0.0384598156808948
11629	0.05369456008523715
11632	0.06369295497399746
11634	0.014647383761715331
11646	0.12738590994799492
11667	0.03515703773945582
11760	0.029048781434761497
11770	0.05738467015072181
11779	0.029048781434761497
11804	0.05738467015072181
11832	0.05738467015072181
11841	0.011082805772404855
11862	0.07043217144434315
11917	0.04904557121228213
12148	0.009752408800091152
12175	0.033697770307716514
12251	0.04904557121228213
12334	0.035984965636872916
12433	0.13611245617636247
12435	0.17429268860856897
12437	0.02628017463661517
12452	0.12639916137423618
12495	0.04904557121228213
12568	0.04374617043893438
12589	0.06369295497399746
12631	0.02187308521946719
12636	0.041338647066739495
12646	0.026897423421805837
12676	0.01945634390319241
12774	0.029048781434761497
12776	0.019823903931104298
12805	0.03790807516683471
12839	0.02125131647827051
12840	0.018526447283591888
12842	0.02989599097335508
12846	0.042737286389006465
12862	0.03730926306532578
12910	0.02827376607726901
