128
t_index	tf-idf
46	0.05152094008001727
277	0.08940439202415135
342	0.04048968277721557
423	0.04880547930403977
453	0.060151890275646956
493	0.09064924050172121
554	0.027625115643688587
557	0.027379639205648374
579	0.044462872100576506
693	0.06725443357105347
713	0.1069764481500235
723	0.05778982445288737
745	0.04422709385918347
1120	0.04912063297284526
1408	0.05267190462054851
1644	0.05348822407501175
1917	0.027379639205648374
2248	0.05267190462054851
2315	0.14514311634219687
2317	0.05189542183320723
2363	0.07462578576540453
2372	0.05348822407501175
2397	0.059289129817357025
2418	0.042248927990120234
2461	0.08408714730878016
2591	0.03505570216898868
2806	0.041442946139271866
2818	0.029366165852526983
2900	0.028042849342527015
2990	0.08931694817665688
3319	0.06828154736820652
3465	0.0410547624995657
3533	0.10355850008977098
3827	0.08041080829675604
3852	0.07055896011793888
3923	0.03586510066652374
4010	0.07321758247562447
4087	0.04544254997526183
4276	0.017484129160747104
4327	0.06828154736820652
4371	0.05391264229906102
4453	0.043317432552360965
4454	0.5483662950118814
4708	0.01828897853168283
4809	0.037465188209533776
4815	0.045955973216270964
5110	0.06062750332918846
5246	0.019778320763067427
5250	0.060151890275646956
5310	0.022164579253580067
5473	0.08576567652895362
5587	0.06828154736820652
5826	0.06937955099395432
5924	0.1355757568963502
6066	0.04621903276260311
6412	0.10455785621235429
6432	0.02060524650929645
6435	0.06828154736820652
6442	0.027461044703885117
6557	0.031012316351588375
6600	0.062186325172822784
6807	0.027218066851328573
6918	0.06828154736820652
7020	0.043994757759083306
7226	0.029551223056319246
7313	0.05778982445288737
7341	0.0530212571966724
7358	0.20911571242470858
7381	0.05348822407501175
7639	0.04544254997526183
7677	0.01833490854972528
7794	0.043994757759083306
7825	0.05348822407501175
7880	0.06937955099395432
7897	0.03628577908554922
8015	0.056426124180486
8233	0.12160312342621615
8241	0.1643910661303481
8399	0.01302610327357905
8425	0.06292667913600893
8440	0.18278876500396044
8444	0.04912063297284526
8551	0.07109693614047616
8623	0.024903188746665098
8673	0.08576567652895362
8678	0.043994757759083306
8794	0.12150377747968932
8824	0.035590701796444676
8856	0.03808937567004355
8889	0.07828569087385517
8895	0.0504476296170287
9095	0.043317432552360965
9097	0.08041080829675604
9215	0.03808937567004355
9391	0.019136709462626172
9406	0.08368167073734167
9471	0.2043208226520276
9528	0.02449157769482376
9553	0.08576567652895362
9574	0.06628960846478688
9781	0.027379639205648374
9861	0.21965274742687343
9949	0.027874437821705088
9969	0.08892574420115301
10178	0.04569719125099011
10738	0.08286407631871148
10758	0.051155067870021075
10913	0.03505570216898868
10922	0.06370025538691522
10953	0.03331328904671232
11180	0.11244635253650354
11186	0.026978742939829405
11634	0.02561378625330666
11659	0.013191710805457368
11698	0.060151890275646956
11808	0.07055896011793888
11862	0.0410547624995657
11902	0.22420325767845575
11904	0.06043282700114748
12004	0.08931694817665688
12324	0.05391264229906102
12417	0.11929848271397311
12426	0.05267190462054851
12505	0.05189542183320723
12675	0.02900238452346469
12676	0.017011592039725312
12677	0.044945173864632225
12768	0.044462872100576506
