224
t_index	tf-idf
46	0.03524134652373024
76	0.04724949856246985
167	0.03404387694772355
277	0.06115438024176451
333	0.029629984404887698
342	0.027695747382940377
401	0.034273064327848976
413	0.012699901522338302
423	0.03338391740793394
434	0.03916033573233522
453	0.041145087918992865
493	0.06200588133043725
554	0.01889612789761472
557	0.01872821713738887
579	0.030413487811035863
625	0.061094566912929006
660	0.01965524490791963
693	0.04600336863134927
713	0.07317401571628263
723	0.07905877594340124
745	0.030252210809979925
778	0.03172715754035202
1120	0.033599488778203
1319	0.03658700785814131
1408	0.03602862913438119
1459	0.05668067437009316
1531	0.038122789261672126
1644	0.03658700785814131
1771	0.06422627351088303
1806	0.02795190034153322
1845	0.022084385264097832
1917	0.01872821713738887
2078	0.015992408657907502
2158	0.03524134652373024
2248	0.03602862913438119
2249	0.04304309862311296
2315	0.09928077497431678
2317	0.03549749948232309
2363	0.05104551997071004
2372	0.03658700785814131
2397	0.040554942626023716
2418	0.028899106057527782
2461	0.05751727922468605
2477	0.05500259030673868
2498	0.021334737448794303
2583	0.02552275998535502
2591	0.023978796696086952
2740	0.03991139202515894
2794	0.017977160844565153
2806	0.02834779846000587
2818	0.020087040827960968
2845	0.02216024618754772
2848	0.023978796696086952
2900	0.01918186604626924
2912	0.0586654265567508
2966	0.024438189690120883
2990	0.061094566912929006
3083	0.02918559623536715
3126	0.03687731835483405
3310	0.03952938797170062
3319	0.046705934873125084
3403	0.014806644941831228
3459	0.03991139202515894
3465	0.02808227313883585
3494	0.02904140871735144
3533	0.0708360713425116
3827	0.05500259030673868
3852	0.048263730436758606
3923	0.02453244134781727
4010	0.05008228094529785
4087	0.03108360693948724
4276	0.01195949168362572
4287	0.019009524740285815
4310	0.015322289529456128
4327	0.046705934873125084
4371	0.03687731835483405
4422	0.01767049272126198
4440	0.05500259030673868
4453	0.029629984404887698
4454	0.5938979459844272
4708	0.02502004928477934
4809	0.02562693301438901
4815	0.03143479863594383
5110	0.04147041669608881
5117	0.013632606105962158
5170	0.03687731835483405
5204	0.0586654265567508
5206	0.06864016605371888
5246	0.01352876431575614
5250	0.041145087918992865
5310	0.01516101252840019
5473	0.0586654265567508
5527	0.03952938797170062
5587	0.046705934873125084
5715	0.027080555548988552
5802	0.014884402404297762
5826	0.0474569911659488
5845	0.0420527799855752
5924	0.2163851924483867
5925	0.03717558354567757
6066	0.031614736591545345
6397	0.0420527799855752
6412	0.07151965078345099
6424	0.06422627351088303
6432	0.01409439795378741
6435	0.046705934873125084
6442	0.018783900115374955
6449	0.02425209971488067
6455	0.043574228275171066
6544	0.038122789261672126
6557	0.021213040471553157
6563	0.02808227313883585
6591	0.017721007885972306
6600	0.04253668180450798
6801	0.03404387694772355
6807	0.018617698437256542
6815	0.06422627351088303
6848	0.040307290143631595
6918	0.046705934873125084
7020	0.030093288301949492
7198	0.03801904948057163
7226	0.020213623631679747
7227	0.03748225166898073
7313	0.03952938797170062
7341	0.03626759323664755
7343	0.02501634316675004
7344	0.05668067437009316
7358	0.28607860313380395
7381	0.03658700785814131
7573	0.09652746087351721
7639	0.03108360693948724
7677	0.0125414416871711
7794	0.030093288301949492
7825	0.03658700785814131
7880	0.0474569911659488
7897	0.024820193743579196
7996	0.012478698006495167
8015	0.038596589894267216
8233	0.08317895217702684
8241	0.1124467550069422
8271	0.031614736591545345
8399	0.008910113414179424
8425	0.04304309862311296
8440	0.2188045064153153
8444	0.033599488778203
8496	0.031614736591545345
8551	0.0648422889647242
8553	0.023624749281234925
8623	0.017034275826567757
8673	0.0586654265567508
8678	0.030093288301949492
8721	0.013290250895982103
8794	0.09822208804437249
8824	0.024344747069507178
8856	0.026053889637413126
8872	0.048263730436758606
8889	0.05354896777213914
8895	0.03450718084478534
8936	0.03450718084478534
9095	0.029629984404887698
9097	0.05500259030673868
9151	0.03524134652373024
9215	0.026053889637413126
9221	0.0474569911659488
9370	0.035759825391725494
9391	0.013089889440078911
9406	0.057239925194671755
9454	0.03952938797170062
9471	0.1397595017076661
9528	0.01675272569009104
9553	0.0586654265567508
9574	0.045343409091559664
9781	0.01872821713738887
9861	0.15024684283589354
9949	0.038133338440766745
9969	0.060826975622071726
10178	0.03125778663075933
10352	0.032965173534043955
10445	0.034273064327848976
10475	0.03474644318949937
10508	0.05354896777213914
10681	0.024627516174515595
10715	0.023800333708099773
10738	0.05668067437009316
10758	0.03499108266371811
10827	0.04413260699893118
10829	0.0420527799855752
10911	0.05668067437009316
10913	0.023978796696086952
10922	0.06535836021976292
10953	0.02278695150587365
11080	0.02649827780693368
11180	0.07691553898111879
11186	0.018453996127410145
11276	0.0474569911659488
11286	0.04600336863134927
11338	0.05008228094529785
11634	0.017520338637757937
11644	0.026385468523213534
11659	0.009023392255924145
11698	0.08229017583798573
11744	0.0474569911659488
11777	0.029629984404887698
11781	0.04253668180450798
11808	0.048263730436758606
11862	0.02808227313883585
11902	0.15335948224788282
11904	0.041337254220291504
11981	0.13728033210743776
12004	0.061094566912929006
12057	0.0522667818272573
12220	0.046705934873125084
12278	0.06864016605371888
12324	0.03687731835483405
12417	0.08160253214612849
12424	0.0474569911659488
12426	0.03602862913438119
12505	0.03549749948232309
12675	0.019838207172044823
12676	0.011636266905479371
12677	0.030743391799000677
12768	0.030413487811035863
12958	0.019066669220383373
12982	0.027200844048709497
