35
t_index	tf-idf
750	0.19526322932242524
1585	0.2452622064019562
1912	0.1720150289174608
1996	0.07366471280052657
2063	0.12710236976583292
2498	0.044597006165427784
3207	0.31850938388645156
3466	0.12324615456402634
4287	0.07947300913162057
4391	0.15062467953911596
4455	0.2452622064019562
5209	0.16371738703481184
5246	0.056559626013536236
5800	0.15802108345227478
5832	0.2554176993112248
6442	0.07852974157912573
6671	0.09628803798537848
7064	0.13371443929032054
7222	0.17387287994408043
7664	0.13141927918643254
7677	0.052431932062771275
7996	0.05216961992317621
8399	0.0372504591463137
8402	0.11030957425482212
8707	0.1404691866298474
8794	0.03158742386220908
8880	0.15670183078537178
10495	0.31850938388645156
10637	0.15802108345227478
11699	0.0625545531539051
11839	0.19526322932242524
12433	0.4083945664669225
12478	0.1720150289174608
12485	0.08897791093261559
12869	0.06832759461120573
