326
t_index	tf-idf
22	0.0210334797903998
24	0.02175892454706569
81	0.01307782381422293
105	0.017300191392142065
129	0.01388014820707445
150	0.024353246369166866
188	0.03478845244207654
201	0.026850571514921803
229	0.02120698877556291
268	0.13683216107693308
348	0.012984501397756379
478	0.007732867210110258
567	0.01739422622103827
704	0.02565473323595055
713	0.04140094206886446
743	0.04310495222128563
748	0.028922958412238756
807	0.029571890860087772
916	0.037072309289289715
979	0.01643126549958824
1009	0.305800115180986
1019	0.012202714644718048
1020	0.021954469912278316
1021	0.030297335616753667
1040	0.016281815770227675
1181	0.01831216044523383
1225	0.038835746686441644
1309	0.01865128251351833
1319	0.04140094206886446
1460	0.013826821799032118
1493	0.08620990444257126
1500	0.02301815353839335
1542	0.090892006850261
1543	0.04310495222128563
1546	0.019523730946433344
1551	0.028922958412238756
1616	0.013600744626570816
1636	0.012041681638075433
1667	0.026425633266483818
1669	0.011884751832919399
1687	0.07305973910750059
1713	0.06413843201168543
1740	0.08620990444257126
1858	0.02730701449524115
1962	0.045610720358977695
1976	0.019939112696982578
1995	0.02070047103443223
2003	0.05335624666216877
2004	0.056305810276659526
2008	0.039517746049150954
2082	0.04473046573744019
2112	0.17258492374409207
2128	0.026850571514921803
2185	0.02465375287739477
2212	0.02070047103443223
2248	0.02038454734255078
2257	0.04310495222128563
2274	0.031119777049765797
2287	0.012757200265834417
2309	0.04310495222128563
2351	0.04310495222128563
2353	0.02730701449524115
2381	0.01979751653789701
2386	0.009610942672230461
2456	0.02303780896039716
2461	0.032542556559596474
2475	0.04310495222128563
2498	0.04224824579927993
2503	0.07975645078793031
2509	0.03236304828068803
2560	0.02008404083432288
2611	0.024353246369166866
2672	0.04310495222128563
2753	0.062239554099531594
2794	0.010171252560119992
2811	0.08096408280362483
2821	0.014802866246387127
2823	0.01926159940131075
2878	0.026425633266483818
2891	0.016512844992280937
2900	0.010852859682232771
2934	0.031119777049765797
2946	0.02530268532524379
2947	0.029571890860087772
2966	0.04148046539709635
2973	0.022805360179488848
2986	0.02935935781391974
3042	0.010723188331622772
3048	0.024353246369166866
3083	0.016512844992280937
3129	0.028922958412238756
3209	0.021569396926986055
3239	0.01979751653789701
3294	0.03802034027607175
3350	0.017785415554056258
3432	0.011120691516196912
3433	0.010852859682232771
3465	0.03177719719226133
3496	0.021903873610055982
3533	0.12023448722869645
3547	0.03456654115159766
3552	0.028922958412238756
3588	0.014210182241103656
3649	0.024969676569276216
3663	0.02138552770110656
3666	0.017489719012221704
3722	0.029571890860087772
3747	0.12831316620663935
3793	0.019391270751920747
3809	0.02465375287739477
3812	0.04310495222128563
3851	0.04241397755112582
3914	0.02730701449524115
3927	0.019659102585884887
3970	0.090892006850261
3980	0.04929379649876471
4019	0.029571890860087772
4028	0.038835746686441644
4247	0.02999323072487064
4276	0.006766530680598929
4287	0.010755351128749018
4288	0.036338421540686706
4309	0.029571890860087772
4310	0.008669159604838045
4332	0.009504747599199307
4356	0.038835746686441644
4366	0.02138552770110656
4389	0.013988206446316181
4405	0.05246915703666511
4431	0.01635075243606515
4458	0.04172945015846175
4466	0.018768603425553174
4564	0.20700471034432227
4708	0.04954610735803516
4838	0.10350235517216114
4949	0.012162059964744251
5019	0.038835746686441644
5054	0.010349791485663642
5128	0.08482795510225163
5158	0.01865128251351833
5210	0.03011377659014666
5232	0.01262474007132182
5309	0.03206921600584271
5485	0.08781787964911326
5516	0.02258136598007782
5527	0.06709569860616028
5595	0.019391270751920747
5600	0.016239701803370917
5601	0.03456654115159766
5623	0.029984787732933522
5656	0.026425633266483818
5686	0.01518793923167939
5765	0.039763906825038664
5788	0.026850571514921803
5802	0.00842140855108046
5856	0.03542328392927249
5879	0.22665843066421942
5880	0.18824643948923792
5941	0.038835746686441644
5974	0.04310495222128563
6060	0.08620990444257126
6184	0.005742811885791429
6238	0.1112000418839949
6278	0.038835746686441644
6374	0.08620990444257126
6464	0.0420669595807996
6557	0.012002072744954247
6575	0.02258136598007782
6585	0.011846136272862804
6646	0.009912788274202885
6659	0.06413843201168543
6679	0.05218267866311481
6763	0.04310495222128563
6796	0.013773953134043296
6807	0.010533660711543139
6849	0.03556808763237761
7226	0.022873230416156718
7269	0.036338421540686706
7312	0.027800010470998726
7342	0.02730701449524115
7362	0.01766434301504447
7406	0.026850571514921803
7409	0.019659102585884887
7416	0.017489719012221704
7439	0.01014199282977749
7516	0.07238410933550442
7523	0.031119777049765797
7562	0.011769623964045928
7589	0.09555243784375499
7592	0.02530268532524379
7627	0.02215642773163983
7640	0.03177719719226133
7677	0.0070957907075075875
7797	0.06508511311919295
7800	0.07196295982175416
7820	0.03456654115159766
7877	0.019659102585884887
7892	0.01720757067452602
7898	0.03302568998456187
7916	0.04310495222128563
7922	0.04310495222128563
7996	0.007060291118433189
8012	0.016512844992280937
8015	0.0109187336968354
8022	0.027800010470998726
8072	0.3766592714378771
8077	0.029571890860087772
8169	0.03319216394708274
8271	0.01788722219679584
8280	0.06413843201168543
8288	0.01788722219679584
8360	0.06413843201168543
8361	0.01404295491038984
8399	0.04032984503326855
8427	0.04310495222128563
8545	0.038835746686441644
8551	0.009171738843231737
8623	0.07710224016297759
8655	0.0385231988026215
8656	0.045366195651230276
8676	0.014098194398631948
8678	0.017026405800678407
8721	0.03759728791970566
8794	0.03419866327980894
8797	0.029654184791082373
8824	0.02754790626808659
8848	0.017586715688567938
8856	0.014740964603191886
8864	0.021569396926986055
8869	0.12941638156191634
8893	0.01455890716189779
8923	0.02215642773163983
8959	0.022805360179488848
9076	0.01467967890695987
9082	0.038835746686441644
9125	0.013317510153723948
9134	0.09957649184124824
9159	0.029571890860087772
9190	0.028335927607584983
9197	0.13276865578833097
9229	0.02379293648127733
9242	0.025075979763081013
9251	0.05817381225576225
9257	0.12484838284638107
9329	0.036338421540686706
9336	0.017489719012221704
9337	0.048486687499010764
9364	0.017785415554056258
9383	0.022805360179488848
9441	0.012374349689461998
9449	0.013618016661951853
9454	0.022365232868720095
9468	0.014802866246387127
9475	0.02120698877556291
9528	0.009478482477717865
9628	0.020232461549955606
9659	0.04596551797116396
9697	0.01799073995543854
9720	0.028922958412238756
9781	0.021192381617115962
9787	0.019995487149913758
9852	0.038835746686441644
10000	0.04310495222128563
10110	0.012984501397756379
10161	0.01693778324071892
10204	0.0326571258667497
10205	0.03206921600584271
10207	0.020760115394400515
10284	0.021569396926986055
10349	0.019523730946433344
10400	0.022805360179488848
10454	0.03319216394708274
10524	0.03206921600584271
10654	0.014928567785932429
10705	0.03802034027607175
10715	0.013465930869356674
10719	0.01720757067452602
10848	0.039878225393965155
10986	0.026850571514921803
11050	0.01125910546820903
11080	0.014992393866466761
11119	0.020540483814642223
11130	0.029571890860087772
11210	0.043002984002518244
11214	0.027800010470998726
11215	0.05817381225576225
11313	0.04310495222128563
11318	0.03192651203022323
11409	0.026028130081909677
11467	0.02327937567287986
11659	0.04084257903796062
11779	0.019659102585884887
11808	0.0546140289904823
11817	0.01693778324071892
11841	0.007500418429201939
11890	0.026028130081909677
11915	0.2586297133277138
11927	0.026028130081909677
11982	0.17241980888514252
12076	0.028335927607584983
12121	0.027800010470998726
12135	0.027800010470998726
12148	0.006600056718078048
12149	0.07137880944383199
12150	0.03478845244207654
12159	0.026850571514921803
12248	0.028922958412238756
12256	0.060594671233507334
12353	0.02379293648127733
12425	0.012668577705874932
12469	0.04314623093602302
12509	0.05428808200162832
12526	0.08620990444257126
12532	0.011052633788877327
12626	0.02028398565955498
12656	0.030297335616753667
12676	0.006583654147388783
12686	0.01913460187824596
12718	0.013826821799032118
12773	0.02530268532524379
12798	0.015741944961747665
12862	0.01262474007132182
12869	0.009247004484368283
12880	0.01788722219679584
12931	0.038835746686441644
12958	0.010787682760229343
