307
t_index	tf-idf
73	0.018757997634830898
157	0.04786823866186441
173	0.04687792022403324
193	0.054201446948266126
208	0.0463655256866227
342	0.04720937792645711
348	0.01955947241201243
412	0.01991499409273348
413	0.08659155390277162
478	0.023297129127814193
543	0.04113448643983996
557	0.015961791326713687
617	0.0888416881544593
660	0.016751883822904365
713	0.03118258296645888
750	0.07961359916909239
778	0.013520301060527859
801	0.027100723474133063
843	0.05850103077847969
974	0.05473913335971096
979	0.02475157685216784
1020	0.03307157012927464
1074	0.035067369342441194
1118	0.05473913335971096
1122	0.06493203689277072
1130	0.02578352614017031
1300	0.03470348032554892
1441	0.027100723474133063
1460	0.02082831918141359
1500	0.01733693598690921
1591	0.052070024664188655
1616	0.010243881576854578
1669	0.017902841894242343
1670	0.05850103077847969
1763	0.029409976180702724
1786	0.023934119330932205
1890	0.09664359676338405
1912	0.07013473868488239
1913	0.06493203689277072
1917	0.031923582653427374
1918	0.05473913335971096
1926	0.03307157012927464
1942	0.030477587193439636
1996	0.06006981384214863
2037	0.055169803762320266
2063	0.19433530486818823
2078	0.01363010092933164
2083	0.03277700632131555
2104	0.028823803555295756
2167	0.023604688963228555
2204	0.019987762941286798
2217	0.023286555603706956
2226	0.16355595177422774
2304	0.14704988090351362
2344	0.03761358908074991
2392	0.04999970311760596
2397	0.017282198479296587
2403	0.03811522371236016
2498	0.06364151944330518
2508	0.05328112802996721
2554	0.028823803555295756
2607	0.06552440429090059
2727	0.021931111119245214
2798	0.05240430532935041
2821	0.022298603935223003
2845	0.018886860548411776
2849	0.018259731302632858
2900	0.016348429796676948
2948	0.024275678660441818
2986	0.02211303813695115
3063	0.04999970311760596
3080	0.025648078761933996
3099	0.04563901854989762
3134	0.02487446580938144
3175	0.03249150746828277
3209	0.06498301493656554
3256	0.03118258296645888
3262	0.05850103077847969
3272	0.030910350457748467
3318	0.03920801243560658
3403	0.03785847447354007
3447	0.032214532254461345
3459	0.03401590799545117
3465	0.09573647732372882
3466	0.025125237308224524
3472	0.029409976180702724
3492	0.05850103077847969
3494	0.02475157685216784
3496	0.016497676671132177
3554	0.04687792022403324
3578	0.03307157012927464
3586	0.03713769088902389
3618	0.03980679958454619
3672	0.029822398772760463
3680	0.05850103077847969
3771	0.04595794013282338
3789	0.06286002089259388
3804	0.03584098229499375
3885	0.04187712113112889
3923	0.020908648519828998
3927	0.02961389605148643
3967	0.04999970311760596
3971	0.0362534048870515
4007	0.03980679958454619
4012	0.0404469141097422
4014	0.026791428812649665
4083	0.01586759782093197
4219	0.05473913335971096
4276	0.02038580706611953
4287	0.016201545769067672
4296	0.06493203689277072
4310	0.013058967990519966
4332	0.014317673259429403
4389	0.021071424284919562
4424	0.03811522371236016
4594	0.06493203689277072
4650	0.11284076724224973
4708	0.03198634467483168
4725	0.04454622982665119
4815	0.026791428812649665
4817	0.04563901854989762
4878	0.03249150746828277
4968	0.15470791453390098
4984	0.02439238435809366
4998	0.10414004932837731
5064	0.027922320179300398
5110	0.017672321200647993
5117	0.023237750001118277
5183	0.03761358908074991
5315	0.012231505456852879
5496	0.03435332629359143
5524	0.040419115801385144
5547	0.10414004932837731
5613	0.06675158694051032
5619	0.03470348032554892
5656	0.11942039875363858
5671	0.05881995236140545
5673	0.04563901854989762
5715	0.04616073954220497
5742	0.04830812724541992
5750	0.03249150746828277
5766	0.07729107673750477
5804	0.03920801243560658
5810	0.019284549167817647
5924	0.026346000207024513
5995	0.02202162872140158
6145	0.072506809774103
6166	0.04687792022403324
6175	0.0404469141097422
6430	0.016803571870956577
6432	0.06006226790399683
6433	0.032214532254461345
6454	0.013891469780130995
6460	0.02606050135399173
6475	0.04563901854989762
6501	0.02277943591096798
6531	0.024160422760531666
6557	0.01807957067819813
6670	0.0184434596950904
6695	0.05850103077847969
6849	0.032147234960307705
6909	0.05850103077847969
6984	0.030941582906780198
6986	0.06675158694051032
7010	0.06493203689277072
7017	0.0362534048870515
7020	0.025648078761933996
7039	0.017227782014630384
7095	0.029822398772760463
7135	0.020135035567276437
7198	0.016201545769067672
7222	0.07089223003367572
7331	0.04264214222377347
7394	0.01921707264764296
7422	0.03761358908074991
7424	0.04268441100134253
7589	0.022144214204700276
7717	0.015961791326713687
7794	0.025648078761933996
7797	0.024510576792489167
7867	0.03168421759806912
7996	0.021270831296707655
8022	0.04187712113112889
8082	0.05881995236140545
8133	0.04563901854989762
8134	0.04113448643983996
8163	0.05850103077847969
8259	0.04830812724541992
8288	0.026944787355964128
8309	0.04356869700331492
8312	0.03816714844057281
8332	0.06493203689277072
8361	0.021153895766869095
8399	0.015187924186393026
8402	0.022487957050877385
8474	0.23438960112016619
8551	0.013816038627819155
8553	0.020135035567276437
8565	0.019700050565488174
8566	0.027922320179300398
8591	0.12340345931951988
8623	0.05807227760138334
8707	0.028636363228150167
8717	0.03761358908074991
8721	0.03398127167019472
8781	0.05850103077847969
8794	0.03219741513643659
8829	0.03761358908074991
8841	0.027259325295704625
8842	0.06493203689277072
8864	0.03249150746828277
8884	0.06940696065109785
8901	0.05850103077847969
8935	0.05850103077847969
9024	0.06493203689277072
9032	0.06493203689277072
9172	0.03980679958454619
9206	0.052070024664188655
9209	0.03811522371236016
9211	0.021752682915808712
9243	0.04830812724541992
9257	0.07522717816149982
9317	0.029409976180702724
9369	0.02220535711385913
9389	0.04113448643983996
9394	0.030941582906780198
9400	0.05850103077847969
9490	0.04563901854989762
9575	0.03761358908074991
9618	0.027259325295704625
9659	0.023080369771102484
9854	0.1087602146611545
9909	0.03544611501683786
9949	0.016250249191294117
10017	0.06493203689277072
10094	0.018020286255214422
10101	0.15621007399256595
10103	0.011589280140923388
10110	0.03911894482402486
10121	0.03249150746828277
10133	0.052070024664188655
10167	0.028095745427302105
10171	0.04268441100134253
10353	0.05850103077847969
10356	0.03811522371236016
10407	0.052070024664188655
10589	0.05850103077847969
10618	0.05850103077847969
10635	0.03249150746828277
10636	0.03168421759806912
10760	0.026640564014983607
10761	0.03307157012927464
10780	0.03811522371236016
10865	0.03544611501683786
11008	0.02606050135399173
11022	0.06493203689277072
11050	0.03392077308835678
11097	0.028095745427302105
11140	0.05850103077847969
11148	0.03277700632131555
11165	0.02277943591096798
11186	0.06291230674416907
11229	0.028272474211257892
11232	0.032214532254461345
11318	0.0480931621582972
11353	0.1084774240691888
11419	0.030254010576682443
11424	0.05473913335971096
11437	0.025253211483778088
11438	0.017282198479296587
11460	0.052070024664188655
11514	0.25972814757108287
11613	0.03920801243560658
11620	0.02551458033457744
11643	0.04687792022403324
11659	0.007690508028156403
11699	0.025505022826254813
11784	0.02961389605148643
11817	0.02551458033457744
11862	0.04786823866186441
11887	0.032214532254461345
11896	0.036685016690973474
12057	0.04454622982665119
12076	0.04268441100134253
12096	0.05473913335971096
12148	0.06959492423951671
12293	0.05850103077847969
12354	0.052070024664188655
12391	0.012819743451013011
12407	0.04687792022403324
12431	0.05473913335971096
12433	0.360777003940311
12435	0.11845558420594572
12482	0.06493203689277072
12485	0.03627847270821976
12508	0.05850103077847969
12590	0.03980679958454619
12631	0.06689581180566902
12646	0.02742068554769015
12762	0.027922320179300398
12804	0.03920801243560658
12840	0.03777372109682355
12842	0.030477587193439636
12869	0.0417882497522028
12904	0.03435332629359143
12913	0.030477587193439636
12958	0.016250249191294117
