198
t_index	tf-idf
37	0.04267314014060331
193	0.0409045548006166
213	0.043505290669274985
218	0.04240639404302899
230	0.026084935903879374
399	0.06576053793783694
412	0.09017626057079624
413	0.06534860527371537
481	0.06442583832136277
602	0.0785920412559723
691	0.05471918077488806
692	0.06008250726580721
756	0.059178726163022874
801	0.0409045548006166
915	0.07546719548431165
949	0.026418374197089534
951	0.09800535634892171
1040	0.018509533990165083
1130	0.03891643922201472
1166	0.05677217869367698
1420	0.06576053793783694
1467	0.05471918077488806
1500	0.05233510823636751
1554	0.03379863312280027
1560	0.03499116150082806
1573	0.04501252322841335
1616	0.030923264150598775
1636	0.02737850848137772
1646	0.02931313082879834
1665	0.05677217869367698
1760	0.07075532350909836
1833	0.059178726163022874
1896	0.05832975431496415
1912	0.26464517309850794
1996	0.11333318253082209
2037	0.041635350869674216
2063	0.1759923302843773
2071	0.0688853837094976
2104	0.043505290669274985
2211	0.06576053793783694
2226	0.04114394091546123
2272	0.06723597991191284
2373	0.0887800640094806
2386	0.021851871140130236
2467	0.04600143375266488
2554	0.043505290669274985
2587	0.042144634146933695
2607	0.032966482594128606
2754	0.042144634146933695
2986	0.03337637761384443
2988	0.09800535634892171
3076	0.06576053793783694
3082	0.09800535634892171
3169	0.050850598461935945
3175	0.04904115010285833
3244	0.04533446261852285
3318	0.059178726163022874
3432	0.025284503954353353
3465	0.03612503174356424
3533	0.018224702204030295
3536	0.03664056529841281
3543	0.07546719548431165
3618	0.06008250726580721
3739	0.039985947072089474
3861	0.05677217869367698
3937	0.03891643922201472
4111	0.04947206861654816
4191	0.04904115010285833
4195	0.043505290669274985
4214	0.045663977744119205
4238	0.059178726163022874
4276	0.03076937643700888
4287	0.0244538496323935
4311	0.06723597991191284
4327	0.06008250726580721
4333	0.0688853837094976
4391	0.046347222844887515
4425	0.07291401058394256
4487	0.10591759704581592
4595	0.03131707879654386
4697	0.03954829436894267
4904	0.06442583832136277
4918	0.08829869880244702
4949	0.027652206054252854
4954	0.09800535634892171
4963	0.08262066813041728
4968	0.09340353403009657
5033	0.07291401058394256
5054	0.023531751003510286
5063	0.09800535634892171
5087	0.05134200841614893
5209	0.050375849719332504
5246	0.052210200856071066
5272	0.04114394091546123
5310	0.019503124129065307
5315	0.018461657886418643
5419	0.04066919217285779
5679	0.09800535634892171
5856	0.026846656711391644
5911	0.045663977744119205
5938	0.04322237707322688
6035	0.11354435738735397
6244	0.06442583832136277
6309	0.0443900320047403
6432	0.03626206261649546
6442	0.04832721230087646
6511	0.050850598461935945
6521	0.04469781904730277
6557	0.02728845192209887
6561	0.059178726163022874
6563	0.03612503174356424
6575	0.05134200841614893
6591	0.02279630175391279
6635	0.09800535634892171
6671	0.029627835009908912
7039	0.02600280225666811
7059	0.09800535634892171
7114	0.06320735303746786
7176	0.02952214585385362
7198	0.0244538496323935
7222	0.3210041729459589
7237	0.033101785547231595
7276	0.04267314014060331
7277	0.04188767745675271
7341	0.023327313114206133
7362	0.020081222024927067
7797	0.07399021893714718
7860	0.06208645523355273
7912	0.030846214601559896
8006	0.08829869880244702
8192	0.06008250726580721
8204	0.050375849719332504
8295	0.09200286750532977
8296	0.07546719548431165
8312	0.08641154265461659
8399	0.045847873971548825
8467	0.08262066813041728
8577	0.07075532350909836
8707	0.04322237707322688
8760	0.04188767745675271
8794	0.07775561759558988
8880	0.04821716264448829
8923	0.050375849719332504
9243	0.07291401058394256
9322	0.030731062468632886
9370	0.04600143375266488
9383	0.0518512916934084
9397	0.042144634146933695
9441	0.014067438755946739
9449	0.030962534626383084
9490	0.0688853837094976
9702	0.07075532350909836
9781	0.024091975576325565
9854	0.10943836154977613
9986	0.034836422393729374
10276	0.09340353403009657
10349	0.0443900320047403
10352	0.08481278808605798
10358	0.034683374458265595
10507	0.06208645523355273
10744	0.030962534626383084
10769	0.07546463795591336
10780	0.05752932236543813
10865	0.05350069549099315
11050	0.05119841627092786
11078	0.09800535634892171
11148	0.04947206861654816
11183	0.10943836154977613
11186	0.047478435424543344
11229	0.04267314014060331
11232	0.048623096768489436
11277	0.09800535634892171
11318	0.03629477620619017
11441	0.03243797660045898
11590	0.05457690384419774
11659	0.011607690377069118
11696	0.08829869880244702
11699	0.11548823833614179
11760	0.04469781904730277
11783	0.06008250726580721
11803	0.05537063529059391
11817	0.03851050509801358
11862	0.07225006348712848
12023	0.061048665962623636
12148	0.030012371073174175
12417	0.03499116150082806
12433	0.3351014196540217
12435	0.08939563809460555
12485	0.02737850848137772
12535	0.03954829436894267
12646	0.04138749047517255
12676	0.029937783829593098
12686	0.043505290669274985
12692	0.08262066813041728
12749	0.05266853471488148
12811	0.09413104229440455
12816	0.11354435738735397
12862	0.028704176335716244
