108
t_index	tf-idf
37	0.05169190901026749
81	0.03601853922368742
333	0.046171647393941334
376	0.03220739336228224
413	0.019789931949152684
659	0.03913724589792165
717	0.38282965950328696
778	0.024719809344947115
1114	0.08344398783675659
1220	0.0604663242832996
1290	0.05169190901026749
1460	0.03808140638549858
1563	0.051051705743150606
1645	0.1082889886958251
1811	0.08144599024986666
1862	0.05889070628437893
1995	0.057012599228597666
2023	0.17378928503774935
2078	0.024920561666273287
2173	0.05889936118300041
2209	0.04396550764759068
2214	0.04164872588144761
2232	0.04525448494328922
2275	0.039771464556343686
2281	0.05340684016675606
2304	0.053771657951381696
2509	0.1188444133065742
2818	0.03130112232334914
2849	0.03338513502549361
2891	0.045479168667366066
2911	0.04146921761195199
3158	0.11985551853227938
3482	0.05992775926613969
3672	0.054525709787918104
3702	0.042767595502609654
3730	0.11779872236600082
3780	0.03614852739362182
3848	0.037791427133301574
3923	0.03822827633473602
3998	0.039293591457842156
4008	0.035135487729974074
4287	0.029622056543846753
4334	0.07965872050541935
4708	0.038988103320273894
5072	0.046171647393941334
5179	0.06345002329557593
5505	0.054525709787918104
5553	0.07395101639439698
5765	0.027379131612613197
5796	0.08570913067970544
5802	0.04638796768096872
6161	0.04664952049244286
6407	0.037791427133301574
6417	0.09234329478788267
6905	0.07065747546830886
6962	0.05531484617298936
7341	0.0565148635877498
7405	0.044597756226088366
7604	0.026470162049427575
7868	0.08144599024986666
7884	0.048984043281471566
7912	0.037365417994582005
7947	0.10696021640737348
8346	0.07520813758088438
8551	0.07578156120632573
8581	0.4278408656294939
8647	0.06480781761534896
8653	0.4816964498083125
8800	0.045706868370323554
8921	0.19593617312588626
9236	0.08344398783675659
9241	0.03614852739362182
9328	0.038525887006347764
9368	0.045479168667366066
9374	0.03338513502549361
9401	0.07520813758088438
9441	0.01704052623697143
9456	0.05043478782378009
9516	0.04164872588144761
9528	0.02610534426480194
9781	0.02918370209611204
9806	0.036411530695522804
9807	0.03316482838134549
10093	0.04396550764759068
10103	0.04237846394784689
10207	0.028588434943138983
10653	0.06877071351390611
10681	0.07675285801438009
10705	0.05235722460346524
10749	0.03882881243422438
10904	0.03993379472495905
10953	0.03550832412650493
11099	0.057012599228597666
11122	0.04843679023689018
11160	0.04146921761195199
11210	0.047374997187094
11410	0.07529655091066473
11419	0.05531484617298936
11699	0.023316023022749467
11739	0.04816964498083125
11841	0.02065742123643453
11843	0.13189652294277204
11904	0.03220739336228224
12275	0.0840270873321465
12524	0.11871833069268191
12676	0.01813249731083072
12716	0.1296156352306979
13004	0.1000821604712743
