227
t_index	tf-idf
76	0.04922598600602767
86	0.03392403655333633
101	0.028465399438867705
277	0.031856260463889195
333	0.061738864625003845
376	0.021533213681467166
423	0.03478039558402114
434	0.04079844648938667
453	0.04286622257883381
459	0.05905167606520665
478	0.02847832447562759
556	0.027725482593296942
579	0.03168571034465356
660	0.020477440824119557
704	0.04724016316185066
710	0.02536310892229711
778	0.033054332016402344
779	0.04199337899698524
960	0.03671552256828935
1040	0.014990520978774272
1066	0.05028264407795612
1279	0.016527166008201172
1329	0.04724016316185066
1460	0.02546046032865363
1604	0.054453146574814745
1636	0.022173335426797617
1642	0.044843628714409584
1669	0.0218843677134191
1681	0.027489195521703726
1786	0.05851395788770546
1849	0.07746134079987907
1860	0.06111945215465379
1885	0.037535737892340965
1917	0.019511634679129204
2078	0.04998415488511457
2126	0.06691291415264426
2202	0.04286622257883381
2220	0.038730670399939535
2315	0.07757533182746598
2363	0.026590399138589606
2393	0.0357067362896092
2461	0.11984655365075604
2467	0.07451137971268476
2477	0.0573033962922391
2498	0.0333407819886626
2509	0.01986424450585934
2583	0.026590399138589606
2587	0.03413214090954763
2695	0.04118293650352885
2760	0.033321698416091235
2836	0.06111945215465379
2845	0.06926168542991602
2899	0.061738864625003845
2972	0.017846320669005232
3036	0.06691291415264426
3041	0.024344015118410514
3126	0.03841992851786143
3178	0.06111945215465379
3187	0.051190437977769045
3256	0.038117474081679315
3432	0.020477440824119557
3465	0.05851395788770546
3467	0.051190437977769045
3495	0.1273004111111971
3533	0.029519682220696824
3536	0.029674499804903356
3537	0.03698239062697198
3603	0.06365020555559855
3605	0.0573033962922391
3608	0.04597871216911692
3712	0.05578896746816095
3723	0.028986933586030685
3830	0.08573244515766762
3998	0.026270902822110025
4007	0.04865968457682428
4083	0.019396492886059685
4148	0.04332919989033144
4183	0.030869432312501922
4252	0.03312782413603035
4287	0.019804709622671425
4310	0.031926468339556695
4380	0.03151768698697544
4422	0.018409664734672412
4431	0.03010798069092164
4440	0.0573033962922391
4454	0.6187412113884198
4482	0.07151144364303617
4514	0.07151144364303617
4619	0.04659190848737714
4663	0.04597871216911692
4666	0.038730670399939535
4682	0.030558690430423825
4708	0.06516664903513686
4738	0.06365020555559855
4754	0.04724016316185066
4840	0.04659190848737714
5117	0.028405739650782934
5140	0.06691291415264426
5180	0.07151144364303617
5250	0.04286622257883381
5264	0.06111945215465379
5279	0.017997205855051053
5429	0.025075970314511458
5493	0.06365020555559855
5527	0.04118293650352885
5545	0.07151144364303617
5563	0.04724016316185066
5614	0.04597871216911692
5627	0.03523411085400442
5650	0.06111945215465379
5669	0.04597871216911692
5691	0.06691291415264426
5738	0.09448032632370132
5761	0.044316028041718705
5765	0.018305135246301597
5778	0.050151940629022916
5804	0.04792772938072334
5829	0.04724016316185066
5863	0.0573033962922391
5924	0.032205253205848126
5925	0.038730670399939535
5995	0.026919157496583537
6013	0.02536310892229711
6069	0.04724016316185066
6087	0.02703089602805093
6397	0.04381188419063461
6442	0.019569646924306638
6454	0.016980881278184444
6455	0.1361909279393357
6497	0.03040645500100431
6544	0.0397174985513268
6561	0.04792772938072334
6563	0.02925697894385273
6591	0.01846229299246937
6596	0.06691291415264426
6707	0.07151144364303617
6766	0.04944215820480148
6807	0.019396492886059685
6849	0.013098887036985127
6903	0.054453146574814745
7146	0.0573033962922391
7198	0.03960941924534285
7341	0.03778469806995119
7343	0.026062798465898727
7358	0.11176706956902714
7439	0.018675282711325233
7721	0.07151144364303617
7827	0.07151144364303617
7911	0.024344015118410514
7912	0.012490882464846238
8016	0.06111945215465379
8113	0.02079693714059914
8216	0.04332919989033144
8227	0.0573033962922391
8289	0.04042656500261759
8370	0.06365020555559855
8402	0.027489195521703726
8440	0.09769598074553996
8444	0.24503489143977347
8496	0.03293720840194907
8576	0.03151768698697544
8590	0.05905167606520665
8623	0.0532405030089027
8639	0.06691291415264426
8647	0.04332919989033144
8656	0.02784549820217159
8717	0.09195742433823384
8721	0.06923096800246907
8794	0.007871600234530299
8817	0.04042656500261759
8869	0.0397174985513268
8930	0.024168176414698542
9051	0.030256235994241706
9095	0.030869432312501922
9140	0.05325821406721618
9176	0.06365020555559855
9182	0.05578896746816095
9211	0.026590399138589606
9221	0.04944215820480148
9234	0.04724016316185066
9299	0.12127969500785278
9471	0.05824230507906874
9536	0.05578896746816095
9799	0.05028264407795612
9956	0.06111945215465379
9963	0.04597871216911692
9969	0.03168571034465356
10023	0.05578896746816095
10110	0.023909426730882248
10121	0.0397174985513268
10358	0.0280894080157594
10389	0.06365020555559855
10558	0.051190437977769045
10681	0.025657706503849808
10703	0.06691291415264426
10705	0.03500498449139621
10744	0.025075970314511458
10772	0.031856260463889195
10827	0.04597871216911692
10861	0.06691291415264426
10922	0.022697452342986212
11111	0.09079395195955715
11209	0.03392403655333633
11210	0.047510951574706084
11276	0.04944215820480148
11286	0.04792772938072334
11340	0.05325821406721618
11419	0.03698239062697198
11474	0.05192032188006385
11564	0.04940817765548476
11659	0.009400848568366304
11752	0.03841992851786143
11803	0.044843628714409584
11862	0.02925697894385273
12102	0.06111945215465379
12108	0.06365020555559855
12126	0.07151144364303617
12150	0.03202941450213615
12344	0.06691291415264426
12469	0.026482897203811005
12485	0.022173335426797617
12505	0.03698239062697198
12559	0.04944215820480148
12655	0.041580920117363876
12676	0.012123022027296376
12907	0.03671552256828935
12958	0.01986424450585934
