61
t_index	tf-idf
554	0.051036990882243005
557	0.05058347680861319
734	0.13807072961543465
742	0.03748564518811667
1036	0.14073911174568948
1405	0.17347023439596623
1616	0.032463220171647725
1845	0.059648229281194724
1847	0.12078848139572958
2224	0.0667760829485875
2488	0.11919878364595461
2900	0.05180874768694957
2998	0.07126512498959885
3239	0.09450822816950878
3330	0.10296672728380699
3351	0.12425156720531147
3533	0.03826455818705628
5077	0.07514797744600006
5094	0.20577190335802462
5310	0.04094873099769856
5614	0.11919878364595461
5984	0.36066959275341326
6041	0.16501173528166804
6260	0.06950046069270721
6748	0.2705367924917307
6796	0.06575329299997963
7075	0.20577190335802462
7202	0.12352882367046407
7439	0.048415253025062
7554	0.20577190335802462
7614	0.16607108243936947
8279	0.08638575838327342
8399	0.024065532343090744
8551	0.04378351121202639
8656	0.07218883172512784
8721	0.07179189487668342
8794	0.020406947672915732
9048	0.10208898311223341
9549	0.12614914469155458
9550	0.10576906065337631
9781	0.05058347680861319
9986	0.07314250168756897
10182	0.09134364488496977
10184	0.07480408760561269
10556	0.06357435215920215
11050	0.16124418027945664
11105	0.09731056153907809
11438	0.05476789340782177
11519	0.06575329299997963
11590	0.057294793885681435
11707	0.2876280633637816
11721	0.2076491364286846
11800	0.1088668964718495
11876	0.0834913991289549
11937	0.0858831436454249
12129	0.20577190335802462
12249	0.12078848139572958
12361	0.20577190335802462
12391	0.08125243367408412
12518	0.07096356084679148
13002	0.1257650053634652
