38
t_index	tf-idf
277	0.11167676537687722
446	0.13362636253568605
551	0.1633347278317209
556	0.0971957213258641
2302	0.08891407601197619
2308	0.15535629712910506
2315	0.1813010902801917
2798	0.11228378210206016
2818	0.07336369812895106
2821	0.09555594982919915
4013	0.17715140201229276
4454	0.34248750358979146
4949	0.07850893012658654
5633	0.2008854099582949
5750	0.13923548158142698
5760	0.1502737927119829
5924	0.11290021031342777
5925	0.13577601162717112
6497	0.10659426095975509
7313	0.14437278796890932
8047	0.12603023115550335
8241	0.13689605254392317
8440	0.34248750358979146
8444	0.24543015301486631
8655	0.12433811097029945
8794	0.05519008444375895
9448	0.11228378210206016
9471	0.30626533739090267
10698	0.2231350751316268
10745	0.1611850787402358
10878	0.08660378499204739
11148	0.1404589265179775
11698	0.1502737927119829
12024	0.17945554337939895
12324	0.1346866606565215
12391	0.05493629850491144
12677	0.11228378210206016
12768	0.11107887706941358
