172
t_index	tf-idf
43	0.09205741330781524
66	0.05388297507032047
76	0.03559781857486103
101	0.04116956132729105
129	0.03696553076191498
208	0.02732404032771073
277	0.04607377007453694
333	0.04464651864301262
579	0.045827103112833924
597	0.10342713689958342
708	0.04375965164209456
713	0.05512937523386274
715	0.05647833036473655
778	0.023903271619364414
786	0.11479686049135158
908	0.04558409061117546
1040	0.021680818991811047
1169	0.07702745626075322
1408	0.05428800907721686
1441	0.04791283503107117
1444	0.09677627495483437
1669	0.06330280526163132
1695	0.18411482661563047
1720	0.029435310648533792
1814	0.09205741330781524
1917	0.02821971433224552
1978	0.061997499213691215
1988	0.0579482425325107
1999	0.10342713689958342
2171	0.0579482425325107
2224	0.03725331084229861
2243	0.06931796612427887
2287	0.06794980454491954
2315	0.03739911663649401
2381	0.05272463201928598
2467	0.05388297507032047
2498	0.01607361212607065
2554	0.05095916151578188
2583	0.03845774482821933
2743	0.11479686049135158
2818	0.030267192535564685
2900	0.028903273398323485
2925	0.1313154653379701
2986	0.03909483631692672
2998	0.03975767574592284
3189	0.06931796612427887
3343	0.06931796612427887
3363	0.05388297507032047
3465	0.042314424270314066
3466	0.0888405323506948
3480	0.06931796612427887
3533	0.06404155877860379
3536	0.04291828548544868
3619	0.05744349366630512
3700	0.06565773266898504
3715	0.08068768971604706
3737	0.05095916151578188
3830	0.061997499213691215
3914	0.07272388372808682
3927	0.05235600877948697
4013	0.036543111439302986
4133	0.11479686049135158
4183	0.04464651864301262
4234	0.05272463201928598
4247	0.0266259331064954
4287	0.028643589180289242
4309	0.07875568941831715
4361	0.08287801100356675
4389	0.07450662168459722
4454	0.3767943538490151
4478	0.10342713689958342
4708	0.09425064839535723
4748	0.05129738058776166
4775	0.0579482425325107
4809	0.03861471295278229
4915	0.03799565669826358
5110	0.031243852626699486
5158	0.049671988167332884
5297	0.059562959362688184
5613	0.059006870724236014
5623	0.03992765699599348
5637	0.11479686049135158
5744	0.038933228666426414
5756	0.11479686049135158
5765	0.026474751908731612
5800	0.05695381420294364
5802	0.022427846749860637
5804	0.06931796612427887
5924	0.046578518940742525
6058	0.07403682777129801
6466	0.07403682777129801
6526	0.034704046482768765
6591	0.026702049455804795
6641	0.08068768971604706
6670	0.03260719008540583
7016	0.10342713689958342
7027	0.04558409061117546
7198	0.057287178360578485
7301	0.06135416013631864
7358	0.21553190028128189
7362	0.023521788289653744
7532	0.06832353779471181
7589	0.05872493126033313
7825	0.05512937523386274
7876	0.08839717985252141
7911	0.035208795348974344
7912	0.018065587056765614
8012	0.04397691367717401
8013	0.11801374144847203
8015	0.02907870869460967
8159	0.059562959362688184
8160	0.061997499213691215
8241	0.05647833036473655
8351	0.05199548780897698
8399	0.01342577637644309
8440	0.3296950596178882
8444	0.1012555512438461
8590	0.0854065513630662
8610	0.0854065513630662
8623	0.025667280241147297
8628	0.05348770187528134
8655	0.05129738058776166
8676	0.03754623012342677
8717	0.06649909882563092
8721	0.02002577612899115
8794	0.04553884153923605
8856	0.039258052030154866
8879	0.050302952258194596
8922	0.06409435561105416
8938	0.0395894379240137
8997	0.0560162422347808
9172	0.07037659431600418
9242	0.03339110243955758
9317	0.05199548780897698
9391	0.019723871094074988
9442	0.060138563820030376
9471	0.042117978283513165
9495	0.09695702657822741
9499	0.03305054258357922
9507	0.06832353779471181
9989	0.04291828548544868
10167	0.09934397633466577
10178	0.04709929423112689
10250	0.08068768971604706
10385	0.09205741330781524
10635	0.05744349366630512
10679	0.07875568941831715
10840	0.10342713689958342
10848	0.10620346018926995
10894	0.06309712378736103
11179	0.06336521140074516
11210	0.02290505986368391
11234	0.04736601626788244
11400	0.05428800907721686
11644	0.03975767574592284
11659	0.013596465157466556
11890	0.06931796612427887
12148	0.01757723303834382
12177	0.09205741330781524
12324	0.05556681565994398
12423	0.03861471295278229
12426	0.05428800907721686
12485	0.032069337184064885
12505	0.05348770187528134
12626	0.05402019378225074
12675	0.029892249494553953
12676	0.017533549806555308
12686	0.05095916151578188
12740	0.11479686049135158
12809	0.08839717985252141
12831	0.11479686049135158
12982	0.04098628518771879
