181
t_index	tf-idf
65	0.021667274853773982
111	0.026802184421545205
129	0.02241679093259948
208	0.01656995819714499
401	0.15658696718443005
576	0.04086447770638711
583	0.057447793233429065
708	0.026536909978711196
799	0.11165167903085128
846	0.04086447770638711
917	0.19103741112918834
928	0.14327805834689125
966	0.0696155896672456
1019	0.01970769324072443
1040	0.026295544880296628
1130	0.027643293847580474
1134	0.029936359263912856
1181	0.029574602958187472
1279	0.014495521407432162
1309	0.030122293688282828
1584	0.03545702500559394
1597	0.05360618551775158
1616	0.010982773536456896
1642	0.039331109743443164
1681	0.02411001510847137
1700	0.0696155896672456
1720	0.017850283527489064
1776	0.05025922818591742
1818	0.0696155896672456
1917	0.017113116552769272
2063	0.027780363364450084
2146	0.561917456205562
2160	0.013216138359292131
2217	0.024966216635838354
2251	0.023416894856997286
2275	0.06996511678184743
2287	0.020603201563709265
2307	0.03317340164225297
2337	0.05582583951542564
2347	0.02112101671561306
2369	0.11944930609779485
2386	0.031043831713378996
2397	0.018528764773996436
2498	0.0292422801838722
2849	0.03915361422890386
3003	0.04267806707527732
3084	0.032921560290021634
3433	0.035055286570132106
3496	0.017687655347961167
3502	0.1860332250440862
3503	0.14182810002237575
3504	0.04893096443951566
3581	0.04466133486575234
3604	0.047759352782297086
3631	0.036120417584696134
3897	0.028723896616714532
3927	0.03174994863280307
3956	0.04203608936360567
3971	0.0388683657471784
4191	0.03483512238061412
4426	0.04671131044184159
4466	0.030311769932907264
4487	0.02507861559535843
4858	0.02452890656311969
4972	0.020111013435202114
5046	0.051792596148861364
5054	0.016715175405106218
5279	0.04735455841910254
5293	0.051792596148861364
5543	0.0696155896672456
5630	0.02615180890263812
5726	0.027074727554567142
5747	0.030902866704589235
5765	0.016054929181266563
5778	0.021993441847547382
5787	0.05360618551775158
5851	0.16460780145010817
5852	0.18952309288196997
5853	0.0696155896672456
5967	0.04671131044184159
5976	0.04489772107295138
6160	0.051792596148861364
6184	0.018549573317008218
6432	0.01287891277396334
6454	0.014893462555095214
6591	0.03238553581053459
6644	0.047759352782297086
6969	0.026536909978711196
7019	0.026802184421545205
7039	0.09235211622791326
7095	0.06394698134253683
7135	0.0647621316562906
7183	0.013529736375128193
7198	0.01737016450134014
7226	0.0369408464911653
7276	0.030311769932907264
7319	0.0380028459970414
7394	0.04120640312741853
7454	0.20717038459544546
7616	0.018015614791884394
7639	0.05680598260193781
7800	0.02905550072572555
7815	0.027354948960513412
7824	0.06272071459133562
7826	0.06272071459133562
7897	0.022679727882277487
7912	0.010955408451579083
7913	0.00787752470195402
8221	0.15765660003091758
8289	0.03545702500559394
8295	0.03267593788271282
8305	0.025781062806802837
8361	0.15875809517594242
8398	0.021587377218763536
8417	0.06440434410952263
8430	0.027940247304704135
8620	0.02442251836097603
8676	0.022768941054980934
8750	0.05582583951542564
8794	0.02071189028786207
8824	0.04449056639955743
8841	0.029225542508786152
8856	0.04761406243287519
8915	0.036831234339822834
8927	0.025192299142221874
8938	0.02400799162867925
8944	0.04203608936360567
9045	0.01628573308734931
9234	0.04143304399940044
9337	0.03915361422890386
9391	0.035883095866673494
9441	0.009992444092713824
9485	0.061403812584695155
9496	0.05582583951542564
9499	0.02004264751605829
9528	0.06123195714956798
9611	0.03453816892349046
10094	0.01932009087749692
10103	0.024850431603173878
10107	0.02463644493027354
10131	0.0696155896672456
10213	0.015435792356966191
10218	0.04893096443951566
10481	0.019840324566717107
10688	0.02442251836097603
10775	0.05582583951542564
10796	0.017741569854363558
10815	0.030122293688282828
10848	0.032202172054761315
10855	0.02779066249971135
10878	0.021667274853773982
11080	0.12106547922610718
11159	0.04086447770638711
11208	0.0696155896672456
11210	0.05556072672890017
11318	0.025781062806802837
11321	0.16345791082554845
11433	0.11165167903085128
11438	0.018528764773996436
11519	0.04449056639955743
11659	0.024735674876714114
11699	0.02734470206838637
11760	0.03174994863280307
11870	0.02779066249971135
11904	0.018886187730892855
12148	0.08527407021031426
12213	0.051792596148861364
12291	0.030447380920327723
12391	0.027488865048200674
12469	0.25550160473610134
12537	0.03174994863280307
12610	0.022949804257176545
12620	0.026406879341760194
12643	0.06272071459133562
12675	0.0543821468497539
12676	0.01063276820915607
12785	0.020249171240570005
12869	0.014934146464894573
12873	0.030311769932907264
12904	0.036831234339822834
12963	0.015098566771637397
