30
t_index	tf-idf
413	0.07237592959850356
742	0.07909454840667281
1040	0.08199989721966604
1252	0.13873916241766363
1279	0.0904055246594683
1720	0.11132847189584379
2160	0.16485256221708924
2209	0.16079107772782078
2302	0.13873916241766363
2617	0.26217026671428145
3229	0.3343305280650563
3855	0.2008381884278066
3993	0.13873916241766363
5419	0.1801703694946154
5485	0.22113802314493314
6184	0.057844897772134515
7276	0.18904814715644108
7362	0.08896270122004445
8413	0.22745248018736816
9322	0.13614302581674873
9391	0.07459844589353262
9442	0.22745248018736816
9486	0.22752334097362717
9509	0.22527546342619004
10310	0.43417782164901764
11554	0.1771434954485907
11841	0.07554851976935835
12291	0.09494696221129342
12662	0.16632685337802217
12963	0.09416659202724727
