117
t_index	tf-idf
114	0.03369891706683474
220	0.15475007105161306
230	0.03359252025422173
287	0.15534893098166502
413	0.08415678513957739
586	0.19735408590084935
660	0.03256171356274045
742	0.045984507231185134
1040	0.023836818988248083
1190	0.04160783375163676
1202	0.05924124562751235
1279	0.05256055677905204
1299	0.10639997268214904
1417	0.06889889258377867
1435	0.2144741888628759
1560	0.04506207359553057
1669	0.034798904760926175
1681	0.13113386360178186
1720	0.03236243852489916
1966	0.07511781744335436
1998	0.09767507810765666
2160	0.02396076591895553
2232	0.04811123120281488
2252	0.05924124562751235
2287	0.037353459568013905
2302	0.04033054202826314
2430	0.08468727739050223
2695	0.06548606310808816
2924	0.03256171356274045
2940	0.05716606146549973
2948	0.04718619729213185
3010	0.08139925261656877
3042	0.03139781248540828
3085	0.04298253387078005
3432	0.03256171356274045
3581	0.04048534304250791
3858	0.1726774200298007
4135	0.03236243852489916
4276	0.03962520379497166
4287	0.03149198610634508
4422	0.029273688788806995
4858	0.04447073512919264
4972	0.03646112595174566
5064	0.05427440885438725
5078	0.046522286464564674
5213	0.04079898933811918
5294	0.09093470747896072
5315	0.02377516351818207
5630	0.047413045659649974
5675	0.03435082686864516
5688	0.20879342856555705
5761	0.07046807380506062
5856	0.03457347423274435
5914	0.08658737078466319
6172	0.08871149448126449
6184	0.050445368994586924
6458	0.061092531935242736
6501	0.044277854066752
6969	0.04811123120281488
7020	0.04985381960080403
7183	0.024529316916669153
7226	0.03348674747342347
7301	0.06745538579044466
7394	0.037353459568013905
7616	0.03266218294475659
7641	0.05427440885438725
7682	0.052985703075298034
7717	0.03102595998296359
7892	0.10076855141579263
7897	0.041118187182928846
7912	0.01986207849210904
7938	0.12621257457963486
7996	0.020672741145022083
8113	0.033069753001404356
8251	0.06889889258377867
8433	0.04144313664871811
8435	0.05237431546022628
8617	0.0592215731856635
8623	0.028219704858010876
8747	0.09389961264935891
8812	0.06428333702667846
8826	0.08871149448126449
9054	0.07861926728129923
9068	0.11593542754454099
9337	0.035492613648382694
9369	0.04316198020136961
9399	0.06677476888717739
9441	0.01811623088036359
9468	0.04334323004287908
9469	0.08468727739050223
9637	0.36447850925635744
9687	0.3191999180464471
9856	0.026928283697236398
9950	0.4073721769456167
10547	0.13354953777435477
10751	0.05394349668150824
10758	0.057967713772270495
10796	0.032165341399919486
10849	0.07130702541660353
10894	0.03468583725934173
11050	0.03296699370669024
11234	0.05207622260018764
11634	0.0290249371563425
11699	0.02478787629078961
11735	0.05924124562751235
11766	0.07130702541660353
11883	0.051210414382894115
12080	0.12621257457963486
12133	0.07737503552580653
12291	0.02760044376216414
12675	0.1314592664829426
12676	0.019277134001171755
12677	0.0509308086668923
12776	0.039282616961098214
12838	0.05207622260018764
12862	0.07393122440411261
12963	0.027373595394646028
