222
t_index	tf-idf
4	0.040524044619469485
65	0.05211407915417405
129	0.026958406743074554
157	0.030859274493454002
277	0.03360090896181462
333	0.06512007183084435
446	0.08041005176515749
478	0.015018988012972759
493	0.02271250743276808
554	0.020764729221634505
557	0.020580214093012375
567	0.033783546000524856
579	0.03342101844904213
608	0.06044168945067829
778	0.017432297211025728
781	0.04429319964520451
801	0.034942111430798624
847	0.039894294290923664
960	0.07745258943377727
1019	0.02370044900488267
1120	0.03692207685325848
1149	0.06713608977107632
1166	0.04849679464189571
1408	0.039591430173191944
1413	0.04849679464189571
1448	0.03716375161164632
1501	0.0622857159822247
1584	0.04264057709572096
1616	0.013207870700721512
1666	0.04521384561257545
1691	0.03741040970427379
1777	0.06044168945067829
1807	0.0622857159822247
1832	0.06143201876775153
1917	0.020580214093012375
1984	0.04849679464189571
2004	0.03645289932045831
2224	0.027168280436205172
2315	0.054549228826820804
2317	0.07801555628638547
2340	0.05743534219337309
2461	0.0632050510632134
2498	0.04688897625368007
2559	0.05055255225244237
2560	0.07801555628638547
2587	0.03600143088588754
2635	0.3114285799111235
2756	0.0622857159822247
2806	0.03115105709703592
2821	0.02875053517296301
2835	0.07801555628638547
2841	0.0754278585303933
2882	0.04085180467473915
2899	0.09768010774626654
2900	0.04215744691977072
3037	0.05617496769182588
3080	0.06613831006694675
3139	0.053993947222907734
3158	0.08452156698625081
3194	0.0622857159822247
3209	0.04189267772113159
3244	0.03872629471688863
3275	0.037662260978519296
3318	0.05055255225244237
3341	0.04621129758164195
3465	0.030859274493454002
3533	0.06227273009672249
3704	0.05503482026930018
3927	0.038182451354805684
4148	0.045702178463590766
4183	0.06512007183084435
4310	0.03367496186081638
4366	0.04153556183844474
4380	0.03324379307912777
4389	0.027168280436205172
4422	0.019417893367253594
4454	0.30913927502763594
4487	0.030159513991349262
4708	0.04124134992036976
4783	0.04849679464189571
4796	0.04914357343405612
5070	0.05132459390297427
5117	0.04494212400169644
5158	0.036225035408710464
5174	0.07057748474154167
5211	0.06044168945067829
5246	0.014866597497757657
5263	0.1060728736781845
5279	0.018982845654093437
5310	0.01666025556049383
5514	0.0754278585303933
5527	0.04343837224095589
5537	0.0754278585303933
5622	0.05214992069136131
5623	0.029118640944956822
5671	0.07583905764464996
5726	0.03256003591542218
5729	0.032071703064406876
5759	0.07057748474154167
5760	0.04521384561257545
5765	0.038615278377818286
5778	0.02644928762502336
5802	0.016356291999383796
5810	0.0248643866115886
5819	0.0754278585303933
5825	0.04982733059776171
5924	0.06793802946761687
5925	0.04085180467473915
5929	0.06044168945067829
5999	0.0754278585303933
6066	0.03474105638434033
6309	0.03791952882232498
6392	0.06713608977107632
6397	0.04621129758164195
6412	0.07859208990280404
6432	0.03097633109154586
6442	0.020641403452356266
6454	0.035821721546157835
6472	0.05503482026930018
6497	0.032071703064406876
6585	0.023007892654558004
6591	0.01947340387832124
6670	0.023779934305089904
6701	0.04982733059776171
6702	0.05884432101175935
6718	0.1176886420235187
6840	0.11487068438674618
6849	0.01381626419490597
6871	0.04788319893250891
7226	0.044425019091117096
7341	0.019927012485304787
7343	0.027490160671415804
7358	0.11788813485420606
7381	0.040205025882578745
7430	0.040205025882578745
7573	0.05303643683909225
7639	0.03415740435434112
7664	0.03454332471439161
7717	0.020580214093012375
7860	0.05303643683909225
7911	0.025677245974491465
7912	0.026349922962852688
8015	0.042413331576470814
8019	0.06446673645114286
8021	0.06713608977107632
8077	0.05743534219337309
8113	0.021935907773543487
8241	0.37069918750899794
8312	0.04921052218695389
8371	0.05617496769182588
8399	0.0097912171944414
8409	0.26518218419546125
8417	0.03872629471688863
8433	0.027490160671415804
8440	0.20609285001842398
8444	0.07384415370651697
8466	0.0754278585303933
8551	0.017813604191277713
8591	0.05303643683909225
8623	0.09359381110824383
8628	0.039007778143192735
8676	0.027381902071300902
8721	0.02920899589989434
8794	0.024908095207603075
8797	0.019198391912098836
8824	0.05350430348551018
8846	0.053993947222907734
8868	0.05132459390297427
8895	0.03791952882232498
9095	0.03256003591542218
9183	0.06713608977107632
9262	0.030859274493454002
9328	0.027168280436205172
9435	0.038451282750666234
9471	0.06143201876775153
9486	0.021935907773543487
9495	0.03535465209372714
9660	0.0754278585303933
9720	0.05617496769182588
9781	0.020580214093012375
9835	0.04674305150998321
9875	0.07057748474154167
9969	0.1336840737961685
10096	0.05214992069136131
10103	0.014942550093668334
10167	0.036225035408710464
10178	0.034348808336403996
10212	0.039894294290923664
10480	0.03100427619208505
10681	0.054125766668820324
10772	0.03360090896181462
10922	0.02394050710083554
10953	0.02504030880663711
11055	0.043032825143657305
11125	0.04521384561257545
11296	0.04343837224095589
11318	0.03100427619208505
11381	0.05743534219337309
11383	0.0754278585303933
11393	0.03872629471688863
11396	0.06713608977107632
11410	0.026549392758729744
11443	0.0754278585303933
11474	0.027381902071300902
11564	0.026057039577087025
11748	0.032071703064406876
11781	0.04674305150998321
11802	0.038182451354805684
11904	0.02271250743276808
12096	0.07057748474154167
12119	0.05132459390297427
12324	0.040524044619469485
12356	0.07057748474154167
12407	0.06044168945067829
12428	0.043032825143657305
12450	0.06713608977107632
12505	0.039007778143192735
12675	0.04359993776526008
12676	0.012786954700568388
12840	0.024351629818682174
12887	0.028630308093941514
12958	0.06285640513203403
