107
t_index	tf-idf
47	0.09560172154792551
76	0.04321227792230982
99	0.04888748828921693
111	0.05365095677960045
213	0.06185944920970309
229	0.06855918160200222
412	0.04274004168907274
413	0.06968857120593683
481	0.09160602795943344
602	0.1117487162956525
915	0.10730555006629287
949	0.037563846872581415
1130	0.05533463765998636
1420	0.09350381514497691
1500	0.037207209974099466
1760	0.10060581767399375
2063	0.1668270448497026
2226	0.11700377053885404
2244	0.0778042930381175
2498	0.01951179657108766
2926	0.13827274516260465
2998	0.04826193858662871
3042	0.034666544315209255
3080	0.0550439508254566
3403	0.027082990329619635
3432	0.03595161563330209
3466	0.053921868367170965
3480	0.0841452464530206
3496	0.03540605562892488
3578	0.07097568191416322
3586	0.07970208022366097
3682	0.10730555006629287
3737	0.06185944920970309
3836	0.08179998662660957
3839	0.035191949323767326
3866	0.05365095677960045
3874	0.0737264892527461
4330	0.063555085475934
4391	0.06590034530234501
4487	0.10040164639097118
4708	0.022882217932838487
4816	0.0841452464530206
5110	0.037926988144775624
5419	0.05782684792848153
5573	0.05816150613427052
5600	0.026250324288911605
5700	0.103675218921789
5856	0.03817281465634538
5994	0.1117487162956525
6092	0.1393521861382844
6184	0.01856569488251925
6421	0.0760717490791571
6511	0.07230362019074298
6531	0.05185125695756664
6849	0.022997314753465073
6908	0.06973079566425401
7046	0.1393521861382844
7095	0.06400255811680154
7275	0.07889928534584516
7794	0.0550439508254566
7797	0.05260273083969654
8295	0.06540867354338072
8312	0.040955711759370315
8399	0.032595164722331885
8620	0.04888748828921693
8707	0.061457179072985396
8794	0.05527970970230097
8810	0.05850188526942702
8829	0.08072341663277123
8836	0.040673271640438505
8880	0.20567754480600664
8923	0.07162858284979748
8933	0.10730555006629287
8936	0.06311744819932008
9242	0.040533539877340985
9251	0.06268922321053289
9369	0.1429663324550083
9443	0.054757446680686266
9481	0.05920061291004589
9499	0.04012013344585501
9702	0.10060581767399375
10094	0.038673764210550916
10178	0.05717394699284727
10276	0.06640446576101248
10421	0.04197704816848057
10715	0.04353344124820128
10761	0.07097568191416322
10865	0.0760717490791571
10953	0.04167985318075456
11149	0.10951489336137253
11353	0.03880099591838059
11529	0.10060581767399375
11777	0.162589550351933
11988	0.07097568191416322
12148	0.02133704562713038
12220	0.08543031777111343
12300	0.2511009024339369
12332	0.0787305853788143
12347	0.09560172154792551
12433	0.5360345269869773
12435	0.063555085475934
12437	0.057497721517290316
12485	0.07785809168434339
12514	0.06855918160200222
12642	0.1393521861382844
12768	0.055629631122526155
12811	0.13384336342291056
