179
t_index	tf-idf
29	0.0854054591937781
53	0.055793026044845304
73	0.030766941477182397
76	0.033025564508499035
129	0.03429444751512543
277	0.04274453679082812
404	0.07485729767837239
459	0.07923518025571571
554	0.052830638193414284
567	0.042976873827584756
579	0.042515693676784296
779	0.05634646086418526
781	0.05634646086418526
1019	0.030149919920310464
1130	0.08458048191210084
1134	0.045798299348779554
1236	0.049264665166638466
1408	0.05036522510634223
1428	0.03290430665331484
1441	0.04445071320244208
1447	0.03785651325068212
1460	0.034162691018401144
1500	0.056872221149280644
1584	0.05424411936360173
1845	0.06174451051206107
1862	0.026415319096707142
1917	0.026180592895912513
1944	0.07688934907565671
2019	0.045798299348779554
2054	0.08978334177112142
2089	0.06017090862218862
2232	0.040597633676239434
2315	0.06939340602806779
2461	0.040202344430741124
2498	0.014912152918522225
2607	0.035824461853397806
2740	0.055793026044845304
2891	0.040799196627061114
2900	0.026814758834610496
2925	0.06091338662174794
2947	0.07306490131765334
2948	0.039817063590936536
2963	0.05075050594614682
3054	0.08200970965255934
3158	0.05376097464756099
3251	0.0515516267169615
3403	0.04139707912746383
3433	0.026814758834610496
3437	0.05946297724429621
3465	0.07851367327132404
3466	0.041210513025498226
3533	0.07921866059366604
3614	0.0854054591937781
3769	0.04857282874562318
3839	0.026895920521974235
3865	0.15377869815131343
3927	0.04857282874562318
4020	0.04274453679082812
4074	0.03752567891013366
4078	0.04419494616827986
4109	0.10650178222458949
4148	0.05813885722490431
4380	0.04229024095605042
4389	0.034561432965062026
4431	0.08079741122153823
4454	0.4369595784819604
4458	0.0515516267169615
4547	0.0383666542134848
4708	0.03497608553740861
4949	0.030049472160833732
5157	0.08200970965255934
5168	0.08978334177112142
5279	0.0482970829972564
5310	0.02119391792523902
5585	0.1138415697684184
5627	0.047276915926723916
5738	0.06338656398686182
5760	0.23007054832211674
5829	0.06338656398686182
5924	0.04321281313215529
5925	0.051968578286841934
6066	0.04419494616827986
6430	0.027561284654464665
6432	0.01970287359624971
6454	0.022784843354693763
6455	0.06091338662174794
6497	0.040799196627061114
6544	0.05329269830623382
6796	0.034032065492678745
6849	0.0351520141233147
6871	0.06091338662174794
6883	0.04445071320244208
7131	0.06251673980224763
7226	0.028257075800114675
7313	0.055259014049212546
7343	0.03497090467226605
7354	0.16401941930511868
7362	0.02182213314227639
7409	0.04857282874562318
7562	0.029079858895311474
7635	0.06868701874031001
7677	0.017531961357077203
7821	0.07923518025571571
7889	0.066341187560251
7912	0.016760190219870717
7998	0.07306490131765334
8015	0.026977517394727958
8043	0.03429444751512543
8059	0.16401941930511868
8216	0.05813885722490431
8241	0.2619863825181328
8312	0.03130095347281515
8351	0.04823835857174987
8361	0.034696703014033894
8399	0.03736693945426413
8440	0.17478383139278417
8576	0.04229024095605042
8617	0.024986429091649425
8623	0.0952503780622509
8628	0.049622747106782925
8721	0.05573621540796948
8728	0.05075050594614682
8791	0.051968578286841934
8794	0.07393445767003426
8797	0.02442274315686035
8812	0.05424411936360173
8930	0.03242871231217906
8931	0.07306490131765334
8972	0.10650178222458949
9299	0.05424411936360173
9309	0.04445071320244208
9317	0.09647671714349974
9441	0.030573988089173932
9471	0.07814917118275445
9481	0.0452448645294396
9611	0.052838402471456124
9689	0.09518139141899723
9749	0.07688934907565671
9781	0.026180592895912513
9872	0.066341187560251
9986	0.03785651325068212
10178	0.04369595784819604
10249	0.12677312797372364
10451	0.04823835857174987
10492	0.08978334177112142
10757	0.10650178222458949
10760	0.04369595784819604
10772	0.04274453679082812
10833	0.05946297724429621
10848	0.049264665166638466
11000	0.0674689463996149
11046	0.06430913616296668
11149	0.041849114988220845
11150	0.05075050594614682
11210	0.02124996874480751
11279	0.05075050594614682
11303	0.05424411936360173
11382	0.06091338662174794
11393	0.049264665166638466
11413	0.08200970965255934
11454	0.07146154813715364
11474	0.10449955879048027
11564	0.03314779633279034
11857	0.05878652008715557
12065	0.066341187560251
12156	0.05114579519164513
12324	0.103103253433923
12334	0.06017090862218862
12426	0.05036522510634223
12437	0.043943406882528985
12470	0.05376097464756099
12499	0.10650178222458949
12509	0.0894217050676137
12532	0.027308351735276414
12571	0.05424411936360173
12631	0.036574257852765746
12675	0.11092909099589603
12676	0.016266597319204795
12773	0.06251673980224763
