244
t_index	tf-idf
32	0.1311079722216416
76	0.07604750624360143
157	0.06026411304059654
202	0.03013205652029827
277	0.03280908266931431
333	0.03179273844284829
376	0.022177273086152263
554	0.020275395478519843
638	0.0494254291832805
645	0.048653118599590754
723	0.042414720015270774
749	0.034318351937596706
757	0.0655539861108208
778	0.017021494298340933
779	0.04324940288072126
908	0.09738114733272787
971	0.16349344453233786
989	0.048653118599590754
1007	0.04021815898641999
1011	0.06081791439334564
1037	0.08174672226616893
1040	0.030877776291803383
1052	0.08174672226616893
1120	0.036051985176293676
1174	0.06294753776006833
1275	0.08174672226616893
1300	0.04369023218118011
1408	0.03865843352704614
1441	0.10235603660689352
1564	0.06294753776006833
1616	0.012896619022957048
1631	0.04414835325396774
1771	0.0689142824710197
1814	0.0655539861108208
1917	0.040190457127048225
2000	0.054851169682394264
2083	0.04126488187779861
2112	0.02727500186871307
2134	0.08174672226616893
2171	0.04126488187779861
2214	0.028678358325167803
2249	0.04618490369737136
2251	0.027497496025831993
2315	0.026631871181824328
2317	0.0380885356196973
2423	0.04735393755005092
2461	0.030857792386030893
2583	0.027385719191270766
2740	0.04282460733717246
2788	0.08457478992359452
2794	0.019289351113596705
2806	0.030416963085572034
2821	0.02807301095183915
2986	0.0278393913628144
3083	0.03131591345881852
3199	0.03925756947237686
3239	0.03754515438678947
3275	0.03677472640284187
3305	0.04735393755005092
3408	0.053737890542137595
3433	0.020581990247493746
3437	0.04564152246446354
3533	0.015201308632075522
3540	0.08174672226616893
3574	0.0655539861108208
3590	0.05901734349252059
3663	0.040556750521916686
3723	0.05970786818698032
3810	0.0467548016047202
3826	0.03837000924150039
3854	0.06081791439334564
3871	0.10544309263134315
3923	0.05264623028333498
4099	0.025442989252873877
4247	0.018960298647699065
4276	0.012832439795149224
4310	0.03288139046574958
4325	0.049361249955472676
4332	0.01802535259088167
4371	0.03956907033455899
4441	0.1311079722216416
4453	0.03179273844284829
4454	0.1676967866527397
4466	0.035593864103506054
4524	0.06081791439334564
4648	0.06081791439334564
4708	0.013423157296818325
4842	0.05092097541484652
4915	0.02705666672537313
5032	0.08925035647599504
5157	0.12589507552013665
5158	0.1061141098391614
5199	0.054851169682394264
5232	0.02394228660769265
5246	0.014516256892623381
5315	0.0923937267943435
5494	0.04564152246446354
5516	0.04282460733717246
5616	0.0689142824710197
5644	0.06081791439334564
5675	0.02224871422674779
5712	0.025442989252873877
5721	0.04369023218118011
5733	0.053737890542137595
5744	0.05544862145353492
5810	0.024278441895380982
5845	0.04512229964776808
5924	0.09950554140037365
5925	0.039889106520522355
6397	0.09024459929553616
6430	0.04230999021586619
6432	0.01512317730347039
6449	0.052044621582580886
6454	0.017488780212771646
6531	0.030416963085572034
6544	0.04090545074698838
6563	0.06026411304059654
6591	0.019014501019090385
6601	0.14730070837698975
6671	0.02471271459164025
6729	0.08174672226616893
6734	0.0689142824710197
6736	0.06294753776006833
6849	0.01349067534651827
6955	0.054851169682394264
7019	0.03147270225688492
7176	0.024624558776402575
7183	0.015887412676940525
7198	0.08158827756805241
7225	0.051786600258854176
7341	0.01945742005746964
7343	0.026842337958362942
7358	0.46044011089800463
7362	0.050249521274916976
7363	0.08174672226616893
7381	0.03925756947237686
7439	0.019233861270164968
7573	0.051786600258854176
7617	0.03280908266931431
7640	0.03013205652029827
7717	0.020095228563524112
7911	0.025072145722450485
7912	0.02572897065971542
7913	0.027750759292577257
8024	0.0689142824710197
8076	0.03582067880444152
8113	0.0214189744803194
8192	0.05011509796491911
8233	0.04462517823799752
8236	0.08174672226616893
8240	0.09872249991094535
8258	0.0689142824710197
8271	0.033922361809570985
8354	0.05092097541484652
8399	0.009560481078970519
8403	0.05272154631567157
8425	0.04618490369737136
8440	0.20123614398328765
8444	0.07210397035258735
8486	0.0337292898092551
8523	0.0655539861108208
8556	0.04735393755005092
8561	0.053737890542137595
8617	0.019178633791039002
8628	0.0380885356196973
8646	0.11216368535174095
8655	0.03652881016032345
8662	0.07365035418849487
8717	0.04735393755005092
8721	0.028520667766945493
8794	0.024321120471178685
8803	0.04021815898641999
8848	0.033352463902222136
8856	0.02795561709861961
8927	0.029582280220121545
9107	0.05745761803314674
9151	0.037813685525190974
9262	0.03013205652029827
9358	0.047985474598196416
9391	0.014045347629193529
9437	0.08174672226616893
9442	0.04282460733717246
9454	0.042414720015270774
9471	0.029992167542023235
9477	0.04462517823799752
9528	0.01797554189674128
9535	0.040556750521916686
9744	0.03316851380012455
9781	0.020095228563524112
9784	0.041635725408222
9806	0.025072145722450485
9869	0.06081791439334564
9942	0.05092097541484652
9969	0.03263343138822292
10063	0.023777768534822854
10093	0.09082092349147897
10137	0.05745761803314674
10178	0.06707871466109588
10204	0.020644286875559425
10213	0.018125615782248583
10250	0.05745761803314674
10608	0.05745761803314674
10715	0.025537569446351164
10745	0.04735393755005092
10769	0.03147270225688492
10815	0.035371369946387135
10827	0.09470787510010184
10829	0.04512229964776808
10904	0.027497496025831993
10922	0.023376334179210857
10953	0.024450218374620667
10961	0.08174672226616893
11050	0.042704836462882693
11168	0.039889106520522355
11186	0.019800991593073695
11286	0.148083749866418
11289	0.04414835325396774
11438	0.021757566015816094
11659	0.01936405675680992
11744	0.05092097541484652
11760	0.03728265816976988
11767	0.026736630539409764
11781	0.04564152246446354
11831	0.08174672226616893
11904	0.044354546172304526
11917	0.12589507552013665
12062	0.06081791439334564
12119	0.05011509796491911
12278	0.07365035418849487
12426	0.03865843352704614
12428	0.042018729887245046
12437	0.0337292898092551
12505	0.0380885356196973
12559	0.05092097541484652
12582	0.03179273844284829
12669	0.047985474598196416
12676	0.012485622169819683
12796	0.08174672226616893
12805	0.048653118599590754
12845	0.049361249955472676
12869	0.017536553653906984
12907	0.037813685525190974
12982	0.02918629009209582
13041	0.08174672226616893
