201
t_index	tf-idf
42	0.048833244999119806
62	0.05263603489778446
63	0.17741084150456687
64	0.05913694716818895
70	0.06568939162259968
76	0.020353906909442943
111	0.025270747861471765
117	0.04738749137840873
157	0.02419428737503778
167	0.029330508187906352
168	0.03405655117797681
208	0.03124635134877841
212	0.024898029920184275
348	0.01977208728247451
437	0.05913694716818895
498	0.026780087040270448
554	0.016279962322498488
557	0.016135298777415055
660	0.01693397971659602
707	0.14332568183324335
710	0.020974221130899612
744	0.021383842296790787
746	0.026632385816166525
756	0.11890263107092648
1074	0.07089711550498622
1290	0.028579800928228923
1307	0.13840536788213995
1616	0.02071046870615077
1727	0.04404229632513878
1928	0.04404229632513878
2063	0.11786865807976384
2209	0.024307971602037102
2248	0.031040471784329813
2260	0.03373859415606965
2273	0.0375413840547343
2287	0.01942596557305386
2308	0.0366474857099645
2347	0.01991419354495348
2811	0.02465753382282934
2815	0.06563785943859343
2818	0.017305993567654304
2883	0.05913694716818895
2924	0.08466989858298009
3047	0.024081964668530617
3048	0.037083789209339586
3184	0.05054320859554327
3256	0.03152154307225473
3318	0.07926842071395099
3403	0.012756667560768015
3410	0.03472675293138601
3433	0.03305228014972271
3466	0.0253983530121193
3479	0.039634210356975494
3581	0.06316417991150351
3661	0.04503045510045515
3727	0.025270747861471765
3846	0.089189003226369
4220	0.04404229632513878
4247	0.015224016120172554
4287	0.01637765939229916
4389	0.021300474335474013
4405	0.026632385816166525
4497	0.06563785943859343
4567	0.06563785943859343
4595	0.020974221130899612
4605	0.036230580012527484
4748	0.029330508187906352
4829	0.037083789209339586
4949	0.018519718531445763
4968	0.03127792329996875
5060	0.03544855775249311
5065	0.06563785943859343
5077	0.02397097125603656
5117	0.023490348389369472
5232	0.019224262446601185
5315	0.03709339215209575
5385	0.055334157269524294
5419	0.05447536377133032
5487	0.022829595917501867
5612	0.030582876938935105
5675	0.01786442240888572
5726	0.025527718289241694
5729	0.05028971116684794
5765	0.03027514928577467
5768	0.23067561313689988
6332	0.5789963838756291
6407	0.0208944007861829
6430	0.016986229622729554
6433	0.03256470982868224
6442	0.01618327245691859
6501	0.023027052345265836
6575	0.034385666837599756
6620	0.04233233272871532
6646	0.015094650843050162
6670	0.018643943313019485
6686	0.03202863055964618
6849	0.010832227000408184
6962	0.030582876938935105
7135	0.020353906909442943
7156	0.05054320859554327
7237	0.044339012230723986
7362	0.013449146839838527
7405	0.02465753382282934
7589	0.022384925668457623
7592	0.03852954283005067
7662	0.024423050762316868
7677	0.01080508129724982
7723	0.06563785943859343
7757	0.06563785943859343
7794	0.025926877843458346
7800	0.02739531305658738
7815	0.025791928264954078
7817	0.03802245534265921
7825	0.03152154307225473
7892	0.026202745786978492
7909	0.04158162546903789
7911	0.02013147354576204
7913	0.05199190340952182
7967	0.05913694716818895
7996	0.010751024468098702
8266	0.06563785943859343
8399	0.015353019566547284
8551	0.013966221373103677
8588	0.05054320859554327
8603	0.055334157269524294
8614	0.05263603489778446
8616	0.04738749137840873
8622	0.055334157269524294
8623	0.014675883342352692
8697	0.06563785943859343
8783	0.02013147354576204
8794	0.039056887973525314
8798	0.020736769615260674
8812	0.033431063854406765
8841	0.027555638907572323
9068	0.03014657343956001
9205	0.027555638907572323
9225	0.04738749137840873
9241	0.019986062355583246
9382	0.04503045510045515
9383	0.06945350586277202
9435	0.03014657343956001
9441	0.009421490846239984
9486	0.017198189692308404
9499	0.018897440741714816
9618	0.027555638907572323
9781	0.016135298777415055
9807	0.018336413011356606
9909	0.035831420458310836
10059	0.055334157269524294
10100	0.07604491068531842
10101	0.05263603489778446
10103	0.01171525763377222
10164	0.02027917476986596
10172	0.02292780449960905
10214	0.05054320859554327
10242	0.26255143775437373
10360	0.05913694716818895
10453	0.04613512262737998
10478	0.02453955951392533
10579	0.06563785943859343
10637	0.03256470982868224
10710	0.06563785943859343
10719	0.026202745786978492
10744	0.04147353923052135
10760	0.16158090950401371
10761	0.033431063854406765
10794	0.025020630801850244
10848	0.03036218831228718
10855	0.026202745786978492
10971	0.055334157269524294
11017	0.024423050762316868
11076	0.06563785943859343
11119	0.03127792329996875
11165	0.023027052345265836
11318	0.048615943204074204
11353	0.01827609875915978
11393	0.03036218831228718
11437	0.025527718289241694
11505	0.1464997349973594
11518	0.1182738943363779
11596	0.029729667742123
11659	0.015548210378710774
11777	0.05105543657848339
11799	0.048833244999119806
11803	0.2595865244653771
12120	0.06563785943859343
12148	0.010050204740373804
12150	0.026486974625987734
12170	0.05054320859554327
12400	0.03852954283005067
12433	0.11221498854927527
12435	0.029935804257404986
12478	0.03544855775249311
12549	0.06563785943859343
12568	0.022540993642230698
12619	0.06563785943859343
12749	0.0529111368078318
12866	0.06563785943859343
12878	0.08047901285294826
12910	0.029137123318224024
