179
t_index	tf-idf
76	0.020614415327788394
208	0.015823135750976765
277	0.026680956026453376
323	0.02439018827171215
342	0.02416667506473522
348	0.020025149026751038
413	0.011081643300716074
493	0.01803497080251171
554	0.016488328571505454
557	0.032683626972989197
579	0.026538113138890023
638	0.020096838974730972
643	0.019813269468526712
656	0.03192498538758494
660	0.01715071669450849
694	0.03417041237356966
723	0.06898487781617837
779	0.035171218533035765
924	0.030110175953931867
1040	0.012555190886315149
1120	0.0586362892769744
1408	0.03143775689746359
1441	0.02774594400455242
1448	0.029510047589939418
1498	0.051190108052630814
1584	0.06771789202050711
1616	0.010487770368638304
1646	0.019883372170614554
1720	0.034091511407379364
1917	0.08170906743247298
1923	0.042113826167968396
2204	0.020463636399764125
2218	0.02497312410065972
2315	0.04331506559121216
2316	0.03167824754062964
2317	0.03097430532343456
2386	0.014822329591510653
2461	0.025094130488907233
2498	0.018616203433240275
2503	0.09225237634937289
2806	0.024735639905697007
2821	0.022829494450837033
2835	0.03097430532343456
2891	0.025466683062870855
2937	0.11208475157542655
2976	0.023840967509817308
2979	0.04799400100249573
3134	0.025466683062870855
3403	0.012919939374105857
3522	0.03629002463254605
3533	0.012361986808497065
3720	0.03902268010865211
3826	0.03120320490595653
3830	0.03590226169020961
3871	0.04287414168426845
3923	0.04281289328646613
3937	0.05279477304049825
3990	0.04140988395077331
4010	0.04370065170551454
4020	0.026680956026453376
4247	0.015418867377868533
4276	0.020871157254677513
4310	0.02673975807089041
4453	0.02585444600520729
4454	0.2727482895853115
4480	0.056042375787713275
4544	0.039565620623693946
4669	0.03326507307817579
4708	0.0545798054127768
5064	0.028587101481313354
5158	0.028764655679252897
5494	0.03711653465379214
5595	0.0299058912414141
5630	0.02497312410065972
5671	0.030110175953931867
5712	0.02069071190680874
5715	0.023629872755412094
5732	0.04075452942529206
5744	0.022545924944632773
5760	0.03590226169020961
5776	0.039565620623693946
5802	0.012987788755576046
5924	0.026973252104717575
6397	0.03669429300565427
6435	0.04075452942529206
6454	0.014222201227518206
6501	0.02332177418969169
6575	0.034825766899050904
6591	0.015462945754036419
7017	0.03711653465379214
7039	0.017637945184629834
7145	0.05330972031160722
7183	0.025839878748211715
7226	0.03527589036925967
7237	0.02245325227767412
7331	0.021828688291370926
7343	0.021828688291370926
7358	0.4680480735893479
7362	0.01362128165341167
7381	0.03192498538758494
7573	0.042113826167968396
7589	0.01133571448627319
7892	0.026538113138890023
7897	0.02165753279560608
7911	0.020389135052995163
7912	0.020923277303934545
7913	0.007522477803363919
7996	0.01088862617730561
8015	0.01683925033119239
8023	0.06335649508125928
8043	0.04281289328646613
8076	0.029130041996355185
8216	0.10887007389763816
8233	0.10887007389763816
8234	0.06647795441505203
8241	0.09811846392022353
8371	0.0446059910009084
8437	0.035171218533035765
8440	0.054549657917062296
8486	0.08228785674455238
8617	0.015596421575808076
8676	0.02174272505292301
8721	0.02319353729589851
8794	0.03296397892549161
8824	0.04248533782658177
8895	0.030110175953931867
8927	0.024056860280750422
8979	0.06647795441505203
9164	0.028587101481313354
9234	0.07913124124738789
9309	0.02774594400455242
9328	0.02157309781281574
9430	0.035171218533035765
9435	0.030532417602069727
9438	0.076043747898372
9454	0.03449243890808919
9471	0.0975607530868486
9528	0.02923608975798578
9781	0.016341813486494598
9861	0.6555097755827182
9969	0.026538113138890023
10137	0.046725603259884806
10177	0.0299058912414141
10205	0.049458258735990863
10213	0.014740087752921955
10250	0.046725603259884806
10422	0.032981503571971535
10772	0.05336191205290675
10827	0.038509102439307344
10922	0.019010069576816942
10953	0.03976674434122911
11295	0.056042375787713275
11296	0.03449243890808919
11381	0.04560679716037452
11437	0.02585444600520729
11495	0.03590226169020961
11497	0.07701820487861469
11564	0.04138142381361748
11594	0.022361475012801172
11596	0.030110175953931867
11659	0.00787360548951597
11748	0.025466683062870855
11781	0.03711653465379214
11841	0.023134811604504372
11862	0.024503948589718008
12074	0.028412805343093334
12119	0.04075452942529206
12324	0.03217830368026177
12348	0.03629002463254605
12426	0.03143775689746359
12428	0.03417041237356966
12505	0.03097430532343456
12568	0.022829494450837033
12610	0.021915436593087947
12669	0.03902268010865211
12675	0.017310365377213664
12676	0.030460620258740616
12677	0.02682597980554719
12773	0.03902268010865211
