96
t_index	tf-idf
198	0.21356878676267932
376	0.025758850003833846
465	0.04242812622106489
715	0.046713296117925705
773	0.03692719017252888
998	0.21401053482596147
1813	0.08067353479461331
1832	0.03483583134877065
1837	0.04058122405825807
1839	0.03260673552854156
2059	0.08554471142149915
2204	0.029227645906757287
2245	0.08554471142149915
2600	0.06854850426123034
2645	0.13027785407290512
2806	0.03532923036343143
3047	0.03483583134877065
3169	0.04926459653464665
3256	0.09119514735880357
3505	0.031938276309213885
3649	0.05500148596737635
3727	0.03655546890283063
3768	0.0346752735266956
3795	0.08554471142149915
3839	0.023978290162089223
4004	0.05500148596737635
4130	0.050234078699942
4310	0.019095828455429082
4405	0.038525149981626344
4422	0.022022341836018314
4736	0.03810767157707757
4875	0.05651048167000023
5246	0.016860597895044457
5279	0.021528942821357533
5565	0.05573501474847801
6091	0.04926459653464665
6282	0.2866648727878773
6557	0.026437340260677875
6602	0.06673688684555003
6667	0.035668422470993576
6669	0.11686765158364133
6783	0.05914459197325577
6874	0.050234078699942
6955	0.12741900655638902
6959	0.11192815148985343
7212	0.04633110246050345
7796	0.05500148596737635
7957	0.05733297455757546
7996	0.015551923622186957
8305	0.035162762291808404
8454	0.04559757367940179
8565	0.05761386143758551
8566	0.16332066564786976
8676	0.031054532854294624
8810	0.03986068424667208
9076	0.03233538693089078
9083	0.04926459653464665
9154	0.0958581245392018
9198	0.05102583236541291
9210	0.0479290622696009
9262	0.034998312064708
9397	0.04083016641196744
9593	0.08554471142149915
9807	0.02652458800588371
9850	0.3941167722771732
9895	0.5368512043585234
9949	0.04752473107219433
9989	0.035497766414270826
10067	0.08554471142149915
10107	0.0336016192695458
10147	0.12741900655638902
10151	0.14641396482505184
10178	0.03895588386121378
10213	0.021052859670722963
10493	0.0479290622696009
10519	0.03986068424667208
10580	0.051278207422864444
10887	0.0479290622696009
10953	0.02839887055663737
11465	0.045245164836626994
11678	0.04187429513488989
11716	0.05733297455757546
11731	0.0949486237094737
11763	0.16642253333395862
11841	0.016521405787482304
11868	0.0582085672296585
12014	0.0949486237094737
12074	0.04058122405825807
12391	0.018746015914953448
12467	0.0949486237094737
12676	0.014502020488612185
12791	0.05240944384549492
12798	0.0346752735266956
12840	0.13808910832613283
12869	0.020368665408067428
12973	0.050234078699942
