220
t_index	tf-idf
65	0.02462870271337693
74	0.07913047089225389
112	0.03210697680641185
202	0.0291676993927619
212	0.03001610425332036
478	0.014195710519338649
543	0.05012920335875011
557	0.019452093672228114
567	0.06386334937160479
576	0.04644973028496598
684	0.033616784253626984
707	0.04319697805284242
745	0.03142150874003413
746	0.03210697680641185
806	0.04644973028496598
810	0.07913047089225389
863	0.05887147608145643
998	0.029726171437195407
1186	0.07129322187794689
1258	0.019923276860948625
1289	0.047096006768648155
1500	0.021127935825246347
1580	0.05887147608145643
1665	0.045838405174670534
1671	0.16581613307173598
1691	0.03535972903853542
1710	0.12703619615291512
1800	0.02325650459498627
1813	0.033616784253626984
1833	0.047781474835025865
1875	0.06093294221930616
2021	0.12317179238000447
2063	0.14209790655978846
2139	0.08547082709271688
2218	0.059452342874390815
2220	0.03861248127065898
2280	0.06670872509576344
2457	0.07129322187794689
2462	0.05012920335875011
2509	0.019803627487415806
2542	0.04644973028496598
2545	0.02889847809570043
2748	0.10403608769805248
2752	0.041865233502782546
2799	0.06093294221930616
2816	0.02672670122642393
2817	0.07913047089225389
2900	0.05976983058284588
2976	0.028378535443497558
3059	0.07913047089225389
3076	0.1061913864099983
3225	0.07913047089225389
3272	0.018834697818008495
3372	0.07129322187794689
3376	0.06670872509576344
3381	0.07129322187794689
3403	0.015378946232149467
3417	0.06670872509576344
3432	0.020414952597711252
3488	0.038302687637400086
3494	0.03016390714605652
3533	0.029429601013677274
3663	0.03925875775434114
3666	0.03210697680641185
3771	0.028003691382375382
3806	0.05428697929927299
3866	0.030465438623093078
3948	0.06345597286363988
4086	0.03742119517638514
4164	0.05887147608145643
4234	0.03634354582041223
4308	0.03686953648575056
4309	0.05428697929927299
4328	0.03341665937818009
4417	0.1827988266579185
4418	0.15826094178450778
4445	0.03742119517638514
4688	0.044180794834719234
4706	0.06529961107865079
4716	0.02987020854795266
4949	0.022326658131749517
4984	0.059452342874390815
5110	0.02153665840909623
5186	0.039944225820718854
5187	0.033026732452122835
5210	0.027640876501722807
5211	0.05712853129654801
5315	0.044718362437342625
5323	0.049291282282241
5412	0.03001610425332036
5446	0.03077523225635197
5455	0.12186588443861232
5525	0.06670872509576344
5600	0.014906120812447542
5602	0.20051681343500044
5618	0.04067394740850871
5750	0.03959629805253579
5856	0.043352499630567025
5911	0.03686953648575056
5938	0.03489816453205143
5965	0.045838405174670534
5995	0.05367402391570138
6009	0.023667704829834817
6013	0.02528571176576922
6018	0.049291282282241
6052	0.03228503970356711
6130	0.06093294221930616
6153	0.06493190345536787
6184	0.010542440841493517
6198	0.051034227067149426
6315	0.11983267746215656
6432	0.02927833944250795
6442	0.01950992888931194
6526	0.023921800023921778
6557	0.022032959533645653
6646	0.018197528672947726
6671	0.023921800023921778
6672	0.1766144282443693
6686	0.03861248127065898
6723	0.051034227067149426
6724	0.06670872509576344
6771	0.05012920335875011
6807	0.019337303241738334
6849	0.013058914941551219
7039	0.020994913581689638
7047	0.03158901936364032
7198	0.019744274278749224
7199	0.04851119642281571
7234	0.03770745756225966
7280	0.06317803872728064
7286	0.039944225820718854
7341	0.018834697818008495
7439	0.018618293886191878
7733	0.07660537527480017
7822	0.07913047089225389
7892	0.03158901936364032
7897	0.02577953523931998
7912	0.0498110629377209
8046	0.12186588443861232
8161	0.05309569320499915
8312	0.04651300918997254
8490	0.08639395610568484
8491	0.04273541354635844
8553	0.02453788487341071
8617	0.0185648339270855
8794	0.015695159081284094
8871	0.04319697805284242
8957	0.021817586159209066
8997	0.03861248127065898
9117	0.0286355183301777
9211	0.05301851365421967
9241	0.024094425671495386
9262	0.0583353987855238
9435	0.03634354582041223
9441	0.034074557589777746
9449	0.07499834813968409
9641	0.06345597286363988
9659	0.028127263763044242
9683	0.03559777488956264
9689	0.03535972903853542
9721	0.05887147608145643
9754	0.06670872509576344
9791	0.07913047089225389
9802	0.033616784253626984
9989	0.029583946162078132
10001	0.06805596897695107
10068	0.030313667749867993
10093	0.058609505421310555
10103	0.014123462603952544
10109	0.06670872509576344
10140	0.07913047089225389
10154	0.15826094178450778
10158	0.44496460671249305
10163	0.23739141267676167
10164	0.0244477906892601
10171	0.05201804384902624
10204	0.019983579725420503
10207	0.038110649061924545
10212	0.03770745756225966
10296	0.05309569320499915
10307	0.05012920335875011
10358	0.028003691382375382
10367	0.03559777488956264
10461	0.03489816453205143
10509	0.05561872384933287
10524	0.05887147608145643
10584	0.03861248127065898
10708	0.033616784253626984
10769	0.060930877246186156
10796	0.020166442368068374
10809	0.05712853129654801
10847	0.12186588443861232
10854	0.06670872509576344
11089	0.036089450626325265
11215	0.03559777488956264
11353	0.022032959533645653
11410	0.02509406717294227
11619	0.05887147608145643
11699	0.015541053099043693
11707	0.03686953648575056
11716	0.047781474835025865
11760	0.036089450626325265
11784	0.036089450626325265
11825	0.03770745756225966
11840	0.05712853129654801
11841	0.01376898967767808
11862	0.0291676993927619
11904	0.042935007392696546
11935	0.07913047089225389
12033	0.041865233502782546
12170	0.06093294221930616
12391	0.04686895950939237
12437	0.032649805539325394
12743	0.07913047089225389
12749	0.02126254170412721
12774	0.036089450626325265
12790	0.04030320074199094
12837	0.06345597286363988
12839	0.02640208294139251
12885	0.03535972903853542
