29
t_index	tf-idf
278	0.17653719722768746
413	0.06541594875715499
556	0.13707718759583246
1290	0.17086846380590795
1563	0.1687522612730501
1573	0.18023563934421066
1645	0.17897552537550612
2406	0.24518637526656717
2498	0.05494657140619781
3482	0.19809220361936417
4287	0.09791619991077295
4307	0.13707718759583246
4809	0.1320018217403984
5420	0.19987243922883718
6759	0.18284414277215894
7226	0.10411839535610187
8007	0.23695884568487374
8551	0.16699813950337036
8653	0.47767668466156393
8836	0.11453875179421551
9164	0.1687522612730501
9374	0.11035511833439608
9807	0.3288806731889987
10094	0.10890800029610181
10172	0.13707718759583246
10772	0.15750011120693608
11160	0.13707718759583246
11721	0.1320018217403984
11739	0.15922556155385464
