360
t_index	tf-idf
73	0.05415079023766761
76	0.014531509554716288
81	0.01421757970400784
129	0.015089828112143622
186	0.04909874535822443
212	0.017775749947589396
295	0.04686162641043295
333	0.03645062187624734
348	0.04234837221280574
413	0.023435009377526166
450	0.03293780296090231
475	0.024792888376264997
556	0.03273824643466001
557	0.011519667914145238
565	0.027507859904477433
579	0.03741448287617239
619	0.0825235797134323
659	0.04634587561922419
704	0.08367176827321225
717	0.15111415716344934
720	0.042220351927256074
742	0.008536822918448561
749	0.019673128694812244
778	0.00975763779444254
806	0.027507859904477433
828	0.24404874141106728
916	0.040303227786176225
933	0.1185161411971309
949	0.012632044085299143
983	0.0697282118317335
1019	0.026532406389793733
1025	0.03144364630868385
1114	0.03293780296090231
1290	0.020404321003736695
1304	0.04686162641043295
1560	0.03346230857181042
1563	0.040303227786176225
1572	0.03608492079186073
1594	0.03608492079186073
1616	0.022179111009871414
1645	0.021372428769082092
1669	0.01292052935161254
1690	0.017193126667722894
1720	0.012015890721946596
1738	0.021081254908602763
1832	0.017193126667722894
1859	0.03383192164546598
1862	0.023245898597487748
1901	0.060445662865379744
1995	0.022504554352725345
2008	0.014320596254082732
2015	0.03950538039904363
2023	0.045733170842601104
2054	0.03950538039904363
2063	0.018700308591129488
2078	0.02951064196900072
2158	0.02167684226547205
2170	0.02586653373071584
2209	0.017354482515929016
2217	0.01680597007743314
2232	0.017863279869548464
2235	0.0238678414903853
2275	0.015698970015504434
2281	0.021081254908602763
2282	0.0238678414903853
2286	0.05116311389902599
2302	0.014974377947311815
2317	0.06550320345269933
2386	0.01044855362896674
2388	0.025045595486913572
2406	0.014639510987716577
2408	0.024792888376264997
2418	0.017775749947589396
2490	0.03757907744407919
2498	0.0065614652116281
2509	0.03518354620245937
2514	0.03383192164546598
2554	0.020802216880499
2561	0.05360474365101394
2609	0.0628872926173677
2729	0.027145828835902223
2806	0.017436642364875674
2816	0.015827742131868723
2818	0.0370664283767882
2821	0.016092962689777734
2828	0.042220351927256074
2835	0.02183440115089978
2848	0.014749283014679792
2849	0.026356194803250882
2911	0.03273824643466001
2955	0.0464986298824544
2976	0.01680597007743314
2985	0.03080545471255637
2998	0.016229619344798437
3042	0.01165773349998235
3080	0.018510287719326526
3111	0.03608492079186073
3134	0.017951969161899194
3158	0.02365525399454855
3196	0.029686869970090454
3212	0.03757907744407919
3272	0.011154041707937205
3275	0.021081254908602763
3318	0.02829652847772543
3384	0.022504554352725345
3403	0.03643008438043665
3404	0.04686162641043295
3482	0.02365525399454855
3505	0.015763046520559813
3640	0.029686869970090454
3648	0.04686162641043295
3666	0.01901397951137167
3730	0.0464986298824544
3780	0.042806669605024064
3843	0.03608492079186073
3846	0.02122525924753896
3866	0.036083697900125014
3923	0.015089828112143622
3946	0.021925432030592062
3979	0.02365525399454855
3998	0.015510339409911233
4080	0.03293780296090231
4083	0.011451688206600853
4175	0.04686162641043295
4276	0.01471249202277864
4287	0.035078098028345224
4307	0.03273824643466001
4310	0.009424692471732435
4319	0.03757907744407919
4389	0.03041460764295114
4449	0.04432219468466018
4487	0.01688163126302573
4534	0.03608492079186073
4581	0.04686162641043295
4685	0.032149134387654314
4708	0.023084631348661552
4809	0.015763046520559813
4851	0.021995756999105897
4949	0.02644401077274317
4956	0.02268312343323939
4972	0.013537697559416903
4984	0.05281214902913071
5042	0.02365525399454855
5054	0.011251794446661
5072	0.01822531093812367
5082	0.04366880230179956
5179	0.025045595486913572
5210	0.016369123217330004
5232	0.013725008897213446
5246	0.008321500710023142
5310	0.00932549149169656
5315	0.008827510526164137
5411	0.029190647162289092
5412	0.017775749947589396
5420	0.0238678414903853
5446	0.03645062187624734
5524	0.01458529252403154
5561	0.02268312343323939
5600	0.008827510526164137
5675	0.07652497166638031
5744	0.015893068929837877
5765	0.01080735072323118
5770	0.02829652847772543
5778	0.014804851330940772
5802	0.009155349467606662
5808	0.025045595486913572
5856	0.025673657931497732
5887	0.03486410591586675
6009	0.014016182757692773
6052	0.09559714811343667
6055	0.06429826877530863
6057	0.025581556949512994
6083	0.04686162641043295
6161	0.018413941543716873
6183	0.0937232528208659
6303	0.02586653373071584
6304	0.030222831432689872
6407	0.014917390848615125
6417	0.12757717656686568
6439	0.019558665331792006
6452	0.029190647162289092
6454	0.010025511261926778
6460	0.01880793421799017
6463	0.04686162641043295
6518	0.027145828835902223
6557	0.013048074992347374
6646	0.01077670561857222
6771	0.029686869970090454
6867	0.030222831432689872
6907	0.017113883805831863
6982	0.02680237182550697
7039	0.012433336813123587
7183	0.018215042190218324
7286	0.02365525399454855
7309	0.03608492079186073
7362	0.009601911155210485
7405	0.07041619870550761
7439	0.011025885763808585
7449	0.02829652847772543
7526	0.04686162641043295
7600	0.031020678819822466
7604	0.01044855362896674
7608	0.04686162641043295
7717	0.011519667914145238
7732	0.03608492079186073
7769	0.032149134387654314
7824	0.042220351927256074
7884	0.019335446539177938
7911	0.014372705028194791
7912	0.014749232477539434
7913	0.01060548711535556
7996	0.007675608200246044
8011	0.02586653373071584
8023	0.08932249583480453
8035	0.03608492079186073
8201	0.04909874535822443
8254	0.026475675634076656
8270	0.01665716520512348
8346	0.029686869970090454
8393	0.03950538039904363
8399	0.010961165908719093
8459	0.09433093892605156
8542	0.03080545471255637
8551	0.009971072395559727
8572	0.024792888376264997
8623	0.010477729900315067
8653	0.4563355082729202
8781	0.042220351927256074
8783	0.014372705028194791
8791	0.022866585421300552
8794	0.023236961470914478
8800	0.036083697900125014
8832	0.02872867478047141
8836	0.04103306263052542
8841	0.019673128694812244
8854	0.0238678414903853
8855	0.05116311389902599
8869	0.0468984174023341
8871	0.025581556949512994
8884	0.025045595486913572
8885	0.04686162641043295
8920	0.02344920870116705
8927	0.0339163143331996
8936	0.02122525924753896
8938	0.032321884794644234
8957	0.06460264675806271
8959	0.024792888376264997
8961	0.0232493149412272
8983	0.026164180229379493
9002	0.10991377216011211
9045	0.021925432030592062
9147	0.03950538039904363
9164	0.020151613893088113
9201	0.02789058942440408
9215	0.01602566620693475
9236	0.03293780296090231
9241	0.014268889868341354
9242	0.040892094816641626
9262	0.01727331856847602
9309	0.019558665331792006
9341	0.08906060991027136
9343	0.030222831432689872
9369	0.0320513324138695
9370	0.021995756999105897
9374	0.026356194803250882
9391	0.008051550143635788
9394	0.022330623958701133
9431	0.024549372679112214
9438	0.02680237182550697
9441	0.020179194814184502
9463	0.05295135126815331
9475	0.023055216026893754
9481	0.019908098195935333
9528	0.020609098580061092
9672	0.08906060991027136
9674	0.03757907744407919
9752	0.03950538039904363
9806	0.20121787039472708
9807	0.09163795110269156
9872	0.029190647162289092
9963	0.027145828835902223
10093	0.13883586012743213
10103	0.01672802956194548
10110	0.028232248141870496
10145	0.029190647162289092
10164	0.014478155139510455
10172	0.016369123217330004
10207	0.011284698413022147
10213	0.020781159456916967
10219	0.014268889868341354
10230	0.03757907744407919
10249	0.02789058942440408
10340	0.06766384329093196
10349	0.02122525924753896
10451	0.02122525924753896
10584	0.022866585421300552
10672	0.03486410591586675
10714	0.016511595478995982
10744	0.029609702661881544
10769	0.018041848950062507
10772	0.05642380265397051
10795	0.026475675634076656
10796	0.011942710281185202
10831	0.19752690199521816
10867	0.042220351927256074
10904	0.07881523260279907
10936	0.024549372679112214
11008	0.01880793421799017
11160	0.016369123217330004
11165	0.016439980425425882
11215	0.021081254908602763
11267	0.03950538039904363
11353	0.013048074992347374
11415	0.07674467084853899
11419	0.04366880230179956
11438	0.03741782796796494
11495	0.05061643034657702
11497	0.054291657671804446
11505	0.03486410591586675
11506	0.04686162641043295
11620	0.018413941543716873
11659	0.005550260416395857
11699	0.009203521932072545
11739	0.03802795902274334
11755	0.02365525399454855
11797	0.0697282118317335
11817	0.018413941543716873
11843	0.12148137761150311
11860	0.12089132573075949
11904	0.012713208032752136
11947	0.04686162641043295
12032	0.07901076079808726
12083	0.05295135126815331
12144	0.019558665331792006
12148	0.014350527086653941
12150	0.05673049305455471
12152	0.03950538039904363
12153	0.03383192164546598
12309	0.14058487923129886
12348	0.025581556949512994
12389	0.33256024034366893
12391	0.009252043475411932
12392	0.03383192164546598
12400	0.027507859904477433
12428	0.02408740029729453
12504	0.017604049676376902
12626	0.02205177152761717
12662	0.017951969161899194
12675	0.07321451592241612
12676	0.007157431459072125
12682	0.029190647162289092
12718	0.015031854211635363
12749	0.012591828086449533
12776	0.05834117009612616
12885	0.020940282466336113
12904	0.024792888376264997
12907	0.02167684226547205
12910	0.020802216880499
12958	0.011727848734153124
13017	0.04686162641043295
