175
t_index	tf-idf
66	0.03963861054253036
73	0.024396319763948255
81	0.025621537134069044
105	0.1355753074753003
185	0.3377978323270644
278	0.037990583961437605
291	0.057936038178795134
342	0.03069984073386175
348	0.05087740735093457
376	0.022910505056812313
413	0.028154860649232376
478	0.030299833854802154
554	0.02094574697416472
556	0.058997678521435795
744	0.02751238247431532
1019	0.04781411813578085
1237	0.055514589563169583
1290	0.07354135924349116
1416	0.03445517354278045
1460	0.08126682998698283
1560	0.030151256385172038
1563	0.03631527548445063
1645	0.07703061825606212
1751	0.05177201907951655
1813	0.10762930565152304
1845	0.04895965441471809
1862	0.06283724092249415
1883	0.059357299853189036
1948	0.04957198543593611
2008	0.05161436705047059
2040	0.0430122988432127
2063	0.050549811672704476
2078	0.017727068057062405
2171	0.04262919436747098
2209	0.03127455779967134
2248	0.03993657080242496
2249	0.04771188349426593
2347	0.025621537134069044
2350	0.05260454070289239
2406	0.05276380118208975
2454	0.06502872903100203
2509	0.06340435955357664
2652	0.057936038178795134
2725	0.0844494580817661
2787	0.0844494580817661
2911	0.029498839260717898
2924	0.04357440728462604
2976	0.030286082116467727
3237	0.11101498002475912
3272	0.040201454785487506
3275	0.037990583961437605
3426	0.04957198543593611
3483	0.1368239999407139
3730	0.04189765055021284
3776	0.048300623545283985
3793	0.037990583961437605
3794	0.03993657080242496
3820	0.0451347323646046
3839	0.021326834774475348
4013	0.0268826686066316
4020	0.033893826868825076
4287	0.021071443708814665
4310	0.016984262664172252
4332	0.018621312461633642
4424	0.04957198543593611
4447	0.20316405778814417
4458	0.04087731537018111
4612	0.04771188349426593
4809	0.02840662687888656
4851	0.03963861054253036
4949	0.09530964033161961
5054	0.02027688785586833
5072	0.13137551980087225
5078	0.031128292040174425
5110	0.02298430820684433
5179	0.0451347323646046
5420	0.0430122988432127
5619	0.0902694647292092
5675	0.02298430820684433
5686	0.029755588891727223
5698	0.04340796633665753
5750	0.0422578796116841
5802	0.01649887894024174
5848	0.05099324711033001
5856	0.046266565319400065
5899	0.03609386051240551
5995	0.057281881197454705
6057	0.04610058990170355
6058	0.05446464264456257
6407	0.0268826686066316
6417	0.03284387995021806
6452	0.10520908140578478
6460	0.06778765373765015
6540	0.07119274813028062
6646	0.019420729050764068
6671	0.025529774125966055
6759	0.039347830751406916
6982	0.048300623545283985
7072	0.04087731537018111
7183	0.016412687306537634
7227	0.041547864394987345
7372	0.04891956831148197
7405	0.126897213698374
7600	0.027951222741591605
7643	0.04055551556862295
7649	0.16999402886442902
7701	0.056664676288143
7790	0.0430122988432127
7911	0.025901088881752937
7912	0.0265796299714618
8023	0.04024207515597814
8035	0.06502872903100203
8113	0.02212713534422328
8270	0.09005376141434686
8289	0.0860245976864254
8312	0.0248197589092693
8551	0.035937790674358996
8570	0.05099324711033001
8653	0.44544684111995553
8721	0.014731813522787733
8752	0.09783913662296394
8794	0.04187538832943114
8797	0.01936575502668747
8836	0.049297192152249134
8856	0.05775978898903983
8879	0.03700499334158638
8920	0.0422578796116841
8927	0.030560338863226837
8936	0.03825009455285569
8983	0.09430107364062112
8995	0.048300623545283985
9002	0.16506324409491793
9143	0.08048415031195628
9164	0.03631527548445063
9201	0.05026170329307186
9215	0.028879894494519914
9374	0.023748283390100898
9419	0.0844494580817661
9566	0.07608540533890708
9787	0.03917433999746516
9806	0.07770326664525883
9807	0.18873255833958907
10076	0.06772135259604806
10093	0.093823673399014
10094	0.023436865398882747
10103	0.04521843796807118
10172	0.1769930355643074
10207	0.04067236835739528
10451	0.07650018910571138
10700	0.07308165858579695
10761	0.0430122988432127
10772	0.033893826868825076
10795	0.04771188349426593
10817	0.044240487960033374
10894	0.023208465316706915
11080	0.058744968831971
11160	0.029498839260717898
11210	0.016849937224234827
11519	0.026985365204492663
11659	0.040008554570607535
11696	0.07608540533890708
11732	0.06096859344575142
11739	0.06853028324922393
11839	0.1035440381590331
11841	0.05877805116042449
11843	0.093823673399014
12124	0.07119274813028062
12148	0.025861121955976823
12256	0.059357299853189036
12261	0.03993657080242496
12391	0.1000387887698487
12504	0.0951729102737805
12686	0.037487728809736734
12776	0.02628419335749466
12869	0.03623270540125755
