82
t_index	tf-idf
65	0.05492753163031175
212	0.06694264553761907
433	0.15899987690382208
638	0.05335098006417867
878	0.19061911677768612
908	0.07007701279584355
916	0.07589003838563213
1036	0.06035191176507959
1255	0.19267790154799058
1472	0.10656340696817687
1569	0.14152105359194034
2057	0.09853308288212373
2098	0.15899987690382208
2217	0.06329049976099645
2226	0.07408808543750783
2232	0.06727227914277878
2304	0.07993333673355142
2363	0.05912158913982374
2554	0.07834017890293105
2811	0.06629603032147457
2845	0.051332574184347855
2906	0.06357543625836025
3437	0.09853308288212373
3478	0.10656340696817687
3496	0.044839014372957384
3533	0.13126922350386108
4008	0.0522300572274881
4310	0.035492952437813224
4389	0.05726999717623584
4642	0.3529574004314076
5054	0.04237373328978024
5060	0.19061911677768612
5765	0.04069997894879859
5871	0.14152105359194034
6260	0.11921307785252852
6312	0.13589412930227343
6432	0.06529726451803256
6646	0.04058457091343037
6807	0.04312652386999709
6849	0.029124309625939468
6953	0.07121479729261584
7071	0.10819084979621012
7073	0.1764787002157038
7202	0.2648588787484748
7706	0.13589412930227343
7898	0.06760627888277976
8015	0.04470307543613016
8076	0.0773313799135437
8271	0.07323320317244665
8279	0.07408808543750783
8399	0.02063961988298346
8623	0.07891728459544668
8656	0.06191219979520058
8721	0.06157176994089094
8794	0.08750931351448775
8797	0.04046968865681161
9242	0.051332574184347855
9328	0.05726999717623584
9448	0.07121479729261584
9499	0.05080902710761195
9618	0.14817617087501567
9806	0.054126937032531665
10182	0.1566803578058621
10183	0.1487754207096405
10184	0.06415515401289282
10185	0.13727134253586393
10204	0.04456786539790867
10214	0.13589412930227343
10556	0.10904811447061812
10758	0.08105425957024198
10807	0.10993061624743569
10871	0.15899987690382208
10909	0.09530955838884306
10953	0.05278429078408349
11167	0.053930697818711244
11418	0.1764787002157038
11474	0.057720305780324443
11564	0.05492753163031175
12012	0.1764787002157038
12030	0.12107214120357718
12518	0.060861355591049306
13002	0.16179209345613374
