33
t_index	tf-idf
988	0.19266449751796638
1563	0.15967904029832686
1862	0.09209889586541305
2214	0.13026848920302533
2347	0.11265844485436594
2537	0.3130360308711199
2911	0.12970702494279307
3483	0.20053934796360742
3839	0.09377454704556332
4748	0.16592835817221116
4777	0.2977722307206985
4984	0.13949243830302302
5077	0.1356084210619785
6303	0.20496339915393522
7039	0.09852031209799991
7677	0.061126434908112835
8270	0.39596830826891183
8653	0.15066455802178974
8794	0.03682539499625374
8797	0.08515163759773786
9002	0.14515732046086496
9254	0.17429181537946797
9374	0.10442170821718534
9456	0.31549890058008234
9806	0.11388763984706254
10172	0.12970702494279307
10772	0.14903187912670482
11714	0.17429181537946797
12504	0.13949243830302302
12568	0.12751876110239907
12869	0.07965798894134885
12907	0.1717647721920677
12971	0.14823400127209027
