214
t_index	tf-idf
21	0.06178521572078662
37	0.03726319149302597
99	0.03002335331923347
129	0.02755765087388499
200	0.02734681114051473
264	0.04957480417818779
348	0.025779433400319646
376	0.023217371718880653
450	0.060152340225724236
556	0.08968185310973113
579	0.034163916549147424
659	0.028212900554982864
717	0.11038830009893723
734	0.05742365126606716
847	0.04078108340774719
949	0.02306914685436706
1027	0.0721463142314223
1114	0.060152340225724236
1154	0.0721463142314223
1220	0.043588411877001014
1290	0.07452638298605194
1645	0.07806237764515817
1738	0.038499435410210316
1764	0.050235959873213
1811	0.05871204196418983
1865	0.06589973335704401
1901	0.055194150049468614
1974	0.0721463142314223
2008	0.026152848723192998
2023	0.04175987778223615
2173	0.0424588338214226
2214	0.21016347323463427
2218	0.03214922339358622
2251	0.02878710940204913
2342	0.050235959873213
2372	0.04109872208721096
2406	0.053470527267203756
2498	0.011982811611861524
2509	0.08567147578240082
2609	0.05742365126606716
2695	0.044403940787548085
2818	0.04512813465062443
2849	0.024066371377934513
2906	0.06165982767606721
2966	0.0274517766055944
3134	0.0327846079482008
3403	0.01663252124545951
3433	0.04309454245651326
3482	0.0864003520875411
3494	0.03262263999623411
3613	0.05742365126606716
3702	0.030829913838033605
3730	0.0424588338214226
3839	0.021612489524708813
3874	0.045277769696957376
3923	0.02755765087388499
3946	0.040041105615504474
3980	0.03262263999623411
3987	0.03798984494291847
3998	0.02832560551500369
4008	0.05065629931457287
4013	0.027242739009372612
4192	0.08558058649865476
4281	0.08558058649865476
4287	0.04270735542737862
4307	0.029893951036577042
4310	0.01721175236719374
4332	0.018870729049537887
4334	0.05742365126606716
4361	0.06178521572078662
4389	0.08331656921421109
4391	0.04047148708411348
4422	0.07939809369610737
4447	0.06862842231670108
4619	0.050235959873213
4669	0.04282388784373167
4682	0.032948750031491336
4708	0.014052694007534873
5016	0.05167625813474739
5054	0.02054847946321329
5072	0.06656759138251861
5093	0.043588411877001014
5117	0.0153137062163087
5179	0.04573927358400281
5246	0.015197059211632532
5279	0.0388096105318048
5315	0.01612115468497662
5419	0.07102659381571573
5420	0.043588411877001014
5446	0.033283795691259305
5505	0.03930599592901045
5573	0.035718821100349456
5698	0.08797875799766941
5715	0.03041998489711151
5726	0.033283795691259305
5758	0.060152340225724236
5765	0.019736818464006017
5776	0.05093491591239944
5777	0.05330913362980977
5802	0.016719867342536093
5899	0.036577306969353386
6013	0.02734681114051473
6052	0.03491667118632169
6057	0.09343613591698355
6184	0.011401780631014874
6272	0.0721463142314223
6407	0.027242739009372612
6417	0.06656759138251861
6442	0.02110023026613644
6452	0.05330913362980977
6493	0.055194150049468614
6497	0.09835382384460241
6671	0.02587172366177799
6897	0.0721463142314223
6905	0.05093491591239944
6983	0.05093491591239944
7027	0.03398275173044575
7029	0.030286339833542057
7405	0.06429844678717243
7508	0.06862842231670108
7589	0.014593064763390213
7600	0.02832560551500369
7677	0.014087985234335373
7682	0.035927858696571245
7815	0.06725656097639804
7884	0.0706223399309006
7912	0.013467820715157822
8043	0.02755765087388499
8113	0.022423509437565114
8269	0.08558058649865476
8270	0.15209992448555756
8346	0.05421535567497965
8394	0.045277769696957376
8542	0.056258160110964135
8551	0.01820957335451269
8653	0.5555855032446994
8676	0.02799055985523572
8742	0.04723850401549574
8794	0.04243627341719341
8797	0.0196251427873997
8798	0.02703721481688102
8800	0.06589750006298267
8836	0.12489371492003931
8838	0.20588526695010326
8856	0.029266716033479575
8893	0.028905259128889867
8921	0.0353111699654503
8930	0.026058420442392063
8936	0.0387624219245189
8961	0.0424588338214226
9002	0.23418377552489292
9045	0.020020552807752237
9051	0.03262263999623411
9068	0.0786119918580209
9164	0.036801687605980536
9254	0.12050860770250302
9369	0.029266716033479575
9374	0.024066371377934513
9391	0.02940812926468433
9401	0.05421535567497965
9475	0.04210436257917586
9528	0.03763716453719913
9806	0.0787440355854506
9807	0.09563023494156106
9954	0.034163916549147424
10014	0.055194150049468614
10093	0.0316934538098575
10103	0.06109880047011807
10113	0.07710450440767792
10172	0.059787902073154084
10178	0.035112329786024174
10207	0.06182571002903981
10219	0.026058420442392063
10249	0.05093491591239944
10340	0.06178521572078662
10405	0.060152340225724236
10421	0.025779433400319646
10637	0.0424588338214226
10653	0.04957480417818779
10688	0.06004670663846694
10714	0.03015413960976856
10725	0.044403940787548085
10749	0.02799055985523572
10772	0.034347805752754826
10796	0.021810257742565214
10877	0.06589973335704401
11005	0.050235959873213
11099	0.04109872208721096
11160	0.059787902073154084
11210	0.017075627752629552
11419	0.07974972272515463
11477	0.052465461089811545
11634	0.0393617062832215
11659	0.010136108753358925
11739	0.03472409395279371
11803	0.04835094345355415
11817	0.03362828048819902
11843	0.063386907619715
12003	0.06367023214044545
12083	0.04835094345355415
12148	0.013103754806590047
12277	0.055194150049468614
12290	0.06367023214044545
12298	0.04078108340774719
12389	0.09343613591698355
12391	0.016896453827742637
12485	0.023907558735390265
12504	0.03214922339358622
12626	0.020135915942597966
12675	0.022284548833116997
12676	0.013071189137279785
12749	0.022995702780146607
12776	0.026636247695047334
12913	0.040169535900834344
