42
t_index	tf-idf
1563	0.1534303756331398
1862	0.08849482162234548
1964	0.1472162399140699
2023	0.17410162824927847
2063	0.07119021302250997
2214	0.1251707374633515
2406	0.22292464334097298
3433	0.08983299770968413
3483	0.3853834220170175
4310	0.07175773185395903
4708	0.05858726217444618
4809	0.12001669750141905
5246	0.06335824944562952
5315	0.06721090743007006
5420	0.1817249925911948
5505	0.1638711187538775
5675	0.09710764946155911
5744	0.12100666223586157
6432	0.06600723913136795
7600	0.11809263587947243
7884	0.1472162399140699
7912	0.05614885962323766
7913	0.04037403357652533
8270	0.12682433913057242
8653	0.2895373079484422
8794	0.0707686390970019
8836	0.10413918948263594
9002	0.1394769292363033
9254	0.16747131404029256
9374	0.20067081923944582
9807	0.3986932073893461
10164	0.11023379037109707
10172	0.12463124478985424
10772	0.1431998661377388
10794	0.1360074560263778
10796	0.09092941807248997
11437	0.13876388849561108
11739	0.1447686539742211
12275	0.12626715782615736
12504	0.13403372895296425
12675	0.09290679098435028
12749	0.09587167179074058
