274
t_index	tf-idf
46	0.030884377514267126
58	0.04967311177597732
65	0.020780595021707544
155	0.04306039247257152
201	0.04158977381506883
333	0.05193352209094518
348	0.02011214085085762
413	0.02225956677028782
450	0.09385717058571769
478	0.011977704013924584
556	0.023322132201277313
579	0.026653398117154854
617	0.030450660221508077
619	0.0391921996522842
638	0.02018414222919628
653	0.05141248446889433
659	0.044021280139230595
704	0.0397374987707862
710	0.042669899600897745
715	0.03284823438429271
717	0.08612078494514304
742	0.012162955219994147
828	0.1986924471039093
983	0.04967311177597732
995	0.036853697736105924
1248	0.027393314325113348
1290	0.029071335441023513
1394	0.04306039247257152
1417	0.036447673169165716
1645	0.030450660221508077
1690	0.024496142387969908
1800	0.019622795777481106
1829	0.028536234225519087
1845	0.01935404174206679
1862	0.016559955992454377
1901	0.04306039247257152
1964	0.02754844192754461
1974	0.05628583107938313
1987	0.04692858529285884
1996	0.015441783543917535
2023	0.03257948034887839
2040	0.0680120672570383
2063	0.013321760224312792
2078	0.01401523026427678
2158	0.030884377514267126
2209	0.04945207267946397
2214	0.14053852186619434
2265	0.04031586598945304
2274	0.04820249311847464
2287	0.019760066309006997
2315	0.02175161590485142
2348	0.03497705451166303
2376	0.06015402389967046
2382	0.044799765165488524
2397	0.017770520733198472
2406	0.04171568703888933
2490	0.05354130459626465
2498	0.009348537308196347
2512	0.05354130459626465
2583	0.02236732226059959
2591	0.021014242716325772
2616	0.05628583107938313
2631	0.04580491895569
2788	0.046051047460934434
2818	0.017603633608537204
2868	0.05354130459626465
2874	0.0331247794673804
2919	0.04229677404783512
2924	0.017225221614696473
2977	0.03400603362851915
2982	0.08959953033097705
3085	0.02273785960492528
3237	0.029256586647093075
3255	0.04031586598945304
3351	0.04031586598945304
3403	0.02595213050643819
3432	0.017225221614696473
3482	0.03370314668604723
3635	0.0294455064313066
3727	0.025705371068583557
3730	0.09937433840214119
3780	0.020329796010247394
3839	0.01686124852741096
3851	0.03284823438429271
3866	0.025705371068583557
3948	0.05354130459626465
3980	0.02545095232864763
4083	0.03263189881781792
4247	0.015485848921779465
4276	0.010480912123693125
4307	0.023322132201277313
4310	0.013427959510343248
4389	0.04333362825126235
4422	0.06194339568711786
4682	0.025705371068583557
4748	0.029834953865759913
4809	0.04491723227523542
4949	0.018838233025241825
4979	0.05141248446889433
4980	0.022928668712314762
5054	0.016031148040281468
5082	0.03110886169137571
5100	0.04580491895569
5179	0.03568405474442931
5209	0.034318853041795404
5279	0.03027779320289124
5412	0.025326242875099398
5420	0.0680120672570383
5446	0.02596676104547259
5524	0.020780595021707544
5560	0.03400603362851915
5600	0.012577116365121228
5675	0.09085833341055352
5686	0.047050243009652055
5726	0.02596676104547259
5743	0.05141248446889433
5744	0.022643867343687268
5765	0.01539792076620949
5802	0.013044209381132902
5810	0.01982944943188947
6052	0.027240668871088388
6153	0.027393314325113348
6378	0.06015402389967046
6407	0.02125375665210942
6417	0.12983380522736296
6430	0.03455674029925599
6432	0.012351875004207672
6449	0.02125375665210942
6460	0.053593723065204164
6461	0.05141248446889433
6479	0.06015402389967046
6776	0.05628583107938313
6781	0.06015402389967046
6850	0.11257166215876627
6897	0.05628583107938313
6907	0.04876648007320856
6908	0.03340958083600789
6962	0.06221772338275142
6969	0.02545095232864763
6982	0.03818704586208272
7015	0.022928668712314762
7029	0.02362825912929432
7100	0.06015402389967046
7405	0.15048966339100586
7431	0.032318090371989364
7600	0.022098568225185272
7616	0.03455674029925599
7717	0.016412804427061417
7867	0.03257948034887839
7892	0.026653398117154854
7911	0.04095541615847125
7912	0.010507085356421898
7913	0.007555156414895936
8011	0.036853697736105924
8019	0.05141248446889433
8020	0.06015402389967046
8043	0.021499439001924005
8270	0.16612766774263457
8346	0.04229677404783512
8388	0.04389049295970101
8394	0.03532400683199688
8399	0.015617071055622378
8494	0.034318853041795404
8568	0.06015402389967046
8611	0.04820249311847464
8653	0.5959894024181115
8721	0.011647146503169184
8783	0.020477708079235626
8794	0.019864307214948713
8797	0.030621591237414963
8798	0.021093414434983793
8838	0.05354130459626465
8848	0.027240668871088388
8855	0.036447673169165716
8918	0.04820249311847464
8921	0.02754844192754461
8930	0.020329796010247394
8938	0.023025523730467217
8957	0.018408700921120114
8959	0.03532400683199688
9002	0.23490172543377064
9045	0.031238559182340555
9110	0.04967311177597732
9117	0.02416136637732449
9164	0.028711287528591076
9215	0.022832787127900798
9236	0.04692858529285884
9240	0.04820249311847464
9241	0.020329796010247394
9254	0.09401626692941337
9369	0.045665574255801596
9374	0.05632702357019985
9391	0.011471556196503249
9394	0.03181586192414199
9443	0.02623551508088691
9456	0.028364335208257225
9457	0.025326242875099398
9481	0.028364335208257225
9528	0.01468154754692294
9672	0.04229677404783512
9732	0.06015402389967046
9806	0.04095541615847125
9807	0.11191064936602337
9808	0.06015402389967046
9872	0.04158977381506883
9949	0.03341882579574302
9989	0.02496160725527111
10012	0.0409315723452012
10013	0.05141248446889433
10014	0.04306039247257152
10093	0.07417810901919596
10103	0.011916744462450286
10107	0.02362825912929432
10172	0.046644264402554626
10207	0.016078028416416004
10213	0.01480412059080021
10230	0.05354130459626465
10340	0.09640498623694928
10637	0.0331247794673804
10714	0.023525121504826028
10725	0.03464227850101762
10726	0.05141248446889433
10729	0.038676390935459236
10772	0.08039058459780625
10795	0.03772158099478151
10831	0.05628583107938313
10913	0.021014242716325772
10953	0.019969748097814956
11135	0.04967311177597732
11160	0.046644264402554626
11165	0.023423086977699056
11235	0.0397374987707862
11318	0.07417810901919596
11410	0.042346497372369174
11415	0.036447673169165716
11419	0.06221772338275142
11438	0.017770520733198472
11477	0.0409315723452012
11495	0.0360582257347124
11497	0.038676390935459236
11525	0.05141248446889433
11634	0.03070851746836385
11659	0.02372342833469387
11739	0.027090427382641433
11800	0.03532400683199688
11843	0.12363018169865993
12003	0.04967311177597732
12065	0.04158977381506883
12074	0.028536234225519087
12083	0.03772158099478151
12110	0.05354130459626465
12148	0.010223054876837357
12150	0.053885030627306395
12271	0.06015402389967046
12275	0.02362825912929432
12332	0.03772158099478151
12389	0.036447673169165716
12391	0.013181975491337166
12440	0.036853697736105924
12485	0.03730354978867445
12504	0.025081610565167646
12532	0.017119804659827702
12610	0.022010640069615298
12626	0.01570928155440136
12675	0.0173855638318221
12676	0.020395296741774902
12703	0.04306039247257152
12762	0.028711287528591076
12776	0.020780595021707544
12811	0.03206367163205343
12869	0.02864600664146601
12877	0.05141248446889433
12906	0.08778098591940202
12913	0.03133875564313779
