281
t_index	tf-idf
46	0.029879537759614182
58	0.048056970494620314
65	0.020104487238945572
155	0.0416593995535007
201	0.04023662826123341
333	0.0502438371500063
348	0.019457781582363852
413	0.021535339850000883
450	0.09080347729951807
478	0.023176006004473587
556	0.02256333414590808
570	0.03900416770863942
579	0.02578621554200543
617	0.029459931691141375
619	0.03791706045724237
638	0.019527440357316347
653	0.049739751765897254
659	0.042589024225567484
704	0.03844461797702849
710	0.041281611576435374
715	0.03177949949513242
717	0.0833187991070014
742	0.011767226961153
828	0.19222788197848126
983	0.048056970494620314
995	0.03565464295269333
1248	0.026502058180065183
1290	0.028125483980734344
1394	0.0416593995535007
1417	0.03526182861238109
1645	0.029459931691141375
1690	0.023699147282735863
1800	0.01898435761289319
1829	0.0276077925697129
1845	0.018724347633883538
1862	0.016021168959792494
1901	0.0416593995535007
1964	0.02665213862291245
1974	0.054454541435739925
1987	0.045401738649759035
1996	0.014939376850419954
2023	0.03151948951612276
2040	0.06579925824236958
2063	0.03866498887306383
2078	0.013559237245357922
2158	0.029879537759614182
2209	0.04784312302343295
2214	0.13596602582783068
2265	0.03900416770863942
2274	0.04663419920235303
2287	0.01911716197419578
2315	0.021043915437874577
2348	0.0338390573201138
2376	0.05819688053199826
2382	0.04334218082477764
2397	0.017192347328688268
2406	0.040358444830916294
2490	0.051799309590878646
2498	0.009044377642656951
2512	0.051799309590878646
2583	0.021639589457754474
2591	0.020330533080749155
2616	0.054454541435739925
2631	0.04431463139836198
2788	0.08910550396187429
2818	0.03406177993192311
2868	0.051799309590878646
2874	0.032047047035908875
2919	0.04092062586297356
2924	0.016664789808902153
2977	0.03289962912118479
2982	0.08668436164955529
3085	0.021998071171236058
3134	0.02474514202129871
3237	0.028304707939650547
3255	0.03900416770863942
3351	0.03900416770863942
3403	0.025107764048387875
3432	0.016664789808902153
3482	0.032606596767519806
3635	0.028487481117557036
3727	0.024869033060932723
3730	0.09614114110772663
3780	0.019668355214633348
3839	0.016312658780844137
3851	0.03177949949513242
3866	0.024869033060932723
3948	0.051799309590878646
3980	0.02462289197088947
4083	0.031570202522116037
4247	0.014982008537625208
4276	0.010139910037377941
4307	0.02256333414590808
4310	0.01299107365976621
4389	0.041923745459870314
4422	0.05992803415050083
4682	0.024869033060932723
4748	0.028864257671261478
4809	0.043455826079229466
4949	0.01822532102976986
4979	0.049739751765897254
4980	0.02218267220217763
5054	0.015509566057411325
5082	0.030096718223855477
5100	0.04431463139836198
5179	0.03452305492185395
5209	0.03320227078739971
5279	0.029292688993509935
5412	0.02450224000616867
5420	0.06579925824236958
5446	0.02512191857500315
5524	0.020104487238945572
5560	0.03289962912118479
5600	0.012167913151725336
5675	0.08790220889710783
5686	0.04551943816761372
5726	0.02512191857500315
5743	0.049739751765897254
5744	0.021907136998530932
5765	0.01489694117166413
5802	0.012619809046428915
5810	0.03836857536006978
6052	0.026354379127597145
6153	0.026502058180065183
6378	0.05819688053199826
6407	0.020562254302421677
6417	0.12560959287501575
6430	0.03343241825559916
6432	0.011950000139059483
6449	0.020562254302421677
6460	0.05185002259687191
6461	0.049739751765897254
6479	0.05819688053199826
6644	0.04431463139836198
6776	0.054454541435739925
6781	0.05819688053199826
6850	0.10890908287147985
6897	0.054454541435739925
6907	0.047179836539615765
6908	0.03232258223955557
6962	0.060193436447710955
6969	0.02462289197088947
6982	0.03694460988365803
7015	0.02218267220217763
7029	0.02285950107045411
7100	0.05819688053199826
7405	0.14559340163634474
7431	0.031266604002052334
7439	0.015198171669942572
7600	0.02137957947874482
7616	0.03343241825559916
7717	0.01587880504934896
7867	0.03151948951612276
7892	0.02578621554200543
7911	0.03962290977056117
7912	0.010165231709969505
7913	0.007309345356706349
8011	0.03565464295269333
8019	0.049739751765897254
8020	0.05819688053199826
8043	0.020799943245472723
8270	0.18368298873766986
8346	0.04092062586297356
8388	0.04246249227693351
8394	0.034174721360984046
8399	0.015108961289101101
8494	0.03320227078739971
8568	0.05819688053199826
8611	0.04663419920235303
8653	0.6028075940072045
8676	0.021126693964674398
8721	0.011268200357039319
8783	0.019811454885280584
8794	0.019218011346463136
8797	0.029625301374947354
8798	0.02040712890516048
8838	0.051799309590878646
8848	0.026354379127597145
8855	0.03526182861238109
8918	0.04663419920235303
8921	0.02665213862291245
8930	0.019668355214633348
8936	0.029257072011573716
8938	0.022276375990468573
8957	0.017809763982581765
8959	0.034174721360984046
9002	0.22725907205526608
9045	0.03022219593752547
9110	0.048056970494620314
9117	0.023375263388800433
9164	0.027777150419864435
9215	0.02208991017643742
9236	0.045401738649759035
9240	0.04663419920235303
9241	0.019668355214633348
9254	0.09095739735850826
9369	0.06626973052931226
9374	0.05449439370681783
9391	0.01109832297499322
9394	0.030780715825595627
9441	0.009271722729489944
9443	0.025381928554012802
9456	0.027441486378994188
9457	0.02450224000616867
9481	0.027441486378994188
9528	0.014203875538537452
9672	0.04092062586297356
9732	0.05819688053199826
9806	0.05943436465584176
9807	0.1263145058977493
9808	0.05819688053199826
9872	0.04023662826123341
9949	0.03233152640957695
9989	0.024149468001418806
10012	0.03959984172851931
10013	0.049739751765897254
10014	0.0416593995535007
10093	0.07176468453514943
10103	0.011529026802401003
10107	0.02285950107045411
10172	0.04512666829181616
10207	0.015554921155413536
10213	0.014322460602819541
10230	0.051799309590878646
10340	0.09326839840470606
10637	0.032047047035908875
10714	0.02275971908380686
10725	0.03351517342617838
10726	0.049739751765897254
10729	0.03741803385312869
10772	0.07777503389530788
10795	0.03649428916497508
10831	0.054454541435739925
10913	0.020330533080749155
10953	0.019320021653763435
11135	0.048056970494620314
11160	0.04512666829181616
11165	0.022661004304638445
11235	0.03844461797702849
11318	0.07176468453514943
11410	0.0409687314125273
11415	0.03526182861238109
11419	0.060193436447710955
11438	0.017192347328688268
11477	0.03959984172851931
11495	0.03488505205867665
11497	0.03741803385312869
11525	0.049739751765897254
11634	0.02970939941444122
11659	0.022951573894812467
11739	0.0262090258264002
11800	0.034174721360984046
11843	0.11960780755858239
12003	0.048056970494620314
12065	0.04023662826123341
12074	0.0276077925697129
12083	0.03649428916497508
12110	0.051799309590878646
12148	0.009890442314078096
12150	0.05213185231150592
12271	0.05819688053199826
12275	0.02285950107045411
12332	0.03649428916497508
12389	0.03526182861238109
12391	0.025506185724984587
12440	0.03565464295269333
12485	0.036089858827928374
12504	0.02426556693939079
12532	0.016562802651089115
12610	0.021294512112783742
12626	0.030396343339885144
12675	0.01681991520616335
12676	0.01973172484479845
12703	0.0416593995535007
12762	0.027777150419864435
12776	0.020104487238945572
12811	0.031020462912009085
12869	0.02771399348134646
12877	0.049739751765897254
12906	0.08492498455386702
12913	0.03031913245283609
