55
t_index	tf-idf
413	0.04286234498205643
478	0.046127805346425375
659	0.08476603859146237
804	0.1374242617206642
949	0.06931156152195136
1220	0.13096196883782865
1290	0.11195775925212416
1563	0.1105711646259118
1645	0.2345394619427781
1800	0.07557011785597838
1862	0.06377469552405618
2406	0.08032645861783118
2911	0.08981677733841625
3237	0.1126711874320018
3483	0.13886524628548502
3505	0.08649125678358412
3793	0.11567207070295443
4222	0.11809539261307571
4307	0.08981677733841625
4391	0.12159712644008637
4606	0.10490760747896254
5072	0.1000016111259904
5246	0.045659768484260496
5899	0.10989700998993429
6827	0.25712802140592805
7029	0.09099571474832817
7183	0.049972633441864665
7362	0.052685333527073594
8270	0.09139725313655624
8653	0.5216450329734387
8794	0.025500070672629573
8800	0.09899496194185406
8836	0.07504896873762494
9002	0.10051547120616498
9142	0.14706362890862643
9164	0.1105711646259118
9215	0.08793224134840491
9401	0.16289076418920426
9528	0.05654068314273293
9806	0.07886250412614769
9807	0.21549174383282146
10172	0.08981677733841625
10320	0.21676456996876933
10421	0.07745465384598973
10768	0.10858471346147905
10772	0.103198443644457
10798	0.1347015054161999
11160	0.08981677733841625
11395	0.19799663384570654
11659	0.030454074868340102
11843	0.09522340758644986
12504	0.09659277342134061
12676	0.039272563297334286
12776	0.08002896390074857
12911	0.1807285140003079
