283
t_index	tf-idf
86	0.033588854436390564
101	0.02818415068980962
200	0.05022502391812643
212	0.029810502627275557
229	0.07732867304823066
291	0.05391512920431083
342	0.057138386805459095
521	0.04494843694793562
557	0.019318852460935895
660	0.020275116081476714
778	0.016363871452111614
801	0.03280050889433545
913	0.05391512920431083
1036	0.18812889255416143
1075	0.05523775168967312
1088	0.056737217392885037
1097	0.03804032531370631
1202	0.03688758976381092
1213	0.02896790909444314
1214	0.19271563507508233
1373	0.05846822351050808
1413	0.04552442536704209
1428	0.02428033039939391
1448	0.03488598471500032
1500	0.04196643116054901
1586	0.16571325506901935
1616	0.012398360106321341
1636	0.02195425461380481
1646	0.02350558790231168
1669	0.043336284018134476
1720	0.0201510340206052
1765	0.04552442536704209
1806	0.02883342470559116
1840	0.06051556920200004
1845	0.022780864696182
1890	0.038989846627078564
1921	0.031042346022843365
1936	0.07858845007076974
1937	0.07858845007076974
1996	0.03635180560937959
2008	0.048032198193064604
2021	0.04077603375132855
2037	0.0333865190117884
2078	0.0164967642723617
2107	0.12008140644772353
2209	0.02910402363677871
2214	0.027570374308228736
2232	0.029957293112977675
2251	0.0264351344444255
2271	0.03488598471500032
2304	0.035595440329040606
2313	0.04077603375132855
2339	0.04157846877108139
2359	0.07858845007076974
2386	0.017522559460270905
2411	0.04895365126585282
2483	0.036352759529761754
2498	0.044015150192083435
2591	0.024735020539550796
2607	0.052870268888851
2609	0.05273200307496783
2816	0.026543631059003436
2845	0.02285911805991265
2900	0.019786808181196533
3025	0.06625178963754029
3080	0.031042346022843365
3181	0.05391512920431083
3327	0.05523775168967312
3339	0.04290109125644367
3352	0.04290109125644367
3403	0.015273604901858888
3432	0.020275116081476714
3465	0.02896790909444314
3533	0.08768405029518614
3536	0.0293813046938712
3537	0.03661699083262337
3591	0.06051556920200004
3606	0.06051556920200004
3619	0.039325074871930814
3620	0.06051556920200004
3666	0.03188705330857649
3672	0.03609460305109585
3722	0.05391512920431083
3768	0.02870053188534107
3866	0.0605135183733482
4008	0.02325877989581115
4020	0.031541508744898604
4074	0.027690475049345062
4094	0.03318776493381264
4221	0.05523775168967312
4247	0.01822777038998475
4276	0.012336660433229455
4287	0.039218063429746645
4460	0.07858845007076974
4547	0.05662207384812728
4603	0.06051556920200004
4605	0.04337900645607281
4708	0.01290455565396621
4775	0.0396706194356087
5054	0.018869620066816896
5072	0.030564430823214205
5169	0.056737217392885037
5183	0.09104885073408418
5209	0.04039534264173838
5270	0.06302131781670534
5282	0.05068465738347587
5429	0.02482821038767396
5495	0.04200226669848991
5500	0.1416097678874751
5505	0.03609460305109585
5623	0.05466791800475849
5649	0.04117008513882061
5715	0.027934600147637413
5765	0.018124273691893487
5772	0.06302131781670534
5873	0.04494843694793562
5995	0.07995955858154731
6013	0.05022502391812643
6050	0.04978583282552212
6161	0.06176154079416623
6233	0.046773412754110774
6252	0.035353940435260946
6257	0.07858845007076974
6260	0.1592617863540206
6407	0.025016942767303242
6432	0.07269447822968234
6563	0.02896790909444314
6606	0.05375111215833184
6796	0.05022502391812643
6807	0.07681939324667661
6883	0.03280050889433545
6986	0.08079068528347676
7028	0.04745418556264091
7039	0.04170220900116637
7095	0.03609460305109585
7170	0.05273200307496783
7176	0.023673192689157376
7202	0.25947985357067604
7215	0.14238176131616243
7226	0.020851104500583185
7227	0.03866433652411533
7258	0.07858845007076974
7334	0.10136931476695174
7341	0.09352842794806955
7405	0.02952255576702069
7439	0.03698152792418526
7589	0.013400776840378726
7591	0.04440055695965557
7640	0.02896790909444314
7677	0.025873927008053636
7717	0.019318852460935895
7897	0.02560295288475619
7911	0.04820697436308856
7912	0.012367467893572992
7913	0.008892870974445676
8015	0.17916218030081563
8082	0.035595440329040606
8113	0.020591455655345627
8191	0.05273200307496783
8305	0.02910402363677871
8373	0.06625178963754029
8399	0.03676445337983459
8402	0.05443518406191429
8432	0.05273200307496783
8542	0.051661735305160265
8565	0.023843337038913635
8617	0.018437670188232273
8623	0.017571489002835793
8630	0.03188705330857649
8676	0.02570366488047686
8687	0.05273200307496783
8721	0.04112816415114935
8794	0.03896912946126001
8800	0.0302567591866741
8930	0.07178815748916063
8932	0.23576535021230924
8957	0.043336284018134476
8985	0.056737217392885037
8995	0.04494843694793562
9002	0.09216446010473761
9045	0.018384826268349745
9095	0.030564430823214205
9110	0.05846822351050808
9117	0.028439373318099093
9125	0.02428033039939391
9182	0.05523775168967312
9210	0.0396706194356087
9348	0.07080488394373755
9364	0.06485232764358013
9385	0.05523775168967312
9426	0.03584224833554113
9430	0.04157846877108139
9441	0.033841156733087935
9448	0.03171295195675242
9473	0.04002713548257451
9648	0.06485232764358013
9703	0.05846822351050808
9793	0.11066276929143275
9806	0.02410348718154428
9807	0.06586276384141443
9849	0.03661699083262337
9949	0.05900393511372054
10001	0.06758980528809835
10005	0.05846822351050808
10103	0.014026720973118342
10161	0.06176154079416623
10164	0.02428033039939391
10177	0.035353940435260946
10184	0.057138386805459095
10185	0.030564430823214205
10198	0.03774085924000988
10217	0.039325074871930814
10226	0.04039534264173838
10349	0.035595440329040606
10358	0.0278118742020084
10478	0.0293813046938712
10556	0.02428033039939391
10607	0.15717690014153948
10705	0.03465912220619813
10715	0.024550929330581464
10719	0.03137264372436639
10721	0.05846822351050808
10749	0.02570366488047686
10794	0.029957293112977675
10796	0.02002830807497619
10833	0.04387816917812806
10884	0.05846822351050808
10894	0.021597738566838994
10909	0.04244268833323034
10913	0.04947004107910159
10922	0.02247319305964189
11050	0.020527470797031433
11066	0.08610159565602321
11069	0.05068465738347587
11080	0.027333959002379244
11081	0.046773412754110774
11083	0.04157846877108139
11097	0.06800960488459339
11186	0.09517991645568469
11209	0.033588854436390564
11210	0.04704152567658572
11319	0.06625178963754029
11359	0.04817890876877058
11372	0.04978583282552212
11437	0.030564430823214205
11452	0.07858845007076974
11530	0.029957293112977675
11594	0.0264351344444255
11659	0.018615929365890977
11699	0.015434601383636335
11702	0.07858845007076974
11746	0.04895365126585282
11748	0.030106027900000887
11767	0.10281465952190744
11770	0.07080488394373755
11772	0.06625178963754029
11780	0.08580218251288733
11841	0.027349352167575013
11879	0.07858845007076974
11883	0.09566115992572947
11885	0.07080488394373755
12148	0.012033147031231182
12275	0.0556237484040168
12311	0.07858845007076974
12370	0.07080488394373755
12425	0.06929161281015271
12437	0.03242616382179007
12485	0.02195425461380481
12504	0.05904511153404138
12518	0.027102418587968104
12568	0.026988414438701362
12577	0.09411793117309918
12610	0.05181567963785139
12626	0.01849076396209263
12633	0.06051556920200004
12676	0.012003242054164323
12718	0.05041780299452826
12746	0.06051556920200004
12762	0.03379490264404918
12840	0.02285911805991265
12862	0.06905184000609449
13001	0.060212055800001774
13002	0.09606439638612921
