155
t_index	tf-idf
37	0.044553717250248245
65	0.031847616934121754
333	0.03979575454563345
376	0.027759839493364837
557	0.025153693032450932
660	0.052797550697384246
710	0.032697201780971
744	0.03333576975597765
949	0.027582614504350376
1064	0.10232438769194234
1171	0.043211409852954644
1290	0.044553717250248245
1391	0.07612728288649107
1554	0.035288116567857256
1563	0.04400192034640116
1645	0.04666762241950478
1800	0.03007321409444265
1862	0.025379212401891314
1901	0.13198571870216946
2040	0.0521164640049344
2063	0.020416466230583984
2139	0.055261582227247016
2173	0.05076588453806976
2214	0.03589740816858856
2232	0.03900524405218694
2251	0.034419293714841925
2317	0.04767635909215169
2406	0.12786402117653015
2485	0.05585843581567841
2645	0.07019902515185243
2805	0.045724012280272085
2806	0.03807366261176253
2911	0.07148537678130386
2985	0.06726504247689571
3237	0.04483762680343113
3482	0.051652270014910705
3533	0.019027852796699815
3793	0.046031831703994885
3848	0.03257276798668893
3987	0.04542254010326359
4247	0.023733073275588504
4307	0.03574268839065193
4375	0.07019902515185243
4391	0.0483897143533757
4415	0.06006460161644611
4422	0.023733073275588504
4534	0.07879298495959468
4595	0.032697201780971
4605	0.05648069494060946
4606	0.16699240543005223
4809	0.034419293714841925
5054	0.02456877973261848
5072	0.03979575454563345
5075	0.07019902515185243
5117	0.018309825580626396
5178	0.07612728288649107
5279	0.04640269244114266
5294	0.1105853156120302
5310	0.04072522786370156
5420	0.0521164640049344
5446	0.03979575454563345
5505	0.04699619540608306
5524	0.031847616934121754
5649	0.05360461682679031
5726	0.03979575454563345
5765	0.023598317643548552
5899	0.04373363974454805
5956	0.04699619540608306
6009	0.030604941149459827
6350	0.17343234788267403
6407	0.03257276798668893
6432	0.018930053886389415
6452	0.06373904036219663
6497	0.039198900957202076
6591	0.023800919720195903
6646	0.023531402732347658
6826	0.10232438769194234
6892	0.05413634388180749
6901	0.048759883051015945
7029	0.10863554360939047
7031	0.06006460161644611
7176	0.030823167328660216
7183	0.01988666614526671
7394	0.030283590135158193
7405	0.03843920371557501
7439	0.04815099670940311
7604	0.022814868672855485
7717	0.050307386064901864
7884	0.04221978363583197
7913	0.011578769863309099
7996	0.016760022419507224
8040	0.06865856142418834
8270	0.14548656210688612
8271	0.04246145661873708
8312	0.03007321409444265
8394	0.05413634388180749
8459	0.06865856142418834
8551	0.021772267752118154
8553	0.03173017949489936
8653	0.6227676971925658
8792	0.0648225643210609
8794	0.02029556408057765
8796	0.058524137888782024
8797	0.0469295853474708
8798	0.03232703308333075
8812	0.0521164640049344
8836	0.08959746663549151
8954	0.08626170642189739
8983	0.05713061894148939
9002	0.20000122873618414
9164	0.04400192034640116
9254	0.04802868656417749
9364	0.04221978363583197
9369	0.06998547031286874
9374	0.11509978213354473
9422	0.0483897143533757
9528	0.022500428971647234
9806	0.06276684588819612
9807	0.17151036763552047
10093	0.037894263028771163
10172	0.03574268839065193
10288	0.08626170642189739
10536	0.049930178081039785
10653	0.05927409112299959
10688	0.07179481633717712
10720	0.05927409112299959
10750	0.05781078262755801
10758	0.04699619540608306
10768	0.043211409852954644
10772	0.08213587534288885
10780	0.12012920323289222
10796	0.026077424334390493
10798	0.16081385048037095
11160	0.03574268839065193
11419	0.04767635909215169
11421	0.09218996415653602
11634	0.09412561092939063
11659	0.01211923362762526
11674	0.05309155076036483
11699	0.02009628812411474
11732	0.07387346389760296
11739	0.041517846479504385
12060	0.07387346389760296
12082	0.07879298495959468
12148	0.01566749822485441
12389	0.05585843581567841
12391	0.020202237012200395
12425	0.03007321409444265
12485	0.057170122545173487
12504	0.03843920371557501
12626	0.024075498354701554
12676	0.01562856109777591
12686	0.04542254010326359
12776	0.06369523386824351
12811	0.04913966758759327
