58
t_index	tf-idf
102	0.12976501640705257
202	0.3302860975057848
413	0.03734207067019843
556	0.07824920564063134
1248	0.09190862427607929
1986	0.15745234995296456
2040	0.11409527634332182
2063	0.08939295483715194
2406	0.20994345705883796
2509	0.1121251071467776
2697	0.12976501640705257
2806	0.08335225998218439
2953	0.137331483845144
3085	0.07628888459675903
3180	0.20182565408744965
3632	0.1028857963470837
3780	0.06820947479882693
3927	0.2043329446040341
3993	0.1431638290924736
4008	0.06629794732067064
4088	0.10362165801737552
4310	0.04505279174265952
4394	0.1209806846218497
5077	0.08180937949166703
5315	0.04219808704997481
5419	0.09295817971065891
6184	0.0596896861290777
6185	0.12656148772661235
6407	0.07130949951547577
6483	0.14447399047708015
6497	0.08581567307872277
6646	0.051515810766421234
6679	0.09039612686606947
6883	0.0934961515827183
6969	0.08539171227256749
7430	0.10757836433981004
7592	0.13149563100119574
8270	0.1592522614950757
8285	0.135265697885722
8312	0.06583738436883298
8382	0.43342197143124045
8461	0.135265697885722
8794	0.02221589699656004
8930	0.06820947479882693
8957	0.061763916417329784
8999	0.08990743687119927
9164	0.0963306194580688
9241	0.06820947479882693
9524	0.20182565408744965
9565	0.1796390020202071
10422	0.11113853819084572
10715	0.069981152352946
10794	0.08539171227256749
11215	0.10077457592593614
11843	0.1659190236576608
12148	0.03429986231230152
12275	0.07927630679655506
12749	0.060192628050165106
