212
t_index	tf-idf
20	0.06947388137423985
99	0.02705210159874411
101	0.027654340104750895
102	0.04466864927133397
200	0.024640442575112043
202	0.39792711394891706
208	0.018354052846259995
413	0.025708313442509696
472	0.03492631102747998
517	0.1389477627484797
556	0.02693550557230064
566	0.09312426699575639
577	0.04164484326829374
638	0.023311336664871885
698	0.0618366320821193
701	0.04039616269090372
742	0.014047401209991109
744	0.025121664106662615
750	0.047273233230656804
848	0.06500637692969014
913	0.052901623193019866
1040	0.029126797702924985
1213	0.028423365282065502
1371	0.052901623193019866
1387	0.025938202172090925
1583	0.06947388137423985
1681	0.02670595098430943
1839	0.026481081512442717
2004	0.033575451464211474
2040	0.15709879360732795
2063	0.10770020535027433
2115	0.05419938278999875
2162	0.05567066127514483
2230	0.08820697676617194
2260	0.039635983938536255
2270	0.05174073767520652
2347	0.02339512582668411
2398	0.07651381736666328
2406	0.04817883334984328
2453	0.04209462905332848
2591	0.024270047305206103
2697	0.04466864927133397
2761	0.06947388137423985
2774	0.048033411983024264
2818	0.020331021497662364
2835	0.03592865824635401
2854	0.06947388137423985
2906	0.0555576822188432
3085	0.026260709732925335
3115	0.04884995004845257
3132	0.0618366320821193
3135	0.0618366320821193
3201	0.052901623193019866
3403	0.014986489010446361
3496	0.01959209293834236
3559	0.06947388137423985
3609	0.10202278192851959
3625	0.06947388137423985
3845	0.04356590753847455
3866	0.08906396203576539
3993	0.19712354060089635
4013	0.02454666990970325
4060	0.03423019188392924
4083	0.018843832220322168
4099	0.04800039963518179
4276	0.012104753736670268
4300	0.04973187834544903
4389	0.05004744742703908
4390	0.04305333969366271
4394	0.16657937307317497
4414	0.04039616269090372
4422	0.035770243159975894
4431	0.029250119594567674
4547	0.0277788411094216
4708	0.037985920691713235
4748	0.03445737976120793
4866	0.06947388137423985
4983	0.06500637692969014
5054	0.018514905654540822
5110	0.08394824708989097
5170	0.037325236637375685
5232	0.022584597154194398
5280	0.06947388137423985
5315	0.02905145936164812
5429	0.024361485354295158
5482	0.06500637692969014
5524	0.024000199817590894
5584	0.052901623193019866
5600	0.01452572968082406
5627	0.03423019188392924
5670	0.048033411983024264
5671	0.03492631102747998
5729	0.029540089531623483
5778	0.024361485354295158
5802	0.015065190928491462
5856	0.02112309092838495
5886	0.04410348838308597
5899	0.032957445286749924
5956	0.03541609040154215
6013	0.024640442575112043
6184	0.04109362798448152
6417	0.029989875316658213
6442	0.01901205261274898
6477	0.0618366320821193
6526	0.023311336664871885
6557	0.021470697727541208
6597	0.06500637692969014
6679	0.03111680634941925
6849	0.03817698865169081
6861	0.04356590753847455
6883	0.19310351521094282
6885	0.05736912763756958
7064	0.03237226945806671
7334	0.04973187834544903
7589	0.013148866697824403
7592	0.04526437390089932
7616	0.03991072783817671
7828	0.03825690868333164
7884	0.03181661113330533
7912	0.024269964145991793
7913	0.01745140246669959
7996	0.025260532858551794
8009	0.02112309092838495
8263	0.05174073767520652
8270	0.027409480657237
8276	0.03445737976120793
8288	0.03199873464641571
8361	0.025121664106662615
8382	0.49731878345449027
8399	0.009018337191714682
8522	0.10580324638603973
8617	0.018091075645183686
8656	0.02705210159874411
8757	0.05567066127514483
8794	0.01529463238496518
8797	0.035365893405017654
8895	0.03492631102747998
8930	0.1408773423437922
9056	0.04884995004845257
9095	0.029989875316658213
9242	0.02242940836787543
9309	0.0321839192018238
9315	0.03762712460877876
9333	0.0778497684115153
9404	0.046562133497878196
9456	0.03275891339878317
9465	0.08933729854266793
9516	0.02705210159874411
9592	0.16259814836999625
9656	0.032957445286749924
9708	0.04410348838308597
9764	0.06947388137423985
9904	0.033575451464211474
9978	0.0618366320821193
10063	0.02242940836787543
10164	0.023823904509683733
10172	0.05387101114460128
10174	0.03275891339878317
10175	0.06947388137423985
10200	0.0367451963117823
10207	0.018569049358971683
10342	0.035669394009653105
10350	0.08820697676617194
10372	0.029394150687092866
10421	0.04645635976023677
10432	0.04466864927133397
10518	0.05174073767520652
10655	0.052901623193019866
10715	0.04817883334984328
10794	0.029394150687092866
10796	0.019651812443238877
10882	0.05174073767520652
10922	0.02205073805313458
10939	0.047273233230656804
11008	0.03094858595699243
11050	0.02014159181730105
11186	0.01867814155392639
11210	0.06154297448587104
11240	0.037937517576111496
11244	0.022506729539082327
11412	0.029989875316658213
11530	0.029394150687092866
11590	0.021470697727541208
11620	0.03030026828399094
11659	0.009132991937850127
11699	0.015144459052252576
11779	0.035168479493986535
11843	0.028556921119471355
11948	0.06500637692969014
11971	0.04256356031960052
12148	0.011806945832590156
12220	0.047273233230656804
12239	0.04000951875018726
12314	0.047273233230656804
12391	0.015224301587716602
12468	0.03927469840183199
12577	0.030782895290596655
12626	0.0362863427060278
12662	0.029540089531623483
12676	0.011777603014503013
12749	0.06215982085630642
12768	0.030782895290596655
12775	0.05567066127514483
12776	0.024000199817590894
12785	0.02242940836787543
12859	0.04305333969366271
12862	0.022584597154194398
12863	0.0618366320821193
12887	0.02637034468405265
12913	0.036194170411591904
12948	0.04356590753847455
12982	0.027531230201865986
