282
t_index	tf-idf
38	0.05280753372865187
78	0.05280753372865187
101	0.06306071298760317
111	0.02256602570720418
129	0.03774751135966534
148	0.023524214632176094
157	0.021604778531504484
161	0.05280753372865187
200	0.018729355214297982
201	0.03651049823648259
213	0.10407433566071415
230	0.015600242712927252
278	0.026367593561191307
343	0.03932845978779449
412	0.017976806703460555
413	0.009770525284955976
434	0.030127560419830633
508	0.05280753372865187
522	0.058612654899517086
557	0.014408341573448101
576	0.03440573499272414
638	0.01771909346131088
745	0.023274195482919403
778	0.012204464515828607
801	0.024463199193023533
967	0.043606634360688006
989	0.034884437824649846
1134	0.05040967124952056
1471	0.043606634360688006
1500	0.015649653000934332
1554	0.040426925488626635
1563	0.02520483562476028
1616	0.00924691607452941
1636	0.01637387107261051
1669	0.01616048323573647
1743	0.28838103970845
1800	0.017226303124760003
1862	0.014537521813587535
1948	0.03440573499272414
1979	0.058612654899517086
1988	0.02958704904519099
1995	0.028147799788059664
2004	0.02552091160849527
2030	0.06470565924138007
2063	0.011694800393465692
2158	0.027112530493276173
2167	0.021307409322410955
2209	0.021706295162632037
2220	0.02860061382185892
2224	0.019020689615711097
2235	0.02985294501346788
2251	0.03943158087526011
2255	0.02985294501346788
2256	0.045133580958659714
2281	0.052735187122382614
2291	0.025683538456685976
2293	0.023274195482919403
2302	0.018729355214297982
2344	0.03395292095892488
2382	0.03932845978779449
2386	0.03920590352690235
2397	0.015600242712927252
2406	0.01831051696553339
2418	0.04446639935767181
2498	0.024620457645835567
2631	0.442319417799483
2632	0.10561506745730374
2709	0.016428078507970685
2749	0.04700241255778665
2803	0.10953149470944777
2806	0.02180905742766163
2818	0.015453737177750978
2839	0.06470565924138007
2948	0.021913096275198836
3047	0.043008955395307025
3117	0.037801513189822784
3134	0.044907215299676964
3272	0.013951030884762315
3294	0.025849385846937124
3338	0.03352333861692928
3403	0.011391324455159332
3454	0.058612654899517086
3465	0.1296286711890269
3482	0.02958704904519099
3496	0.014892072937212031
3533	0.010899385714473235
3542	0.03853023517100518
3730	0.02907931665378462
3739	0.023913820671420085
3747	0.02907931665378462
3794	0.027718217446064057
3846	0.02654770844982482
3866	0.02256602570720418
3873	0.02907931665378462
3879	0.05280753372865187
3910	0.05346356444546397
4055	0.045133580958659714
4083	0.014323315264212235
4249	0.04941175553155323
4272	0.04941175553155323
4276	0.01840179873592773
4287	0.029249524778324678
4310	0.023576059547807157
4422	0.06797296641514919
4425	0.08721326872137601
4487	0.02111487165840952
4522	0.03853023517100518
4547	0.02111487165840952
4595	0.018729355214297982
4612	0.03311472003938395
4663	0.03395292095892488
4675	0.04700241255778665
4687	0.04700241255778665
4708	0.009624445659590104
4789	0.04700241255778665
4851	0.027511416333497258
5040	0.17583796469855126
5146	0.043606634360688006
5279	0.013290013553021719
5420	0.02985294501346788
5495	0.03132603277936048
5516	0.030705377065617375
5600	0.011041098393817629
5630	0.11009221910890798
5670	0.03651049823648259
5675	0.015952397512456976
5744	0.05963525185746227
5747	0.05203716783035708
5754	0.043606634360688006
5765	0.013517403616571215
5776	0.034884437824649846
5777	0.03651049823648259
5778	0.018517318078100194
5800	0.05815863330756924
5856	0.0481673823855623
5863	0.042315619407347814
5873	0.06704667723385856
6052	0.023913820671420085
6080	0.058612654899517086
6161	0.02303142429562522
6252	0.026367593561191307
6390	0.03440573499272414
6396	0.025683538456685976
6432	0.043373461232432166
6454	0.025079019948642336
6476	0.04021085616358936
6646	0.01347907394085737
6670	0.01664848647897326
6683	0.058612654899517086
6736	0.045133580958659714
6759	0.027309598868518734
6807	0.014323315264212235
6883	0.024463199193023533
6908	0.029329335803041316
7080	0.034884437824649846
7094	0.06976887564929969
7183	0.011391324455159332
7184	0.04119729138692143
7198	0.014624762389162339
7226	0.015551122222997156
7276	0.02552091160849527
7331	0.019246040059282588
7362	0.012009687841113406
7405	0.22018443821781597
7482	0.05280753372865187
7575	0.030705377065617375
7589	0.02998360856932215
7593	0.026367593561191307
7600	0.01939971445389506
7616	0.03033639498413042
7639	0.04782764134284017
7818	0.058612654899517086
7842	0.058612654899517086
7843	0.0523825416961847
7877	0.026731782222731985
7912	0.009223876116325998
7913	0.013264920660014013
8009	0.016055794128520765
8011	0.032352829620690034
8014	0.05461919773703747
8087	0.04021085616358936
8113	0.015357471525633071
8270	0.02083411845805644
8333	0.05280753372865187
8399	0.006854894760556904
8423	0.03593268159069585
8556	0.03395292095892488
8620	0.020562472390326086
8623	0.013105127026508697
8649	0.04700241255778665
8653	0.023781927874325776
8676	0.01917024751010554
8721	0.020449407768115276
8783	0.017976806703460555
8794	0.005812773085079537
8796	0.06704667723385856
8798	0.018517318078100194
8829	0.03395292095892488
8833	0.027718217446064057
8836	0.01710750652974784
8868	0.03593268159069585
8894	0.030705377065617375
8927	0.021210587209077265
8957	0.01616048323573647
8997	0.02860061382185892
9002	0.41242729861103505
9045	0.04113518499794759
9215	0.020044264676071906
9242	0.017048734221713803
9251	0.026367593561191307
9266	0.017846958838503117
9268	0.03932845978779449
9305	0.058612654899517086
9309	0.048926398386047065
9369	0.10022132338035952
9394	0.05586050916452369
9441	0.008413110913926797
9470	0.04119729138692143
9475	0.028836545466490438
9477	0.03199639201895757
9485	0.025849385846937124
9489	0.058612654899517086
9523	0.03539217021605621
9629	0.03932845978779449
9672	0.037131153950225704
9806	0.08988403351730277
9807	0.1637387107261051
10094	0.016266497556693606
10103	0.03138412915748516
10172	0.02047384701806751
10185	0.0227954926509937
10324	0.04119729138692143
10421	0.017655885466755606
10507	0.037131153950225704
10725	0.0912344597311234
10726	0.045133580958659714
10744	0.03703463615620039
10751	0.025051161230147806
10769	0.02256602570720418
10771	0.11722530979903417
10855	0.023398272115634014
10913	0.018447815442493274
11054	0.029329335803041316
11135	0.043606634360688006
11140	0.05280753372865187
11234	0.024184006022389952
11353	0.03264002448106281
11393	0.027112530493276173
11416	0.03593268159069585
11438	0.015600242712927252
11529	0.042315619407347814
11564	0.018242702671737443
11586	0.058612654899517086
11634	0.01347907394085737
11659	0.006942044553456522
11755	0.02958704904519099
11808	0.037131153950225704
11817	0.06909427288687565
11826	0.042315619407347814
11841	0.030596445257793585
11862	0.021604778531504484
12063	0.04941175553155323
12074	0.05010232246029561
12123	0.034884437824649846
12144	0.048926398386047065
12148	0.07179626967184886
12232	0.05280753372865187
12343	0.058612654899517086
12389	0.03199639201895757
12437	0.024184006022389952
12469	0.019556261432835113
12485	0.03274774214522102
12504	0.022018443821781596
12510	0.058612654899517086
12626	0.027581477073605486
12677	0.02365208000936834
12683	0.058612654899517086
12703	0.037801513189822784
12816	0.03395292095892488
12869	0.025147527361319033
12910	0.02601858391517854
12958	0.014668725847202291
