169
t_index	tf-idf
102	0.05963345705224194
129	0.03314905660427303
202	0.07589141648462563
214	0.06311062388425791
413	0.03432106478633382
446	0.049437590710001526
556	0.03595938854047746
606	0.07927068969907394
631	0.16178882989748247
656	0.049437590710001526
745	0.04087780071809486
1055	0.09274889186859801
1134	0.08853738884829977
1157	0.07658882605378196
1289	0.0612695334025757
1417	0.056197093369301135
1544	0.07927068969907394
1560	0.0735093834544029
1613	0.051965426499636334
1851	0.09274889186859801
1964	0.04247575300611244
2004	0.04482383675267321
2040	0.15729730439073963
2042	0.09274889186859801
2063	0.1437817277898948
2109	0.10214733412067056
2230	0.058878957014593114
2378	0.05559662118730947
2386	0.022953190262032606
2406	0.28943827411800765
2420	0.05446456076639031
2697	0.05963345705224194
2848	0.032400953403345804
2849	0.02894940177294362
2953	0.06311062388425791
2998	0.0356529290014624
3239	0.047281123122611284
3272	0.02450299348640542
3363	0.14495962215045066
3433	0.025919180008553713
3729	0.07658882605378196
3730	0.05107366706033528
3738	0.12085752047793186
3780	0.03134563458314915
3815	0.04024275854179068
3839	0.07799289299648816
3923	0.03314905660427303
3943	0.07927068969907394
3993	0.06579087561504393
4008	0.09140157887694313
4024	0.06521556943715404
4087	0.04200121102067625
4088	0.04761928803428584
4135	0.026396287534383528
4252	0.042966115940435486
4310	0.04140798184068153
4380	0.04087780071809486
4381	0.07927068969907394
4423	0.03848722433011227
4748	0.046001227027060713
5315	0.03878422523198133
5446	0.040037027554485086
5498	0.07062462658120634
5627	0.09139585417955647
5671	0.04662725877379708
5777	0.0641254763080679
5810	0.06114834360007709
5851	0.04868309067235269
5852	0.08007405510897017
5886	0.058878957014593114
5904	0.05559662118730947
5909	0.04373374362358707
6019	0.06639295971154155
6052	0.0840024220413525
6073	0.04831987405015023
6076	0.06907482335683353
6184	0.0274303693922756
6229	0.08678469239602239
6407	0.06554049919639014
6460	0.041316923650035656
6483	0.06639295971154155
6497	0.039436555372493444
6526	0.03112105730779524
6600	0.1724309683945551
6645	0.05291475754201749
6670	0.029240689030253023
6697	0.07658882605378196
6841	0.07432134265030833
6849	0.01698899078945699
7003	0.19917887913462465
7121	0.04695055806944187
7162	0.057476989464851705
7192	0.1225390668051514
7318	0.07927068969907394
7362	0.021093301661741518
7562	0.05621725721866769
7604	0.022953190262032606
7787	0.14471431836823434
7909	0.13043113887430807
8047	0.04662725877379708
8184	0.058878957014593114
8204	0.05291475754201749
8270	0.0731843077532479
8285	0.062161292841876756
8295	0.04831987405015023
8354	0.0641254763080679
8382	0.06639295971154155
8522	0.07062462658120634
8620	0.03611504635079413
8631	0.15317765210756393
8794	0.030627917510502287
8797	0.04721410922169361
8798	0.03252302485753666
8836	0.09014067659865078
8850	0.051965426499636334
8856	0.03520488850282864
8910	0.06639295971154155
9241	0.03134563458314915
9369	0.03520488850282864
9374	0.11579760709177447
9424	0.09274889186859801
9438	0.058878957014593114
9456	0.13120123087076122
9457	0.03904944024656202
9465	0.05963345705224194
9491	0.07927068969907394
9543	0.09021893517551931
9592	0.07235715918411717
9656	0.04399878729532764
9698	0.05501970309491362
9708	0.11775791402918623
9954	0.041095723604821596
9988	0.07927068969907394
10020	0.04982986797875115
10063	0.029943667033407735
10094	0.057139560075611384
10103	0.018373913695565274
10107	0.036431392431556665
10167	0.04454364683712707
10172	0.2517157197833423
10204	0.05199526199765878
10218	0.07235715918411717
10415	0.11239418673860227
10536	0.05023289389672551
10715	0.03215980823533418
10772	0.041316923650035656
11050	0.02688939043813044
11203	0.07658882605378196
11206	0.06639295971154155
11240	0.050647274138543856
11244	0.03004689219955026
11474	0.06733960432787021
11531	0.09274889186859801
11551	0.09274889186859801
11590	0.028663770937857165
11634	0.023674068511764474
11732	0.07432134265030833
11841	0.035825524534186845
11843	0.03812400770790981
11979	0.15854137939814789
12152	0.08678469239602239
12382	0.06311062388425791
12582	0.040037027554485086
12676	0.015723313666313292
12749	0.055322992268292265
12751	0.11926691410448388
12762	0.044268694424149886
12785	0.029943667033407735
12885	0.046001227027060713
