138
t_index	tf-idf
167	0.04627416767297815
638	0.03130570893628824
694	0.053228718473833224
706	0.06948466735713718
898	0.11306105899198267
1134	0.04453135537540976
1212	0.07476231600209508
1279	0.02156258245886144
1435	0.04399323053305554
1471	0.0770432531420177
1636	0.028928999278585665
1958	0.05137670418733669
1988	0.05227375473326893
2212	0.04973092044951156
2216	0.0634850802968464
2232	0.03947455862649838
2255	0.05274353394677013
2275	0.03469183245060665
2302	0.03309061742822295
2347	0.03141823269026336
2353	0.06560251519483087
2413	0.059228305534124004
2418	0.039281133619378815
2483	0.04790182917664626
2532	0.06948466735713718
2581	0.03909020448851374
2821	0.03556248369901064
2845	0.030121332812114623
2874	0.05137670418733669
2891	0.03967054562866194
3047	0.03799364347276476
3155	0.07278647837929529
3272	0.049296755863177874
3432	0.02671640776751608
3436	0.07278647837929529
3465	0.03817085280446458
3477	0.10355556384833482
3533	0.038513595236310004
3544	0.05850636711879112
3578	0.10548706789354026
3677	0.08729961496503087
3750	0.5822918270343623
3756	0.09017958309760905
3839	0.07845565088290082
3876	0.06450595417908189
3946	0.024225583387357776
4087	0.042250418235487155
4197	0.04596906815585533
4287	0.10335484839947794
4389	0.03360534071210206
4401	0.09329920202532166
4422	0.024018631729383396
4423	0.03871558188809764
4899	0.051818432582314604
4949	0.0292181968034852
5517	0.05424959235606872
5560	0.05274353394677013
5765	0.02388225470556335
5778	0.03271599482780686
6034	0.05012552523033056
6252	0.04658569080745369
6260	0.17488197555887688
6432	0.019157821982635576
6531	0.11559530494535691
6563	0.03817085280446458
6591	0.024087294508461796
6625	0.0553461533718177
6734	0.08729961496503087
6834	0.03730529599657903
7039	0.08242615351775043
7202	0.21758237506122344
7226	0.08242615351775043
7341	0.049296755863177874
7343	0.03400348497442092
7362	0.021218455266376897
7589	0.017658129158438226
7593	0.04658569080745369
7663	0.0634850802968464
7677	0.017046964903092213
7912	0.016296543702564774
7913	0.02343617330943483
7927	0.04790182917664626
7996	0.016961680503654507
8015	0.07869366972135895
8335	0.26189884489509263
8423	0.0634850802968464
8565	0.03141823269026336
8721	0.018064784434539776
8794	0.010269881058617526
8893	0.034976395111775374
8940	0.053228718473833224
8944	0.06253011655628211
9328	0.03360534071210206
9336	0.04201739291025576
9406	0.03890170764208574
9445	0.0710436660817269
9473	0.05274353394677013
9474	0.0634850802968464
9486	0.02713324666572615
9498	0.06450595417908189
9662	0.08304284020230848
9793	0.04860657200336219
9882	0.07974102918015036
9904	0.22544895774402263
10022	0.07974102918015036
10094	0.028739294086042942
10103	0.03696586452605953
10177	0.04658569080745369
10182	0.04596906815585533
10184	0.26351827147543155
10185	0.04027458061268736
10219	0.03153161870363324
10480	0.03835021018034901
10514	0.060787304258713724
10556	0.03199405641247397
10859	0.04596906815585533
10878	0.032230810300743776
10894	0.05691844013016893
10922	0.02961280158430419
11054	0.051818432582314604
11149	0.040691419510897435
11438	0.05512433903830445
11555	0.05137670418733669
11624	0.056530529495991334
11699	0.020338088454695674
11849	0.053228718473833224
11870	0.04133955826033081
12139	0.10355556384833482
12144	0.04322104825844621
12257	0.04756165781959221
12481	0.07278647837929529
12518	0.03571270633284215
12532	0.05310581105115591
12676	0.01581660533841416
12677	0.04178798052664642
12880	0.04297235665082004
13001	0.03967054562866194
13002	0.09493764088002689
