143
t_index	tf-idf
202	0.04985510596393321
208	0.0965800397423693
214	0.08291812136190707
342	0.04916889789157781
413	0.022546427527338698
466	0.16850297777610043
606	0.10415008225817002
631	0.07085561303193222
1124	0.0644517507905844
1130	0.05370744626399279
1289	0.0804991979762288
1357	0.10846259105187772
1390	0.13525434276411372
1544	0.10415008225817002
1554	0.04664451086810472
1616	0.021338148875861586
1829	0.05780796576217544
1862	0.033546730849961015
1921	0.05342530747705271
1964	0.05580692165487748
2063	0.10794751022197652
2078	0.02839169123940632
2121	0.09506671519575971
2218	0.050809678437346587
2230	0.07735833054593402
2301	0.10062650601173276
2323	0.05428438951573817
2393	0.06084576007526303
2398	0.1342066442402216
2406	0.1690131212851631
2487	0.10161935687469317
2508	0.055492668167215285
2531	0.0682749634835237
2581	0.05105587493446641
2717	0.07939454511546983
2816	0.045682811790099746
2900	0.06810801672605406
2996	0.05678155658588616
3172	0.08723063015561476
3272	0.03219334658078976
3284	0.11402238186785077
3363	0.06348524121755372
3525	0.13525434276411372
3600	0.06084576007526303
3729	0.20125301202346552
3780	0.041183575324785664
3819	0.07551635041200112
3993	0.08643957978864292
4013	0.04305531091288904
4252	0.056451186769007046
4310	0.10880805329746418
4380	0.10741489252798558
4414	0.07085561303193222
4423	0.050566578833698014
4469	0.07735833054593402
4502	0.13525434276411372
4851	0.12697048243510745
5296	0.07551635041200112
5315	0.07643519181360366
5400	0.09506671519575971
5600	0.025478397271201218
5671	0.06126139251719765
5852	0.05260279340323381
5856	0.03705029035337016
5899	0.05780796576217544
6019	0.08723063015561476
6076	0.09075420640205202
6184	0.01801974499920913
6210	0.12185846690799572
6407	0.04305531091288904
6432	0.025022109143727392
6442	0.033347490284640714
6454	0.05787225243655809
6483	0.08723063015561476
6591	0.03146051324175212
6645	0.06952224550578907
6777	0.11402238186785077
6794	0.08425148888805022
7003	0.08723063015561476
7015	0.04644830447559323
7121	0.06168616046564413
7162	0.07551635041200112
7192	0.0804991979762288
7198	0.03374804687517711
7295	0.19529472948833645
7362	0.05542702129895654
7457	0.07465726837331564
7589	0.023063354251697206
7592	0.07939454511546983
7614	0.10915890236180734
7677	0.022265110134183544
7753	0.0644517507905844
7787	0.09506671519575971
7909	0.17136742337369468
7912	0.042569963909331716
7913	0.030610081197722554
8270	0.2884604020014112
8382	0.08723063015561476
8425	0.07641540384790527
8494	0.06952224550578907
8571	0.13777708804666655
8631	0.10062650601173276
8721	0.04718897672070099
8794	0.06706766692339677
8797	0.031016214049939435
8920	0.06768026537185617
8930	0.041183575324785664
9125	0.04178756709552432
9164	0.05816258421920687
9374	0.03803527618370291
9441	0.01941406321238208
9454	0.07017743244200417
9708	0.07735833054593402
9733	0.10846259105187772
9835	0.07551635041200112
10094	0.03753650879449895
10103	0.0482812658767619
10172	0.04724537264229172
10204	0.06831416296046842
10251	0.13525434276411372
10342	0.0625647737476958
10352	0.058523831441066106
10481	0.07709451495921506
10714	0.04765658312707034
10772	0.05428438951573817
10785	0.13525434276411372
10894	0.03717070297758002
11119	0.0644517507905844
11210	0.02698687755549413
11240	0.06654310423822453
11441	0.08953341672617773
11721	0.04549608411849335
11841	0.02353474746682592
12161	0.06888854402333328
12406	0.09506671519575971
12624	0.09506671519575971
12626	0.06364691311883769
12673	0.09506671519575971
12676	0.020658132506909028
12749	0.0363431567038457
12751	0.0783496331482354
12776	0.04209679231109728
12887	0.04625407003999034
