51
t_index	tf-idf
129	0.07948889327673135
423	0.1081690407560917
659	0.08137893362192491
742	0.1798781539044355
1140	0.08933071570915312
1279	0.10280088328524509
1786	0.09099089572263672
1917	0.060682311727194176
2017	0.34760204708411413
2063	0.04925393526007072
2495	0.16227431378207524
2972	0.055503088891800424
2976	0.08852903770467473
3403	0.04797581304203933
3826	0.11586734902803804
3923	0.07948889327673135
5600	0.04650079755042376
5770	0.14905800884887496
5841	0.09854439077257574
5923	0.27565081781847617
6022	0.16227431378207524
6023	0.19795581859454933
6313	0.08933071570915312
6440	0.2224047234673865
6563	0.09099089572263672
7017	0.13782540890923808
7194	0.24685362834022365
7199	0.15133443181960882
7485	0.3245486275641505
7516	0.10363240824346162
7604	0.05503998840389418
7877	0.11258383441246317
7898	0.09456583270613969
7913	0.05586666906973074
8058	0.09056846775372608
8551	0.15757426200250121
8678	0.09750689498305486
9129	0.208103030933078
9577	0.10958012147286851
9950	0.08852903770467473
10329	0.06122636848495322
10467	0.12460910397603779
11148	0.12460910397603779
11244	0.07205014115061212
11386	0.09854439077257574
11493	0.17833367904786365
11636	0.1900850292267545
11699	0.04848151795975924
12148	0.037797233592670516
12626	0.058081208761781446
12963	0.10707762465652029
