203
t_index	tf-idf
53	0.05268772952046877
65	0.03130287512955216
73	0.05810906507988718
81	0.030513691884185495
99	0.03528339617059266
148	0.04036548566307688
288	0.08065201070034002
475	0.05321036157927045
546	0.03993647476759679
554	0.024945110283953915
744	0.03276557364330928
1024	0.06899829657868013
1036	0.17197098629219015
1314	0.16957246315617963
1458	0.08073097132615376
1500	0.05370685939732112
1616	0.015866895625223438
1669	0.027729969504200685
1690	0.036899794521059084
1786	0.037071901940333704
1996	0.023260749826840392
2048	0.09061308863891977
2104	0.089291208435514
2214	0.03528339617059266
2226	0.04222236132231484
2313	0.05218343926089458
2347	0.030513691884185495
2350	0.06264880745904851
2363	0.06738608735453513
2386	0.02242462871369063
2399	0.07069093276176028
2498	0.014082180789180502
2509	0.02517024487911997
2581	0.037964785200090605
2587	0.0432492836406907
2607	0.03383056432234081
2709	0.056378278965230635
2721	0.06611449860106632
2769	0.06899829657868013
2848	0.031654830624633125
2899	0.1564602510517636
2900	0.025322318232012923
2906	0.07246252957065417
2948	0.03760094810222953
3041	0.03084662100744131
3193	0.07260988539762826
3496	0.025553488864121992
3533	0.0561071650645643
3631	0.05218343926089458
3663	0.04989755270617653
3756	0.13137492678276164
3768	0.07345944784761058
3848	0.03201562273938206
4074	0.07087419201460392
4083	0.024577550663667198
4099	0.03130287512955216
4247	0.023327127763531214
4287	0.05018961489478892
4547	0.03623126478532709
4708	0.04954410967954716
4915	0.03328820570211096
4972	0.05810906507988718
4984	0.037781715237188866
5061	0.09061308863891977
5279	0.022804495704729543
5310	0.02001431889043731
5412	0.038150217421195065
5495	0.10750544039900056
5619	0.05375272019950028
5670	0.06264880745904851
5729	0.038528418136187834
5748	0.05218343926089458
5765	0.02319467707714309
5778	0.031774091041399596
5873	0.17256931193816705
5995	0.03410961770676684
6013	0.06427585627852131
6019	0.12972815140186067
6161	0.07903980147619502
6260	0.2377858958291105
6373	0.037964785200090605
6407	0.06403124547876413
6412	0.04720717349950464
6432	0.037212524518056685
6439	0.041976700677961803
6442	0.024796956417719347
6497	0.038528418136187834
6591	0.023393813719592624
6646	0.023128906720950995
6670	0.028567340197608086
6807	0.024577550663667198
6849	0.01659777165286069
6854	0.05321036157927045
6856	0.16130402140068004
6962	0.046860872459638825
7015	0.03453862860224694
7058	0.08065201070034002
7202	0.2716947128735442
7226	0.05336871907966266
7315	0.07260988539762826
7357	0.05551461337322136
7362	0.020607569262075208
7409	0.045869389857729134
7562	0.027461348641281014
7589	0.017149746063174223
7590	0.06165732485713882
7593	0.04524447410917241
7639	0.041034015398808875
7640	0.037071901940333704
7717	0.024723448340597518
7911	0.03084662100744131
7996	0.016473348384325414
8015	0.2292841626184999
8055	0.05985863064475628
8134	0.06371379813808002
8170	0.06899829657868013
8279	0.16888944528925937
8312	0.02955882279951777
8361	0.03276557364330928
8399	0.02352479438788086
8453	0.09061308863891977
8551	0.04279972219846246
8620	0.10585018851177799
8623	0.08994898667142517
8721	0.07017877442362991
8794	0.04987103975568352
8879	0.04407069564534659
8884	0.10750544039900056
8892	0.05752310397938902
8893	0.033969413689872933
8930	0.030623813478549294
9002	0.0786321124351142
9241	0.030623813478549294
9317	0.04555353543464163
9328	0.0326378323778199
9334	0.07260988539762826
9336	0.16323079578408423
9364	0.04149762972479067
9369	0.03439419725843803
9391	0.017280192929301157
9441	0.014436159220953905
9528	0.022115567388221416
9781	0.024723448340597518
9787	0.023327127763531214
9806	0.06169324201488262
9807	0.08428837285728195
9904	0.04379164226092055
10001	0.0432492836406907
10121	0.050326563601656625
10178	0.0412639530681319
10182	0.089291208435514
10184	0.07312328500392776
10212	0.04792586313867034
10213	0.022300205445155357
10376	0.06371379813808002
10480	0.0372460955609249
10556	0.06214587492045827
10646	0.09061308863891977
10749	0.032894460585663296
10769	0.03872131764649324
10953	0.03008145485831945
11017	0.03742242657986075
11018	0.09110707086928325
11050	0.05254037369349469
11091	0.0391150627629409
11210	0.16053800052284833
11221	0.05268772952046877
11264	0.07482515363951008
11408	0.07069093276176028
11438	0.02676864598522554
11519	0.032137928139260655
11590	0.028003707261510857
11644	0.03483192036864018
11681	0.07482515363951008
11699	0.019752548487942723
11714	0.04720717349950464
11800	0.05321036157927045
11802	0.045869389857729134
11817	0.03951990073809751
11841	0.017500270702701267
11849	0.051696246918559084
11889	0.1005741665774995
12028	0.1005741665774995
12130	0.1005741665774995
12144	0.041976700677961803
12161	0.051225031006711635
12335	0.08478623157808982
12425	0.02955882279951777
12459	0.08065201070034002
12469	0.03355682656503063
12504	0.037781715237188866
12518	0.10405357883753177
12532	0.025788439019629038
12672	0.07260988539762826
12676	0.01536124029343318
12718	0.0645225667674702
12776	0.03130287512955216
12821	0.0774452598565485
12869	0.0215754738476312
12971	0.04014937936897354
13001	0.038528418136187834
13002	0.1844087126468036
13003	0.06165732485713882
