122
t_index	tf-idf
81	0.04044329663670723
140	0.13330248166369968
195	0.0844472064452203
208	0.031728763044327805
333	0.05184368028258561
430	0.14885314157581628
478	0.02391396664104231
535	0.07124464703613965
708	0.050813847483831276
744	0.043427973886536665
755	0.10264708804733585
784	0.07824879910074689
1119	0.10264708804733585
1387	0.13451858465393518
1655	0.11237692008676362
1669	0.0367537099949048
1813	0.056630533295617305
1917	0.06553764512771497
1964	0.11000313924974589
2078	0.02798196955082579
2322	0.0727692418595217
2406	0.12493056437566287
2583	0.17862902531823727
2727	0.045023561214714236
2760	0.0559621395582626
2794	0.031454696920478684
2805	0.059566682450441055
2924	0.1375633843012097
2963	0.06352164486828422
3041	0.04088456580013522
3275	0.059967692356408676
3314	0.043427973886536665
3403	0.025907234912193707
3432	0.03439084607530243
3609	0.1175782700437828
3723	0.24341058526659357
3857	0.0844472064452203
3938	0.07052579693289146
4076	0.06303940982009394
4134	0.19247642304571846
4185	0.06504623969166626
4280	0.08762913019698877
4332	0.05878704776453503
4831	0.049836850411013295
5042	0.06728968461829649
5049	0.14398338886194406
5078	0.04913564483611026
5117	0.02385301533467362
5135	0.10264708804733585
5236	0.09145135850982752
5272	0.0559621395582626
5363	0.09145135850982752
5387	0.08597180126860234
5487	0.046364123041360415
5595	0.059967692356408676
5717	0.0844472064452203
5802	0.026043287397696707
5835	0.2910769674380868
5987	0.08944452863825521
6009	0.03987040331652763
6087	0.1361911470133387
6144	0.1544379326039851
6375	0.0661349512606019
6454	0.057037095531309874
6598	0.1175782700437828
6688	0.11237692008676362
6784	0.10689736284553841
6811	0.07933751066968255
6991	0.10689736284553841
7064	0.0559621395582626
7176	0.040154696161152095
7341	0.031728763044327805
7498	0.05804208762705902
7619	0.04292449258183613
7662	0.04960023535595537
7717	0.032768822563857485
7815	0.052380258497414754
7912	0.04195563497243713
8061	0.09917436067768297
8113	0.03492742429013158
8399	0.015590054480423415
8407	0.11237692008676362
8532	0.09369480343645778
8556	0.07721896630199256
8617	0.1250966110147184
8703	0.12009992225461906
8836	0.11672256167560788
9082	0.12009992225461906
9215	0.04558657561281076
9391	0.04580684443113643
9397	0.05732323752381082
9571	0.11237692008676362
9596	0.07721896630199256
9655	0.1544379326039851
9656	0.05697373658062495
9899	0.05469185114248822
10219	0.08117850683955168
10271	0.07052579693289146
10350	0.07624196922917457
10373	0.07824879910074689
10717	0.06504623969166626
10796	0.06794441594191608
10804	0.11127307464416938
10928	0.07052579693289146
10999	0.07199169443097203
11015	0.15964373623769723
11186	0.03228901716896299
11244	0.11672256167560788
11503	0.13969071805688618
11594	0.044839528217978396
11766	0.07531264994592314
11904	0.03616396421732909
11907	0.09623821152285923
12148	0.02041073923767213
12156	0.06401640689291192
12239	0.06916469896734324
12365	0.060377326789119314
12614	0.08049224402737713
12662	0.10213226570807192
12676	0.020360014129166763
12749	0.03581868708322729
12910	0.059173941382018765
