167
t_index	tf-idf
4	0.04982295484242744
73	0.059470477790098994
202	0.037940443852407336
204	0.19915124609443982
264	0.05962518381703626
281	0.07925969209649958
430	0.057469015406726234
504	0.05445700463693098
535	0.05501206994789932
554	0.02552953872298528
637	0.07234712072875443
638	0.031116739734411373
660	0.026555140751869852
701	0.16176638415796715
755	0.07925969209649958
778	0.04286485048076521
863	0.2297346015570004
1273	0.08677265233985366
1375	0.09273602437046148
1392	0.07061482848839232
1500	0.0274825673461907
1531	0.05150564337611841
1535	0.07234712072875443
1616	0.016238634412383175
1669	0.05675928646425544
1733	0.057469015406726234
1862	0.02552953872298528
1919	0.04662078995079234
1964	0.04246986014139306
2004	0.0448176181270458
2270	0.06906524027564605
2322	0.05618929687729309
2347	0.03122858426645849
2406	0.16077673275528698
2441	0.10213316273161169
2576	0.031005739320084026
2703	0.10581483284836943
2727	0.06953053743366801
2782	0.08907493416717813
2794	0.024287971927232477
2805	0.04599484505643957
2924	0.053110281503739705
3041	0.03156931344534034
3244	0.0476126815823089
3264	0.050640247599547335
3272	0.024499594068723186
3403	0.020004458979539966
3433	0.025915584116530194
3609	0.045394456180830635
3632	0.04727456358587271
3666	0.04176376526619387
3723	0.1503609963673758
3724	0.16176638415796715
3744	0.09273602437046148
3804	0.05681524177164586
3857	0.06520652176875284
3941	0.052907416424184714
3993	0.0986726221974905
4099	0.032036256952318674
4100	0.06638374869814662
4135	0.026392625450947088
4183	0.040031473025831744
4280	0.06766346722757975
4332	0.022696422244976644
4431	0.03904402273062752
4528	0.05681524177164586
4595	0.03289087406583017
4831	0.03848188481308548
4864	0.07061482848839232
4935	0.06310186824503823
4951	0.08677265233985366
5011	0.05962518381703626
5042	0.051958217087047384
5049	0.1667667240050525
5078	0.037940443852407336
5128	0.050640247599547335
5135	0.07925969209649958
5170	0.04982295484242744
5429	0.03251851278247767
5487	0.07160078647117209
5548	0.08677265233985366
5630	0.03866688706479956
5689	0.04199538399144007
5802	0.020109512891103035
5835	0.1685678906318793
5909	0.04372767623180219
6009	0.030786220542115557
6013	0.03289087406583017
6027	0.0476126815823089
6045	0.11002413989579864
6138	0.06766346722757975
6178	0.05242516059402571
6184	0.027426563845708643
6375	0.051066581365805844
6407	0.03276570322446334
6454	0.0220208031025951
6472	0.06766346722757975
6526	0.062233479468822746
6563	0.037940443852407336
6606	0.03520000435997711
6646	0.02367078409481542
6664	0.10293047619131498
6834	0.037080111765019186
6848	0.05445700463693098
6982	0.05887078845479253
7121	0.04694404439357689
7140	0.05962518381703626
7176	0.031005739320084026
7275	0.029138907816427688
7341	0.024499594068723186
7362	0.021090375286942232
7413	0.07234712072875443
7498	0.1344528543811374
7505	0.058153207842901414
7671	0.058153207842901414
7717	0.025302683555703476
7797	0.038854246096437985
7815	0.04044579577869381
7912	0.06479269452037427
7913	0.06988411986366978
8061	0.15315640103800027
8113	0.026969463504731922
8153	0.06126103318665937
8288	0.04271296460333119
8329	0.04399268313276433
8595	0.08693471993114986
8617	0.12074281720941007
8618	0.06411657987350923
8836	0.09012817095071482
8957	0.02837964323212772
9149	0.05962518381703626
9627	0.05681524177164586
9655	0.11925036763407253
9656	0.17597073253105733
9685	0.06215266890790091
9849	0.047958756022047896
9899	0.0422307087731722
9986	0.03658707727180061
10103	0.018371364594487353
10172	0.17977199861110418
10204	0.15596414533754474
10219	0.15670642926541953
10241	0.06310186824503823
10318	0.06411657987350923
10372	0.03923628017532922
10705	0.045394456180830635
10717	0.05022592484668527
10798	0.05392212805265571
10804	0.04296015504531686
10928	0.05445700463693098
11000	0.06520652176875284
11015	0.24654013318915738
11186	0.024932198346731552
11229	0.0448176181270458
11234	0.04246986014139306
11279	0.0490486979172915
11503	0.14381759888888337
11644	0.035647982699805895
11686	0.08677265233985366
11776	0.046304487758237235
11841	0.017910277143762584
11904	0.08377280028243508
12239	0.05340602298986492
12365	0.04662078995079234
12391	0.02032189903794892
12610	0.033932547177720596
12662	0.1971554207511141
