125
t_index	tf-idf
81	0.03673968871416151
157	0.04463603232605482
277	0.0486016370515298
423	0.053062856031057634
470	0.08742516628944494
478	0.021724037439502585
493	0.03285223754012257
613	0.06761093358369903
668	0.18649429576180507
744	0.03945104318301177
778	0.025214739963954607
779	0.06406737435149791
801	0.05054160348768349
1159	0.12109526394800557
1448	0.05375506863088429
1636	0.03382884195891832
1862	0.060069793602909316
1917	0.02976800707766771
1954	0.07671392630149668
2000	0.08125361710429424
2198	0.07207215256322687
2315	0.03945104318301177
2323	0.0486016370515298
2461	0.09142219798543834
2498	0.01695550117549623
2818	0.03192782148720378
2821	0.04158587129596887
2911	0.04229949851161577
2986	0.041239799612455205
3403	0.02353477152638338
3433	0.030489070050787954
3579	0.097108202394789
3628	0.0548482536315331
3826	0.1136785981866783
3998	0.04008031279828132
4072	0.046160553025502225
4310	0.024354374995382837
4431	0.04593436670174668
4453	0.04709607855384225
4454	0.4968342724941306
4480	0.10208596741583635
4487	0.043623872030482444
4708	0.03976870829343383
4811	0.10208596741583635
4853	0.10208596741583635
4949	0.03416702224889394
5110	0.032958066661307316
5158	0.0523972736902377
5250	0.06539903181379951
5527	0.06283091937076488
5600	0.022811195407670605
5622	0.07543163551283665
5672	0.10910173317139729
5702	0.10910173317139729
5705	0.10208596741583635
5721	0.06472039552488838
5760	0.06539903181379951
5802	0.0236583649616829
5810	0.035964797707665454
5924	0.14740223786506754
5925	0.17726882799135166
6501	0.04248260082739624
6526	0.03660810627492152
6544	0.06059516782813809
7135	0.03755091574669647
7344	0.09009243663922806
7358	0.1136785981866783
7362	0.02481232630642642
7430	0.11630816760422104
7637	0.10910173317139729
7682	0.05083738859415658
7828	0.060078621786618575
7892	0.04834143654859942
7912	0.01905676708971946
7990	0.06926008632768596
8076	0.053062856031057634
8107	0.0684158697572757
8201	0.06343810473622835
8241	0.0595770502223419
8271	0.05025078979551673
8428	0.24376085131288275
8440	0.2484171362470653
8444	0.05340550103719122
8576	0.04808509101001028
8623	0.16245319230816355
8707	0.05340550103719122
8794	0.03602801948901493
8879	0.10612571206211527
8936	0.0548482536315331
8961	0.060078621786618575
9391	0.02080603394544389
9471	0.04442880820405913
9528	0.1331400776845075
9546	0.07108314010705884
9781	0.02976800707766771
9784	0.06167695802602134
9849	0.056422338980667425
9969	0.04834143654859942
10137	0.0851146716181807
10213	0.026850327040940005
10451	0.0548482536315331
10681	0.0391447872699413
10688	0.04248260082739624
10772	0.0486016370515298
10827	0.0701476145787188
10894	0.03327949399786109
10922	0.03462846312481254
11150	0.05770462976932745
11210	0.02416176067939273
11698	0.06539903181379951
11890	0.07312114084157241
12078	0.09324714788090253
12119	0.07423785134873331
12193	0.10208596741583635
12324	0.05861552467802913
12376	0.10208596741583635
12423	0.040733333971671816
12469	0.08080748582725883
12505	0.056422338980667425
12537	0.055228554816564086
12675	0.06306461391102855
12911	0.0851146716181807
12913	0.17051789728001746
12958	0.03030596773500749
12978	0.10910173317139729
