210
t_index	tf-idf
73	0.028441815448002877
124	0.07107865037377027
139	0.05859630071238561
148	0.039514237309442105
157	0.03629011039306427
188	0.03972901612085138
193	0.04109147418418472
208	0.023433910704837833
264	0.05703160752005016
412	0.12078444568770717
478	0.017662136972744023
609	0.0789511791558109
617	0.04490207231014565
619	0.057792211071257205
638	0.029763223762665287
692	0.06035706312581091
840	0.08299821543369929
960	0.045541625117866774
1028	0.08299821543369929
1428	0.060835310391325816
1500	0.026287130608114957
1669	0.027145185486393476
1845	0.05707834086185347
1912	0.05317090163358781
1926	0.10028954182678074
1984	0.05703160752005016
1996	0.022770215037796086
2063	0.23572873752064363
2167	0.07158122314217992
2176	0.07107865037377027
2226	0.08266390841822883
2244	0.05496922812510737
2267	0.05496922812510737
2294	0.06606104039469934
2302	0.03146018679740923
2397	0.026204134857720416
2498	0.05514083374917873
2555	0.07581205394147618
2587	0.08467444051118388
2607	0.033117127788409285
2629	0.08870219270258774
2803	0.06132763682699344
2899	0.11487055193311066
2940	0.044592878789391534
2955	0.048845287165608785
2998	0.10229210015295465
3048	0.055623659558105
3272	0.0703017321145135
3319	0.06035706312581091
3335	0.043994161246591994
3338	0.05631002684792253
3432	0.025400045216592008
3465	0.03629011039306427
3496	0.05002920720385236
3569	0.04207908936399582
3586	0.05631002684792253
3633	0.05317090163358781
3688	0.06472024167188418
3713	0.0789511791558109
3769	0.0898041446202913
3794	0.09311802660229142
3815	0.03848693877782265
3839	0.024863336134905253
3897	0.040622506128413734
3919	0.05434389233616835
3950	0.09845320624936454
3979	0.04969813851548043
3987	0.04370409449817597
4014	0.040622506128413734
4087	0.1205060062273192
4310	0.019800661283700716
4330	0.04490207231014565
4391	0.09311802660229142
4398	0.08870219270258774
4431	0.037345685796289906
4466	0.04286814133518611
4515	0.04157661670438491
4576	0.09845320624936454
4650	0.28515803760025077
4708	0.016166432576444047
4737	0.08870219270258774
4809	0.033117127788409285
4840	0.057792211071257205
4968	0.04691517761307448
4984	0.03698495477797869
5077	0.03595514840449724
5310	0.039184493050556636
5315	0.018546021149350986
5412	0.07469137159257981
5532	0.049265250856218926
5539	0.09845320624936454
5547	0.0789511791558109
5553	0.06132763682699344
5634	0.09845320624936454
5656	0.12071412625162183
5675	0.026795658465877076
5729	0.037715910817922554
5766	0.05859630071238561
5778	0.0622080449709609
5804	0.05944915206225726
5909	0.041825609733439795
5995	0.06678059269988704
6166	0.07107865037377027
6303	0.05434389233616835
6432	0.0546416511731067
6472	0.06472024167188418
6547	0.04765575590981455
6644	0.06754322461803403
6670	0.027964897271145726
6671	0.059526447525330574
6695	0.08870219270258774
6849	0.06499099685045891
6883	0.04109147418418472
6908	0.049265250856218926
6986	0.0506060495790341
7077	0.07324720188692246
7095	0.0904364291566611
7222	0.05374517479336882
7225	0.06237016842873975
7301	0.05261915488196292
7331	0.032328075817219
7342	0.06237016842873975
7343	0.032328075817219
7362	0.020172986124560716
7456	0.09845320624936454
7589	0.08394041649755316
7828	0.048845287165608785
7843	0.043994161246591994
7913	0.011140716726283086
8309	0.06606104039469934
8312	0.028935470972328244
8399	0.011514345644908806
8470	0.06920016560903408
8474	0.07107865037377027
8534	0.06920016560903408
8623	0.022013023915687064
8647	0.10749034958673764
8721	0.017174701983071222
8728	0.04691517761307448
8794	0.019527733333601506
8809	0.055623659558105
8848	0.08033733748487946
8915	0.052088233802368766
8927	0.03562797694022597
8928	0.09845320624936454
8936	0.044592878789391534
9051	0.03752958042649652
9053	0.09845320624936454
9066	0.09845320624936454
9206	0.0789511791558109
9251	0.04429033510988039
9280	0.08870219270258774
9282	0.09845320624936454
9317	0.08918575757878307
9370	0.046211644074772296
9409	0.06754322461803403
9499	0.028345129576776807
9527	0.07581205394147618
9535	0.048845287165608785
9576	0.051082967755891245
9618	0.04133195420911442
9690	0.08299821543369929
9697	0.04109147418418472
9765	0.07107865037377027
9781	0.024202067404622326
9806	0.12078444568770717
9939	0.051082967755891245
9949	0.024639441665384974
10069	0.06606104039469934
10103	0.017572246961546183
10110	0.029657051644455874
10164	0.030417655195662908
10271	0.052088233802368766
10446	0.07581205394147618
10461	0.043419888086810986
10635	0.049265250856218926
10769	0.07580948472607545
10879	0.057792211071257205
10882	0.06606104039469934
10894	0.05411397241518413
10945	0.09845320624936454
11051	0.057792211071257205
11089	0.04490207231014565
11149	0.038686484519105065
11179	0.05434389233616835
11232	0.048845287165608785
11244	0.02873592523104583
11318	0.07292126105599094
11353	0.10965260207808337
11699	0.019335996473164595
11750	0.08870219270258774
11777	0.07658036795540711
11801	0.07324720188692246
11862	0.07258022078612854
11868	0.06035706312581091
12059	0.07581205394147618
12148	0.015074758510034177
12215	0.09845320624936454
12243	0.06606104039469934
12293	0.08870219270258774
12409	0.046211644074772296
12432	0.09845320624936454
12433	0.2103954468199791
12435	0.04490207231014565
12610	0.0324565492113822
12676	0.015037294469549925
12727	0.052088233802368766
12869	0.0844819161394404
12876	0.051576623280216616
12881	0.05261915488196292
