220
t_index	tf-idf
37	0.041425130826802416
76	0.029502068914952443
81	0.028864724249885936
101	0.03411970969293708
208	0.022645087622091987
463	0.09513911315419016
466	0.11852650008744772
478	0.034135202133258
479	0.08571633438916819
557	0.04677477386651514
643	0.028355518795774137
719	0.06868602880874584
738	0.0638373196427556
745	0.03777829756079611
778	0.019810089349276055
908	0.03777829756079611
979	0.03626627445511738
1019	0.026933226683843372
1036	0.13014210452528424
1201	0.06526961116388728
1325	0.06027068835684636
1428	0.029393748053420984
1458	0.07636824919775122
1616	0.01500944456875646
1786	0.07013705394863315
1810	0.041425130826802416
1976	0.044008620850196044
1984	0.055111831985161334
1998	0.03681376574156401
2019	0.04091208140371387
2198	0.05662385509084007
2209	0.03523330712755198
2271	0.042232944463301524
2276	0.06868602880874584
2277	0.057447998094102254
2302	0.03040118636654349
2313	0.09872686598484348
2363	0.03187226306718183
2498	0.013321176174273561
2509	0.02381003847372679
2564	0.08571633438916819
2581	0.035913158596672955
2583	0.03187226306718183
2637	0.06687077685912424
2727	0.032133697974339875
2781	0.025810528362530005
2821	0.03267215236874615
2845	0.05534645912341048
2882	0.046424053633843325
2899	0.03700127486882135
2924	0.024545038887430756
2926	0.04720107632581809
2966	0.03051787546237779
3432	0.04909007777486151
3447	0.04720107632581809
3465	0.035068526974316575
3505	0.03200235206178044
3533	0.017691706553442207
3536	0.035568983347689674
3692	0.06868602880874584
3756	0.041425130826802416
3820	0.050847909591824385
3888	0.0537512778135944
3941	0.04890256864760417
3946	0.02225665559111493
4074	0.03352206636777505
4083	0.06974812081117253
4135	0.02439482524638007
4185	0.046424053633843325
4247	0.02206652387366991
4276	0.01493475099515144
4287	0.023738677699909547
4310	0.019134139213571356
4389	0.06174815130698942
4431	0.036088570013604715
4487	0.0342733180639831
4560	0.057447998094102254
4579	0.0762935556241462
4666	0.046424053633843325
4708	0.03124448896655051
4899	0.04760690336389759
4973	0.1856962145353733
4997	0.05832534741262615
4999	0.07078158339401674
5110	0.025893673552582416
5117	0.01702409960168151
5246	0.016894424250868654
5279	0.04314426996727192
5315	0.017921732281821912
5495	0.050847909591824385
5585	0.050847909591824385
5631	0.08559890254834862
5726	0.03700127486882135
5851	0.04499176211271166
5873	0.10882908175546727
5984	0.08337820819137724
6046	0.19027822630838032
6050	0.06027068835684636
6087	0.06480051876298211
6109	0.08020436215903873
6161	0.03738423529731129
6184	0.012675249633051172
6252	0.04279945127417431
6260	0.19280218784603925
6343	0.04116618592719702
6432	0.05280232540850888
6454	0.020353929716888954
6526	0.08628403750156091
6531	0.0708002183471688
6557	0.026490379831650975
6591	0.022129606103783474
6748	0.12508330871809806
6953	0.0383916736104338
7039	0.025242329994858457
7135	0.059004137829904886
7198	0.023738677699909547
7202	0.4569106876574933
7226	0.025242329994858457
7286	0.04802521932908028
7295	0.1373720576174917
7303	0.08571633438916819
7331	0.031239860847614483
7341	0.022645087622091987
7362	0.019493931002118863
7405	0.03573998178091261
7516	0.039940654227399765
7589	0.03244593888854525
7614	0.1151750208313014
7616	0.024620772766848088
7677	0.04698443219987965
7794	0.03757983861724343
7865	0.06526961116388728
7913	0.021531404605677158
8007	0.057447998094102254
8015	0.0722978628082592
8038	0.057447998094102254
8055	0.05662385509084007
8082	0.04309181084737289
8399	0.011126754271799107
8496	0.039479789882582196
8504	0.04279945127417431
8576	0.03777829756079611
8617	0.044641256794306125
8623	0.08508812066012175
8694	0.06027068835684636
8721	0.016596573921811242
8783	0.029179661799036322
8794	0.01887039845675271
8796	0.05441454087773363
8800	0.03662880783814745
8833	0.04499176211271166
8893	0.032133697974339875
8921	0.03925508730887962
8930	0.057937789690823645
9045	0.02225665559111493
9100	0.08020436215903873
9178	0.08571633438916819
9205	0.039940654227399765
9241	0.028968894845411822
9328	0.03087407565349471
9364	0.03925508730887962
9391	0.04903910078618998
9441	0.02731205104396076
9468	0.03267215236874615
9550	0.09780513729520834
9668	0.03719140658626637
9697	0.03970826914645927
9781	0.02338738693325757
9806	0.029179661799036322
9807	0.05315560523302783
9904	0.08285026165360483
9977	0.07078158339401674
9986	0.033817604011402054
10182	0.21116472231650762
10185	0.03700127486882135
10421	0.028658747639717017
10480	0.03523330712755198
10556	0.05878749610684197
10714	0.03352206636777505
10768	0.0401770809900099
10769	0.03662880783814745
10788	0.09513911315419016
10878	0.029611259832882535
10922	0.054412058146250934
10999	0.05138108366136501
11050	0.02485053929896112
11080	0.033090468333928834
11165	0.06675334501830467
11210	0.056948432374734514
11345	0.05832534741262615
11353	0.05298075966330195
11485	0.04984047127870189
11519	0.03040118636654349
11659	0.03380464321698066
11721	0.06400470412356088
11748	0.03644633266621358
11800	0.05033486016873585
11813	0.06027068835684636
11870	0.03797969674361531
11876	0.0772048811281166
11937	0.03970826914645927
12161	0.04845681736292648
12231	0.08020436215903873
12251	0.07326009840777759
12257	0.04369609682900508
12365	0.04309181084737289
12425	0.13980728266144657
12485	0.026577802616513914
12515	0.06868602880874584
12518	0.03281016569827955
12532	0.02439482524638007
12626	0.02238490367621169
12676	0.014531114979108382
12869	0.02040952977883567
12873	0.041425130826802416
12876	0.04984047127870189
12887	0.03253552613132106
12971	0.11393909023084593
13001	0.07289266533242716
13002	0.17444321913026764
