267
t_index	tf-idf
27	0.061819622456189625
53	0.030637720675137245
76	0.0181353852314236
81	0.017743599453297523
108	0.03432992521398574
157	0.021557174448042473
208	0.013920291109408872
242	0.025961254429553153
277	0.02347238125304215
291	0.0802445107002239
383	0.04110651705684755
412	0.01793719651234269
535	0.031257008832792935
554	0.029010979522029474
557	0.028753188314601445
656	0.028085778776901004
660	0.015088220999925328
675	0.05269117732909998
710	0.018688086853804912
723	0.03034447774642034
767	0.04689884719297377
778	0.012177573134064453
824	0.058483507465226195
851	0.05269117732909998
875	0.058483507465226195
882	0.058483507465226195
908	0.02322291299730334
949	0.01576484431191626
990	0.058483507465226195
996	0.03432992521398574
1040	0.01104533986323889
1236	0.02705279059996571
1248	0.02399483674016078
1262	0.07848360650233156
1341	0.03643005081126346
1408	0.02765714297891335
1409	0.03924180325116578
1441	0.02440929685033419
1463	0.058483507465226195
1582	0.058483507465226195
1616	0.01845308274133532
1679	0.04689884719297377
1682	0.10538235465819996
1698	0.05269117732909998
1708	0.04689884719297377
1763	0.026489213088396895
1872	0.04222238094738968
1917	0.014376594157300722
1964	0.024130718855411733
1971	0.05269117732909998
2061	0.04110651705684755
2078	0.012276468560023002
2082	0.03034447774642034
2095	0.030941629292554836
2127	0.05269117732909998
2293	0.02322291299730334
2308	0.03265300731059927
2315	0.019053060402884812
2316	0.027868712911362028
2461	0.022076382775235815
2468	0.09379769438594754
2498	0.024566208799038262
2587	0.02514929915642862
2591	0.01840716742822478
2635	0.04351055127154286
2805	0.026133560863164217
2806	0.021761003234997713
2940	0.026489213088396895
2948	0.021864812842787133
2949	0.04110651705684755
3018	0.058483507465226195
3085	0.039833896881962726
3100	0.031925890999290434
3134	0.02240413325180068
3141	0.04012225535011195
3158	0.05904371356919024
3237	0.02562694721199865
3279	0.058483507465226195
3356	0.02562694721199865
3363	0.027450797533013455
3409	0.04930288140766908
3469	0.03924180325116578
3473	0.058483507465226195
3533	0.010875369950253304
3573	0.037718221135416646
3635	0.05158485834646317
3666	0.023729526648468908
3720	0.03432992521398574
3739	0.02386112883227543
3755	0.025792429173231584
3769	0.026672881272177755
3780	0.017807634754858737
3826	0.027450797533013455
3880	0.04689884719297377
3883	0.029264711389168366
3899	0.058483507465226195
3931	0.058483507465226195
3936	0.03924180325116578
3941	0.030061177193608662
3953	0.05269117732909998
4074	0.020606540818729875
4191	0.029264711389168366
4197	0.025961254429553153
4219	0.04930288140766908
4287	0.014592538110243185
4310	0.023524111933311474
4380	0.02322291299730334
4454	0.04798967348032156
4505	0.10538235465819996
4644	0.034807573269555775
4708	0.019206478210081528
4816	0.03531418692072134
4819	0.11696701493045239
4879	0.05269117732909998
4997	0.03585350732973487
5050	0.058483507465226195
5054	0.014042286939746221
5117	0.010464981469084096
5158	0.025305501198926012
5304	0.06930275150089799
5434	0.032281543224523104
5649	0.030637720675137245
5731	0.058483507465226195
5744	0.019834617075872432
5802	0.03427774428351826
5810	0.01736936232390321
5836	0.11696701493045239
5845	0.12912617289809242
5848	0.03531418692072134
5856	0.01602041670668659
5924	0.023729526648468908
5929	0.04222238094738968
6026	0.03531418692072134
6034	0.05661726748549899
6115	0.058483507465226195
6161	0.02298067673332926
6390	0.03432992521398574
6397	0.032281543224523104
6449	0.018616966714207976
6454	0.06255940175809478
6461	0.045034133387291994
6544	0.029264711389168366
6608	0.025961254429553153
6801	0.026133560863164217
6834	0.02106834703834684
6848	0.06188325858510967
6866	0.135102400161876
6959	0.02298067673332926
6984	0.055737425822724056
7014	0.04351055127154286
7141	0.05269117732909998
7198	0.014592538110243185
7212	0.028537595077859523
7226	0.03103371359582596
7286	0.02952185678459512
7343	0.019203633232665072
7358	0.5490159506602691
7362	0.0239664512626122
7396	0.04110651705684755
7439	0.0137603519504579
7461	0.04930288140766908
7562	0.0479060192966145
7664	0.024130718855411733
7677	0.009627356195265153
7810	0.04930288140766908
7825	0.028085778776901004
7897	0.019053060402884812
7898	0.02240413325180068
7913	0.013235692663564272
7996	0.009579191416610792
8009	0.01602041670668659
8184	0.03344947311503957
8192	0.03585350732973487
8233	0.031925890999290434
8258	0.04930288140766908
8311	0.12036676605033586
8312	0.017188346597203044
8326	0.03387810891302721
8351	0.026489213088396895
8409	0.1481973558756766
8413	0.030637720675137245
8440	0.2399483674016078
8444	0.10316971669292634
8491	0.03158475930935779
8553	0.0181353852314236
8560	0.03034447774642034
8576	0.02322291299730334
8677	0.06961514653911155
8721	0.010202174717356795
8794	0.011599930380144438
8824	0.018688086853804912
8841	0.04910429522058825
8864	0.029264711389168366
8917	0.058483507465226195
8957	0.01612487514136889
8964	0.10538235465819996
9151	0.02705279059996571
9152	0.058483507465226195
9234	0.034807573269555775
9262	0.021557174448042473
9323	0.04222238094738968
9337	0.016446321154441532
9370	0.027450797533013455
9389	0.03704933896891915
9391	0.01004836854802659
9441	0.041972867103863915
9465	0.03387810891302721
9528	0.03858036296378674
9573	0.10538235465819996
9685	0.14125674768288535
9740	0.03531418692072134
9784	0.02978716687628699
9855	0.07062837384144267
9910	0.058483507465226195
9969	0.023346716238908164
10079	0.058483507465226195
10093	0.02165846739688724
10097	0.045034133387291994
10103	0.020876651467366867
10137	0.04110651705684755
10149	0.058483507465226195
10178	0.02399483674016078
10213	0.025934974676083394
10419	0.06316951861871559
10705	0.025792429173231584
10758	0.026860677174473057
10769	0.022516303606623277
10782	0.045034133387291994
10855	0.023346716238908164
10898	0.058483507465226195
10922	0.01672397347049706
11011	0.04689884719297377
11211	0.03387810891302721
11224	0.0740986779378383
11353	0.0162840526391096
11356	0.04110651705684755
11376	0.058483507465226195
11438	0.01556586905549536
11491	0.03265300731059927
11538	0.03034447774642034
11659	0.006926748415713759
11699	0.03445810260018447
11730	0.031257008832792935
11781	0.03265300731059927
11784	0.026672881272177755
11841	0.010176342962745282
11904	0.015866137260761026
12082	0.045034133387291994
12314	0.03585350732973487
12376	0.24651440703834537
12377	0.15807353198729998
12405	0.02484539053901103
12418	0.058483507465226195
12428	0.030061177193608662
12454	0.11696701493045239
12505	0.08174827426111902
12576	0.058483507465226195
12664	0.02765714297891335
12676	0.008932504657484465
12726	0.05269117732909998
12736	0.032281543224523104
12768	0.023346716238908164
12838	0.024130718855411733
12869	0.01254605858315931
12884	0.058483507465226195
12937	0.09860576281533816
12958	0.014636404698966807
