205
t_index	tf-idf
139	0.04905469019567542
186	0.04317807174839793
200	0.026337323313633414
204	0.2657834888690954
208	0.019618017105574048
334	0.04549472868027654
430	0.046018237042096864
478	0.01478609821538457
535	0.13215252377940762
575	0.03658747719269225
627	0.059504459005464666
638	0.02491668762621225
659	0.02717144166147868
663	0.055303898559606574
701	0.08635614349679586
708	0.03141839874895609
754	0.04774478600602282
778	0.017161985778227043
1040	0.04669895148114495
1535	0.11586371986527397
1537	0.030100341565578295
1616	0.013003064735672129
1669	0.022724961271449587
1680	0.03460160768274214
1730	0.08242144081823706
1763	0.03733153505174318
1862	0.040885487813393954
1919	0.03733153505174318
1921	0.032556372892925296
1964	0.06801536714347758
2037	0.03501487811986457
2088	0.037855043413563494
2185	0.04714070493107322
2322	0.04499350414528573
2323	0.03307988125474561
2406	0.025748350642251328
2505	0.03897751130253985
2668	0.05654472924353457
2703	0.21182771386127666
2707	0.08242144081823706
2727	0.027838242317550044
2740	0.04317807174839793
2782	0.03566331705880084
2805	0.07366062103350474
2924	0.04252798671274144
3134	0.03157438777069157
3164	0.04405084125980254
3264	0.08110022075073506
3314	0.053703368982662404
3403	0.03203708741847103
3433	0.020751869238033002
3609	0.1453981997180378
3632	0.037855043413563494
3671	0.06609505356117035
3723	0.15050170782789146
3724	0.04317807174839793
3946	0.019281508527853795
3975	0.16484288163647412
4008	0.02439317926439193
4076	0.0779550226050797
4083	0.020141525467394363
4135	0.04226771889406027
4183	0.03205514835793448
4422	0.01911679257058323
4427	0.04656610321811341
4442	0.059504459005464666
4445	0.03897751130253985
4453	0.19233089014760688
4528	0.04549472868027654
4529	0.052214034888335904
4595	0.026337323313633414
4653	0.08242144081823706
4682	0.031732470667259774
4831	0.030814317674006483
4927	0.08242144081823706
4935	0.10105747280157738
5011	0.04774478600602282
5042	0.04160547267557025
5049	0.044512743558042814
5078	0.030380759550616893
5108	0.06609505356117035
5117	0.014748411786535218
5128	0.04055011037536753
5158	0.03566331705880084
5246	0.014636070721979736
5279	0.018688490862797842
5320	0.10836286134126044
5631	0.03707825649509973
5675	0.02243234997179419
5689	0.03362774743076216
5810	0.0489576610869766
5835	0.1349805124358572
6027	0.03812579094591775
6045	0.04405084125980254
6138	0.05418143067063022
6144	0.04774478600602282
6178	0.04197937706278343
6184	0.021961784230503868
6277	0.08242144081823706
6375	0.08178299313428411
6407	0.05247418586043409
6430	0.08531841419262412
6454	0.03526625712519024
6526	0.0498333752524245
6598	0.10904864978852835
6606	0.028186356300976087
6656	0.05418143067063022
6802	0.04774478600602282
6848	0.04360637345618333
6983	0.04905469019567542
7020	0.032556372892925296
7113	0.040891496567142055
7121	0.037590380613437446
7176	0.024827804193250407
7343	0.027063888411999734
7362	0.016888089736573006
7498	0.07177529526253837
7505	0.13969830965434024
7616	0.0639888106444681
7671	0.09313220643622681
7717	0.02026108993562552
7815	0.032386916746834166
7911	0.025279085418503523
7912	0.051882663273987085
7913	0.018653205097299952
8061	0.06131989140235246
8206	0.04197937706278343
8301	0.11060779711921315
8329	0.0704541640810662
8368	0.14851649437940742
8399	0.01927878216030577
8532	0.057931859932636984
8571	0.04197937706278343
8572	0.04360637345618333
8598	0.04714070493107322
8617	0.07734771920693642
8674	0.044512743558042814
8678	0.032556372892925296
8805	0.08242144081823706
8836	0.1443400241200301
8921	0.06801536714347758
8936	0.03733153505174318
8997	0.04021834198646784
9095	0.03205514835793448
9117	0.02982644552392425
9149	0.04774478600602282
9151	0.03812579094591775
9241	0.02509649262970542
9368	0.06314877554138314
9486	0.021595761745270406
9490	0.11586371986527397
9528	0.018123907865002602
9555	0.11874477713246837
9596	0.04774478600602282
9606	0.053156697773819095
9627	0.1364841860408296
9655	0.09548957201204564
9656	0.24658957428373168
9685	0.04976866630410361
9689	0.03683031051675237
9899	0.10144855030275021
9949	0.02062724374739233
10103	0.014710845569784305
10172	0.08637131212777707
10204	0.14570276033648003
10219	0.07528947788911626
10241	0.10105747280157738
10247	0.059504459005464666
10373	0.04838153561500121
10445	0.03707825649509973
10534	0.053156697773819095
10717	0.04021834198646784
10796	0.021005147794676455
10804	0.06880057311750082
10806	0.08248614976655795
10882	0.055303898559606574
10928	0.04360637345618333
11015	0.16451390094288534
11130	0.05654472924353457
11142	0.08810168251960508
11232	0.040891496567142055
11244	0.02405667068667168
11412	0.03205514835793448
11438	0.02193714793704493
11503	0.11516174950370275
11601	0.06609505356117035
11634	0.0758173945203885
11644	0.08563522306805878
11687	0.09313220643622681
11817	0.032386916746834166
11841	0.014341630411765347
12148	0.012620039140594438
12305	0.06346709218813994
12365	0.03733153505174318
12423	0.08317336200820748
12469	0.027500123430267472
12610	0.02717144166147868
12662	0.06314877554138314
12716	0.04499350414528573
12736	0.04549472868027654
12737	0.06346709218813994
12843	0.03812579094591775
12862	0.02413990070774848
12958	0.02062724374739233
12992	0.053156697773819095
