35
t_index	tf-idf
112	0.1391296392097299
492	0.21021428758720215
557	0.08429204626797811
1312	0.2475559127162417
1884	0.24101344169277064
2162	0.2475559127162417
2498	0.09602348493486468
2760	0.14395278462348338
2811	0.12881285996125447
2966	0.10999151712913646
3544	0.19372857726074147
4247	0.07953143532627004
5085	0.3089359766814645
6292	0.14655494046375958
6907	0.12522620411779634
7677	0.05644657872167137
7843	0.15322483874292353
7912	0.053961754613052505
8794	0.06801206583493369
8880	0.16870029158313263
9002	0.40213211168317037
9471	0.12580604227204764
9806	0.10516837171538299
9807	0.09579083692614715
10467	0.1730909067040768
10848	0.1586144153462267
10904	0.11534181857827533
11122	0.13990124180524127
11186	0.08305783107860845
11229	0.14930308607262222
11438	0.09126493662344941
12275	0.1213488115702142
12504	0.12881285996125447
12509	0.14395278462348338
12962	0.2749747091871176
