44
t_index	tf-idf
81	0.09839585793481417
208	0.07719397577801516
397	0.26007419282950534
430	0.18107490968418338
663	0.21761260492667706
908	0.12878099813567143
1040	0.18375341962924266
1097	0.15698349770641432
1309	0.14032984161373482
1806	0.11898877898153362
2406	0.10131592531016045
3041	0.09946943653810406
3632	0.14895395842590312
3654	0.1715845856504671
3723	0.11844036149112347
3993	0.10363344506171901
4247	0.07522173187562635
4453	0.12613223510749258
4682	0.12486254644813405
4952	0.20916368959763906
5434	0.1790149822417476
5600	0.06109270985171079
6184	0.04320817518937279
6407	0.10323905342937274
6430	0.0839288135386119
6671	0.0980434551940369
6849	0.05352193984877291
6887	0.23414118472996037
7589	0.055301861985596085
7912	0.05103763839278552
7913	0.03669879210305612
8399	0.03792956839377594
8618	0.20202023347168008
9787	0.1504434637512527
9899	0.13306164587789687
10063	0.09433421712184929
10219	0.09875096110606274
10372	0.12362672022147626
10715	0.10131592531016045
10806	0.16228535771059738
11503	0.4531443343077131
11505	0.24128464085591933
11659	0.03841178645047166
12676	0.04953456380670079
