122
t_index	tf-idf
53	0.061146337765168875
79	0.07270658987094512
81	0.07082485912352134
157	0.04302350961546418
287	0.04788856219074405
447	0.08987849847771645
535	0.062382304476384216
557	0.02869260711579111
638	0.0352856006738677
754	0.06761345964362803
771	0.0685151883472466
778	0.02430383147333187
908	0.18539186998680074
949	0.031463257509687925
1039	0.06946847170825271
1040	0.04408827204673664
1220	0.1188976285930406
1239	0.08987849847771645
1447	0.04148882593278273
1534	0.0842668419767214
1631	0.12607284865866755
1681	0.040423916294265644
1813	0.04958608565939261
1917	0.02869260711579111
1919	0.05286680389220544
1964	0.04815975383073191
1996	0.026995083647142544
2088	0.05360816676040585
2188	0.06371725022223224
2302	0.037297424409084186
2406	0.03646335469636899
2583	0.039102201741800555
2727	0.03942294082645529
2760	0.04900083549157833
2805	0.052156998116455966
2924	0.0602257241861753
3402	0.1051603205203229
3723	0.1705055902394801
4092	0.08987849847771645
4256	0.098398006539561
4332	0.05147434460661586
4422	0.05414423609831185
4453	0.13618405240708223
4518	0.13893694341650542
4544	0.06946847170825271
4790	0.23344114525219828
5049	0.06303642432933378
5054	0.028025401410162038
5236	0.08007544045302284
5486	0.0644270559979817
5487	0.04059674601067971
5600	0.02198711744343993
5688	0.032181802042977874
5802	0.045607364246888014
5835	0.1911517506666967
6087	0.039749969311914046
6144	0.06761345964362803
6184	0.015550516988220704
6185	0.06594427589018324
6375	0.05790821960247645
6430	0.060411551055476895
6606	0.03991592011778126
6681	0.08683775443378475
6887	0.3370673679068856
7176	0.035159728994250274
7798	0.0783182463719402
7912	0.09184160860615104
7941	0.07394255658216048
8242	0.07155593239117831
8490	0.06371725022223224
8617	0.21907091134370807
8707	0.05147617222355752
8836	0.06813538686415484
8957	0.032181802042977874
8968	0.03606145769786883
9161	0.07270658987094512
9213	0.0574247678283387
9215	0.03991592011778126
9241	0.03554023032800154
9315	0.056954936241470334
9374	0.03282333953517641
9441	0.01675377314206101
9655	0.06761345964362803
9787	0.027072118049155925
9899	0.23944281095372022
10103	0.04166533129421856
10199	0.08987849847771645
10213	0.025880331280025818
10219	0.03554023032800154
10372	0.04449295543207552
10419	0.2521456973173351
10453	0.08203981630877037
10481	0.03326516453547277
10504	0.07672867097195836
10518	0.1566364927438804
10677	0.11672057262609914
10714	0.04112624820998216
10719	0.04659505228828309
10796	0.05949259936130585
10804	0.09743147185436771
10806	0.05840610488542021
10855	0.04659505228828309
10880	0.11672057262609914
10928	0.0617528743664847
10957	0.0842668419767214
11015	0.09319010457656618
11244	0.03406769343207742
11247	0.07394255658216048
11262	0.0842668419767214
11410	0.03701474105887495
11503	0.08154277099049069
11659	0.05529723346362281
11687	0.263777103560733
11699	0.0229236676653034
11767	0.03817541229960572
11841	0.020309804068394034
11907	0.0842668419767214
11942	0.05438402378440699
12041	0.098398006539561
12249	0.0685151883472466
12365	0.05286680389220544
12885	0.052156998116455966
