25
t_index	tf-idf
473	0.30071546999238896
742	0.08494090707154424
1279	0.09708794630662874
1283	0.1969052341532071
1862	0.11564769068224903
2160	0.08851890838159462
2820	0.21415169956811575
3568	0.23132937379222784
5443	0.2256958001871389
6184	0.06212056564206056
6849	0.07694870619030134
7604	0.10396251993375093
7898	0.1786210817418744
8502	0.4626587475844557
8721	0.08133871833615376
9856	0.09948188991669606
10110	0.140454639199381
10167	0.2017527724626067
10213	0.10338568288995971
10333	0.29538268363574516
10536	0.22752123663204715
11058	0.30651253880190016
11167	0.14248912590167784
12291	0.10196506910246805
12348	0.2545350503754968
