58
t_index	tf-idf
778	0.07658485066632809
1040	0.03473211347911063
1181	0.07812642565266524
1220	0.09366586026127328
1387	0.18557932605025917
1616	0.0870386839717674
1681	0.0636907722994522
1964	0.15175827561595934
2406	0.057450624138810635
2703	0.2835824602588293
2794	0.04339431217355461
3619	0.09202299698218291
3723	0.2014828173377698
3724	0.09634042993749264
4332	0.04055075636088941
4532	0.1839016130865359
5077	0.06716093911258994
5279	0.04169841708301044
5675	0.05005184699733933
5688	0.050704731604545424
5694	0.2589574137547096
5776	0.10945254738192947
6154	0.1839016130865359
6184	0.049001904190862644
6418	0.13276843850714745
6430	0.1427740813577576
7275	0.05206127814915398
7416	0.07461758737757154
7616	0.04759136045258587
7677	0.030273258407434493
7767	0.084463502191954
7840	0.12616458552768414
7912	0.08682181516657587
8617	0.08629047362863301
8676	0.060148093383935834
8715	0.08763327442514268
8836	0.1610282652493359
8864	0.09202299698218291
8957	0.10140946320909085
9441	0.026396768254219206
9656	0.2357997074768078
9894	0.12616458552768414
10063	0.10698337175928292
10103	0.03282335522520558
10158	0.057450624138810635
10219	0.11199235130080329
10681	0.05944732509078498
10715	0.057450624138810635
10804	0.07675512737934923
10811	0.3678032261730718
10913	0.05788140843668169
11015	0.07341383857939289
11165	0.06451630365679753
11241	0.3678032261730718
11244	0.10735217683289058
11503	0.19271470465709614
11998	0.10039108645262784
12887	0.06289038797820205
