31
t_index	tf-idf
413	0.06061698476981807
1279	0.07571730465903001
1616	0.05736847861399918
1764	0.42691090872249926
2078	0.07633221331235943
2160	0.0690344518447843
2782	0.15734369424304281
2924	0.09381503306421234
2972	0.08176085957309794
3432	0.09381503306421234
3581	0.23328832426650709
4247	0.08434175542825012
4422	0.08434175542825012
5856	0.298833624530228
7341	0.08655311787248593
7604	0.08107867242431153
7898	0.13930366620445858
7913	0.041148222340664946
8417	0.16820793151343397
9215	0.12435594312032197
9420	0.24947080986553363
9706	0.3276214302101126
10103	0.06490307066985407
10752	0.23036413374337256
11493	0.17513397519443086
11594	0.24463613446104102
12148	0.05567860041170528
12291	0.07952089312330524
12610	0.11987822113903306
12871	0.4014381874426976
12963	0.07886730998007574
