113
t_index	tf-idf
6	0.13614851609318618
8	0.08618630969196993
76	0.0317024458472223
135	0.04834741950000792
208	0.024334044711051495
334	0.0564313281951648
348	0.030796226451659456
376	0.027735576106887476
408	0.10223495143402658
430	0.05708068413234183
472	0.04630576261569239
754	0.05922228281980838
1859	0.07380889506587766
1964	0.04218288158790797
2088	0.046955118552869414
2215	0.09210938585455418
2299	0.10223495143402658
2393	0.04599159774935831
2516	0.07606074411249751
2703	0.05254990891689609
2727	0.034530351848856056
2738	0.0626754744963685
2794	0.02412385254874716
2955	0.050721512801817234
2976	0.07332897580718889
2998	0.03540710113165867
3272	0.024334044711051495
3403	0.01986928427724315
3580	0.06859855065895273
3649	0.05922228281980838
3702	0.036829552973397
3723	0.18668121592844109
3724	0.05355776390693283
4172	0.10223495143402658
4253	0.09210938585455418
4403	0.1574482324768503
4474	0.06593517853302511
4752	0.07380889506587766
4831	0.19110926960267755
4972	0.05906862217686056
4984	0.03840560606974367
5049	0.11042656208564745
5297	0.10609029256806342
5652	0.09210938585455418
5694	0.2879202435949938
5721	0.054640340815632134
5802	0.03994725663102142
5831	0.08618630969196993
6442	0.025206429457446465
6598	0.04508771546335132
6723	0.13187035706605021
6802	0.23688913127923353
7035	0.08618630969196993
7060	0.3148964649537006
7162	0.11416136826468366
7416	0.04148155795719212
7532	0.060847078381289645
7677	0.033659140353243557
7912	0.032177437736021594
7913	0.06941189689040626
8107	0.057760253323820995
8115	0.08618630969196993
8153	0.060847078381289645
8500	0.2763281575636626
8551	0.021753237780886354
8836	0.2983971809883796
8968	0.03158604600229193
8983	0.05708068413234183
9215	0.034962149883878905
9374	0.028749794897176332
9391	0.03513108276241877
9528	0.02248076255375689
9553	0.07872411623842515
9596	0.05922228281980838
9656	0.04369541451621281
9745	0.05847298507948033
10103	0.036494450168543704
10213	0.022668449545614474
10219	0.09338851686009214
10352	0.08847303447469099
10373	0.06001210237044086
10451	0.04630576261569239
10560	0.07872411623842515
10601	0.09210938585455418
10681	0.033048075498279324
10700	0.04423651723734549
10765	0.07013766794991327
10796	0.026054631456747572
10804	0.0426698634570857
10855	0.0408123675251177
10859	0.045382838697728724
10999	0.11042656208564745
11015	0.0408123675251177
11017	0.03804038446579996
11206	0.13187035706605021
11207	0.07606074411249751
11235	0.060847078381289645
11503	0.07142289524841391
11721	0.06877841931337464
11748	0.03916463930076708
11883	0.08296311591438424
12020	0.10223495143402658
12074	0.04369541451621281
12221	0.18421877170910836
12246	0.09210938585455418
12426	0.04834741950000792
12530	0.1574482324768503
12672	0.07380889506587766
12676	0.031229802021882157
12736	0.0564313281951648
12862	0.02994295600730166
12907	0.04729095180871071
12910	0.045382838697728724
