164
t_index	tf-idf
4	0.03377377649999469
73	0.020156799527276316
204	0.17999975303381924
430	0.038956856094947694
535	0.07458270434174447
646	0.05882108308723453
701	0.07310501382401585
754	0.04041847052982957
778	0.014528522890920931
1040	0.013177705547271676
1220	0.03553774886452895
1535	0.04904236397939094
1616	0.011007777660788597
1669	0.03847574800422132
1742	0.27976468196890397
1862	0.017305857063375563
1919	0.03160310633985963
1964	0.028789291380606475
2004	0.09114233926944713
2088	0.032046283680557834
2322	0.03808936584406495
2386	0.015557254099134228
2397	0.018570948611857062
2576	0.021018041048056695
2583	0.046749602729472504
2703	0.07172931686423853
2782	0.030190872137436653
2805	0.03117879342967509
2924	0.07200435152961367
2948	0.02608593932427567
2969	0.04681765656744525
2976	0.02502305641158193
3071	0.04904236397939094
3117	0.04499993825845481
3229	0.05372822898183511
3239	0.032046283680557834
3264	0.03432779950006224
3339	0.03808936584406495
3403	0.027121078174309952
3702	0.02513571126616797
3723	0.07644456307874077
3776	0.03990708415305539
3780	0.021245499930146836
4247	0.016183369573412973
4332	0.015385355900220265
4422	0.016183369573412973
4453	0.08140910312621688
4518	0.041527373266972326
4528	0.038513678754249485
4544	0.041527373266972326
4595	0.022295928314610122
4646	0.0559529363937808
4831	0.10434375729710268
4935	0.04277523084650912
4949	0.039373506573319984
5011	0.04041847052982957
5049	0.07536475348221941
5054	0.016753230302866618
5128	0.03432779950006224
5297	0.03620265176800172
5310	0.01388508360941289
5320	0.045867428509337546
5388	0.06977408122256051
5434	0.038513678754249485
5483	0.032750330130787694
5579	0.0559529363937808
5630	0.052422695755691924
5688	0.01923787400211066
5689	0.028467655470135668
5694	0.39300396156945233
5712	0.02171660403574924
5802	0.01363175259387698
5810	0.02072261651359931
5835	0.11426809753219486
6013	0.022295928314610122
6027	0.03227548569554024
6045	0.03729135217087223
6087	0.047524057241364326
6174	0.06977408122256051
6178	0.03553774886452895
6375	0.034616800852582466
6435	0.04277523084650912
6442	0.017203074209210703
6454	0.059709480073157475
6526	0.04218657109046369
6598	0.03077180432671985
6723	0.13499981477536444
6802	0.1212554115894887
7027	0.05541245687638521
7037	0.06286350880817065
7060	0.4298258318546809
7121	0.03182223271118313
7135	0.0216365245003843
7253	0.06977408122256051
7498	0.09114233926944713
7505	0.03942065360546165
7662	0.02596208868125656
7671	0.03942065360546165
7884	0.028789291380606475
7912	0.010980350274709512
7913	0.007895459206969522
8153	0.12458211980091698
8301	0.0936353131348905
8329	0.029821576268612145
8399	0.016320502274301266
8500	0.06286350880817065
8532	0.04904236397939094
8551	0.014846313892531151
8617	0.049109181925970795
8748	0.04681765656744525
8806	0.05372822898183511
8836	0.08146094403459243
8848	0.056935310940271336
8941	0.050373651740787645
9149	0.04041847052982957
9241	0.021245499930146836
9374	0.01962137699632035
9391	0.01198826324910672
9441	0.030045580698354023
9528	0.015342840490154188
9596	0.04041847052982957
9606	0.04499993825845481
9627	0.038513678754249485
9656	0.11928630507444858
9685	0.04213179156500108
9899	0.057254352900278194
9949	0.034924091749428614
9986	0.02480149510348923
10063	0.020295271872039135
10161	0.027417227085672378
10172	0.02437261828910416
10204	0.05286216166124808
10213	0.015470934524832143
10219	0.04249099986029367
10226	0.035864658432119265
10241	0.08555046169301823
10372	0.026597325701049848
10373	0.040957512537518684
10481	0.039770988780446104
10796	0.017781961511079917
10804	0.029121650441938332
10922	0.039905263342429935
11000	0.08840384917052418
11015	0.027853932599754522
11142	0.03729135217087223
11207	0.41528408538275735
11235	0.041527373266972326
11503	0.07311785486731248
11659	0.024791989785511316
11671	0.029821576268612145
11699	0.013703478432389173
11766	0.11826196081638496
11852	0.04420192458526209
11883	0.028310646736221363
12148	0.010683526365058312
12365	0.03160310633985963
12577	0.027853932599754522
12628	0.029821576268612145
12662	0.02672937860578372
12676	0.010656975487710016
12716	0.03808936584406495
12862	0.020435694595553604
12907	0.03227548569554024
12920	0.05882108308723453
