38
t_index	tf-idf
412	0.1273297747600762
638	0.1255043911078567
659	0.13686149990735863
778	0.0864442580655136
1669	0.11446475029540149
1862	0.10296930976831746
1964	0.17129538579476755
2581	0.15671238503484922
2703	0.4267871981500654
2727	0.14022014900173177
2794	0.09796164874564393
2811	0.15595670235777445
3289	0.2042493363629542
3723	0.15161425535359938
4247	0.19258108842543384
4453	0.16146054150080266
5675	0.11299087850532072
5694	0.1948634428160454
6430	0.10743638745413146
7331	0.1363197583528622
7343	0.1363197583528622
7498	0.18076469199371048
7912	0.06533274166432175
7913	0.04697773602707559
8617	0.09739936692503824
8836	0.12117251907258933
9241	0.12641006195063023
9441	0.05959008935083132
9499	0.119524627331166
9555	0.19937094869665722
9656	0.1774374486820867
10219	0.12641006195063023
10350	0.23744590603389393
11503	0.14501631865357695
11554	0.16938166215908743
11671	0.1774374486820867
11937	0.1732729118436226
12881	0.22188238232293495
