103
t_index	tf-idf
13	0.11802670997060985
81	0.04650291920794412
109	0.3065504076341378
114	0.20462336653209484
200	0.048978258069955774
220	0.09396586972471577
325	0.1532752038170689
382	0.1532752038170689
413	0.025550442255496453
478	0.02749699829465738
498	0.06253591044016928
546	0.060863256619897076
557	0.03767857803271765
778	0.031915322541672266
1190	0.10105885598023259
1279	0.06383064508334453
1354	0.08191923855467977
1500	0.04092467330641897
1745	0.08557791021251956
1976	0.07090070641703076
2003	0.06324245947483233
2091	0.1229138038029406
2160	0.029098457836495017
2287	0.04536282654584081
2304	0.0694236667917349
2344	0.08878869058372783
2709	0.04296029732740809
2972	0.06892543828152747
2977	0.15613407170596327
2982	0.10284600996354569
3432	0.03954362946469338
3533	0.08550741660128239
3826	0.07194381406271658
3839	0.0387080630365402
3858	0.06990102963941373
4135	0.03930162566956831
4247	0.03555058305819418
4332	0.03379755806289162
4708	0.02516843628102114
4980	0.05263692972779555
5091	0.06511549091076496
5213	0.0495471503307696
5304	0.06054352655290498
5600	0.028873058379252026
6184	0.020420638857432744
6432	0.05671195172825682
6511	0.07952765169001823
6515	0.12921436357117483
6563	0.11299528535317271
6585	0.04212320993528906
6591	0.035652212570571724
6625	0.08191923855467977
6723	0.09885296355704651
6796	0.048978258069955774
7176	0.046171077698616364
7322	0.12921436357117483
7362	0.03140597119823006
7494	0.0912246566340254
7616	0.03966564159428655
7619	0.04935587295234001
7677	0.025231643022200535
7797	0.1157167966175714
7897	0.049934790903700794
7912	0.02412092566250415
7913	0.12140965077307506
8015	0.0776509912000468
8617	0.03595996171789009
8728	0.07303909831584986
8763	0.12921436357117483
8797	0.03514871635899635
8940	0.07878516971765162
9045	0.035856897430667306
9074	0.3065504076341378
9106	0.13809450381000477
9198	0.0411854040121484
9215	0.05241681611002249
9266	0.04667074470822073
9369	0.10483363222004498
9648	0.06324245947483233
9780	0.1532752038170689
9781	0.0753571560654353
9856	0.03270227380975833
10077	0.1229138038029406
10103	0.05471410911155055
10115	0.27618900762000953
10636	0.2991684932446097
10715	0.14364892145046745
10740	0.08997282331821659
10744	0.0484237697035233
11167	0.046839866171136696
11186	0.07425376670948142
11244	0.044737037669497236
11386	0.061187723600634784
11735	0.07194381406271658
11767	0.05013121482677103
12053	0.12921436357117483
12144	0.06397256443606568
12149	0.08460436679879904
12469	0.05114066172495425
12676	0.023410556775975228
12887	0.05241681611002249
12963	0.1662153484822957
12964	0.0470103037676198
