40
t_index	tf-idf
27	0.12927179074902917
114	0.09795923865160168
131	0.35238315338894965
731	0.22492116158261385
1279	0.15278805888535438
2160	0.06965144851019968
2204	0.11293725959163668
2282	0.1868649589133285
2966	0.11768667144785205
2986	0.12494574484241078
3780	0.11171330763447991
4186	0.14342193816857474
5802	0.0716786225847298
6184	0.04887980950454323
6365	0.22153782249266288
6689	0.20028189772566443
7542	0.2366191411229653
7604	0.08180331452959808
7682	0.15402391484515293
7898	0.14054869524766062
7912	0.05773699146671442
8159	0.19036115824245387
8678	0.1449198560975529
8746	0.18202242054462892
8850	0.18520057909536197
8980	0.16394465432836353
9154	0.18520057909536197
9254	0.1722081248763618
9364	0.15138014992138354
9659	0.13041147826131624
9856	0.07827771331476156
10103	0.13096628608217833
10224	0.22153782249266288
10329	0.09099783673510617
11493	0.088349619137036
11576	0.2729563845202662
12291	0.08023161254783616
12626	0.086323335567111
12887	0.12546737661735816
12963	0.07957218799341025
