37
t_index	tf-idf
114	0.10428143426207231
131	0.1875628126096643
1279	0.16264885413564006
2160	0.07414668640807921
2281	0.1757004116600061
2282	0.1989250447128347
2972	0.08781552765642064
3494	0.14888039826304564
3858	0.08905849501369585
5802	0.07630469235933754
6184	0.0520344656793359
6689	0.2132078999291046
7297	0.30074753449622127
7542	0.2518903142757232
7604	0.17416564448560928
7682	0.16396447105756698
7898	0.14961957366998496
7912	0.12292656339520387
8159	0.20264688540418563
8678	0.15427284506216246
8746	0.19376997354743775
8850	0.19715324741261592
8980	0.17452548558248596
9154	0.19715324741261592
9364	0.1611500800731397
9441	0.05606074924842109
9442	0.2046052241394203
9659	0.13882811039083923
9856	0.08332968209614788
10103	0.06970936248902304
10224	0.23583566175923454
11186	0.09460416744012855
11493	0.09405161909113413
11576	0.29057272862234185
12626	0.0918945611167968
12887	0.13356492115349627
12964	0.11978841871937866
