224
t_index	tf-idf
27	0.05365903546124786
76	0.0708362908503192
99	0.05342630236746746
114	0.0406616032013358
118	0.06106184746767546
126	0.13988937218498365
131	0.03656741353640217
287	0.03124104639525083
413	0.02538620007624317
478	0.013660121676643875
583	0.031417963600931784
617	0.03472783458969843
643	0.022694451050415846
660	0.019644718461097832
707	0.12470160802334389
731	0.09336184263725127
742	0.11097114976929633
746	0.030895615210474264
858	0.037777567179016446
891	0.06419187686734885
960	0.07044494575284793
1040	0.014380926149049825
1097	0.03685756855612072
1181	0.0323484592515785
1248	0.03124104639525083
1252	0.07299512742185271
1279	0.015855082965666324
1283	0.032155884871775266
1300	0.04069632453417167
1413	0.08821794320140493
1443	0.05223879013842165
1677	0.24171422045696667
1720	0.039048988764750034
1806	0.027936930586951594
1845	0.022072557881220454
1866	0.04156720267444796
1917	0.05615456149224641
2017	0.07148134814188063
2078	0.01598384385802439
2103	0.03746217789575618
2146	0.064696918503157
2160	0.20237985926522847
2204	0.32815149133056387
2251	0.025613208405571082
2281	0.17127354624017016
2282	0.11634781337865338
2347	0.02310199563939608
2363	0.025509091166828972
2498	0.010661655771435644
2576	0.13762284869343483
2591	0.023965954753416965
2603	0.04910876073874825
2788	0.026259745228382432
2816	0.05143666324709851
2818	0.040152566262135356
2834	0.053520289403375165
2849	0.06423885535638701
2878	0.04668092131862563
2972	0.01712059373630995
2989	0.039139363254325335
3041	0.023354057146173963
3132	0.06106184746767546
3494	0.029025855472101868
3581	0.024425101717653525
3626	0.04910876073874825
3672	0.03497234304624591
3737	0.03380130329268274
3839	0.0384592416437744
3858	0.017362923762893213
3923	0.04903860579697808
3924	0.04597873133907486
4020	0.030560814381619006
4099	0.023699488330950532
4186	0.08929886584130396
4217	0.04910876073874825
4234	0.03497234304624591
4235	0.03472783458969843
4247	0.035322058433187094
4328	0.032155884871775266
4332	0.03358030215263454
4422	0.017661029216593547
4571	0.05109244998325253
4670	0.07614496359627605
4846	0.20022183669938604
4858	0.08048855319187179
4915	0.02520258728089385
4972	0.021997262297530906
4980	0.026149285716992102
5009	0.04743157538017909
5041	0.04531912524331675
5110	0.020724103522384022
5194	0.06419187686734885
5232	0.02230162251910683
5299	0.04668092131862563
5600	0.0143437289558278
5630	0.028604635059280053
5675	0.020724103522384022
5686	0.05365903546124786
5704	0.039139363254325335
5709	0.07614496359627605
5722	0.04597873133907486
5726	0.08884234783656225
5802	0.1338878790152705
5830	0.06860340553197576
5856	0.020858428295415593
6014	0.07756520891910225
6055	0.05223879013842165
6184	0.010144685922373296
6194	0.04531912524331675
6365	0.09195746267814972
6419	0.06860340553197576
6449	0.048478222807321725
6454	0.016290347743959516
6501	0.02671315118373373
6570	0.1787889282964854
6579	0.04910876073874825
6671	0.023019256317318708
6849	0.012566216169561837
7020	0.09023151515485517
7023	0.05109244998325253
7297	0.05863400804755284
7313	0.03950821784625412
7362	0.015602044388399714
7377	0.03746217789575618
7394	0.022535613653984755
7577	0.05223879013842165
7596	0.10011091834969302
7600	0.07560776184268155
7604	0.11884421383932117
7619	0.04903860579697808
7643	0.03656741353640217
7726	0.07614496359627605
7767	0.03497234304624591
7790	0.07756520891910225
7897	0.024806901187278196
7898	0.029169965769902422
7912	0.08388055422652302
7913	0.12062921083289906
7996	0.012472014988726321
8009	0.020858428295415593
8082	0.06897740076582391
8096	0.053520289403375165
8156	0.07614496359627605
8159	0.03950821784625412
8178	0.04597873133907486
8193	0.03843717327477456
8413	0.1196700519476364
8430	0.030560814381619006
8551	0.016201890602898388
8676	0.04980896365438703
8721	0.013283133247743157
8746	0.07555513435803289
8783	0.023354057146173963
8927	0.05511026223465383
8938	0.026259745228382432
8968	0.023525401922324687
8980	0.06805128922029531
9033	0.13720681106395152
9045	0.03562640376968156
9117	0.027555131117326916
9151	0.035222472876423966
9215	0.026039936370229024
9254	0.14296269628376126
9309	0.03178066946796116
9315	0.03715567400982105
9322	0.07162921660989446
9337	0.06423885535638701
9432	0.05223879013842165
9441	0.010929653764543376
9457	0.057767258046099695
9486	0.05985366704109888
9499	0.02192248421335012
9516	0.02671315118373373
9541	0.04156720267444796
9543	0.1668301925719477
9545	0.09195746267814972
9659	0.02706605244667532
9740	0.04597873133907486
9856	0.03249205855542562
9923	0.03715567400982105
9949	0.01905645798767895
10094	0.02113215766146012
10103	0.10872479677727857
10164	0.14115241153394814
10207	0.03667277538891492
10213	0.016883543653353227
10329	0.07554403199605363
10361	0.06106184746767546
10426	0.035740674070940316
10506	0.10218489996650507
10509	0.053520289403375165
10745	0.044108971600702464
10751	0.032544503626123295
10855	0.06079439948642874
10878	0.047398976661901064
10940	0.053520289403375165
10953	0.02277474786077123
11167	0.06980815844249029
11183	0.04251390111054621
11186	0.018444113014287167
11318	0.028199116006640015
11493	0.05500916308337238
11594	0.025613208405571082
11620	0.029920619831455875
11779	0.03472783458969843
11988	0.038782604459551125
12391	0.015033548077400077
12394	0.04156720267444796
12417	0.02718627652539813
12437	0.06283592720186357
12441	0.05109244998325253
12548	0.03746217789575618
12610	0.050204617042167506
12614	0.04597873133907486
12620	0.028883629023049848
12631	0.07844785715097631
12676	0.011630035055133135
12681	0.048237882598471976
12785	0.044296756354084865
12869	0.01633484747233119
12887	0.026039936370229024
12963	0.033029378122848875
12964	0.023354057146173963
12994	0.04531912524331675
