173
t_index	tf-idf
73	0.07916589496056953
101	0.024569533630463453
114	0.036584236761210816
175	0.2099998208747399
178	0.15515162721786913
270	0.1370189641852797
308	0.12344831649553406
333	0.026644542859276338
334	0.0756312985768933
348	0.04127421190144245
413	0.034260875651832556
498	0.027951702100236262
518	0.05775499824326733
583	0.22614006894717467
586	0.05356291264545354
710	0.02189183253787759
713	0.03290059439950695
742	0.07488258880352665
778	0.1141216407454435
1040	0.0646943511397311
1140	0.24792023959089204
1190	0.022585159607236505
1252	0.02189183253787759
1279	0.04279561527954131
1283	0.20252004076505079
1309	0.029643686850757398
1417	0.037399026708648864
1458	0.1649778632804872
1720	0.017566664098091257
1917	0.01684120981557711
1984	0.03968591824437977
1989	0.06172415824776703
2078	0.04314316323147185
2160	0.03901844968580868
2209	0.0507428657613715
2287	0.02027584159420131
2294	0.1838764967177907
2323	0.027496310546747865
2347	0.04157085857846161
2666	0.11611855784882634
2782	0.029643686850757398
2821	0.02352715054224817
2947	0.047000514393894806
2948	0.07683945793448761
2972	0.015403816018771482
2976	0.024569533630463453
3084	0.03239847648970203
3335	0.030613702863776036
3356	0.06004047832299956
3403	0.026629530435367414
3432	0.017674832635829817
3503	0.03489365573559082
3569	0.02928108417267386
3594	0.049460669798981304
3632	0.031465470551247564
3737	0.030411857505322756
3826	0.03215675672555857
3839	0.017301359159225663
3858	0.015621846257839411
3859	0.05775499824326733
4021	0.03290059439950695
4073	0.042675345954108476
4086	0.03239847648970203
4111	0.034582862868275735
4126	0.12344831649553406
4276	0.01075448384937252
4650	0.03968591824437977
4682	0.02637633010721193
4915	0.022675382854776643
4980	0.0705814516267445
5110	0.01864598171824747
5117	0.024518039072205698
5158	0.029643686850757398
5246	0.012165640579437862
5272	0.028761183963588902
5315	0.09033782103775494
5485	0.03489365573559082
5487	0.09531351607561285
5697	0.040215190549021985
5732	0.04199996417494798
5802	0.0803081282210747
5841	0.05469820492700289
5899	0.02928108417267386
5907	0.050969674398394504
6161	0.026920311885789132
6184	0.009127421509047499
6313	0.24792023959089204
6407	0.02180852009405675
6449	0.02180852009405675
6563	0.050505550054234155
6591	0.03187096879129476
6608	0.030411857505322756
6857	0.04199996417494798
7039	0.01817695054563473
7180	0.03290059439950695
7226	0.01817695054563473
7227	0.03370563573066195
7275	0.019394561816056942
7319	0.037399026708648864
7341	0.016306681589701614
7362	0.014037540109716688
7439	0.01611932365887678
7597	0.030613702863776036
7616	0.0354587368970665
7664	0.05653501723679367
7753	0.03264631638725011
7897	0.022319374419490008
7913	0.031009441424398123
7962	0.047000514393894806
7996	0.011221376269343565
8009	0.018766836994788105
8043	0.022060615220127304
8058	0.025135538259863137
8491	0.036999413956001155
8551	0.029154472776725095
8560	0.035546507808461726
8617	0.03214607832202349
8752	0.03968591824437977
8783	0.021012215178530087
8813	0.036246030544522294
8824	0.02189183253787759
8892	0.03918380033457485
8921	0.028267508618396834
8938	0.047253067320899865
8940	0.07042928066015032
8999	0.027496310546747865
9045	0.016026972473354252
9241	0.06258132697029138
9270	0.045036118240993205
9322	0.021482184773524014
9328	0.022232359152664086
9374	0.019265755312127264
9787	0.01589005900990382
9836	0.1370189641852797
9847	0.20496758920871705
9856	0.01461694903131323
9949	0.017145560331187602
9950	0.12284766815231726
10063	0.01992743638497599
10110	0.020637105950721223
10198	0.03290059439950695
10219	0.02086044232343046
10419	0.036999413956001155
10421	0.020637105950721223
10714	0.28967006263461964
10725	0.035546507808461726
10744	0.021643992640329512
10794	0.026115270554634123
11167	0.06280810384378262
11206	0.044184350553521684
11210	0.013669483484525395
11244	0.29994198716780923
11315	0.2548483719919725
11386	0.027349102463501446
11437	0.026644542859276338
11492	0.04646983063325391
11592	0.0549388344028942
11699	0.10764091121756979
11716	0.041368186713148555
11786	0.06042818022225667
11841	0.011920899005404122
11894	0.0366154763917498
12033	0.036246030544522294
12133	0.04199996417494798
12148	0.02097979207661858
12291	0.014981804419810988
12478	0.036999413956001155
12485	0.0765544866690859
12620	0.025987305947334664
12762	0.05892141339929893
12887	0.02342876626625551
12963	0.05943467518182676
12964	0.14708550624971062
