41
t_index	tf-idf
53	0.14675973982612855
348	0.08438825395186131
1248	0.11493922914487997
1829	0.11973479096583663
1862	0.06948369057704251
1885	0.13248228061603928
1919	0.12688770363412788
1961	0.22465322029558443
2406	0.08751713747728772
2451	0.28014565543974146
2583	0.09385073847422415
3141	0.1921922266625517
3723	0.20461860004231336
3924	0.16916078515142732
4831	0.10473606304396074
5486	0.15463392120620642
5581	0.20225217497028564
5694	0.39448155559764786
6087	0.09540547099839854
6179	0.20842272347906807
6185	0.15827546058169073
6365	0.16916078515142732
7362	0.057401629010719483
7912	0.04408653429422481
8113	0.07340273075535247
8351	0.12688770363412788
8647	0.15293028833491099
8674	0.15129621122480832
8836	0.24530164882986832
9161	0.17450595739820707
9374	0.07878059335143348
9441	0.040211392493819345
9655	0.1622817344213172
9787	0.0649768595577212
10219	0.08530151022829265
10359	0.16916078515142732
10855	0.11183462494966637
11503	0.19571402462770118
11634	0.06442472210746658
11786	0.1235499936527298
12862	0.08205011024905699
