99
t_index	tf-idf
65	0.053807037753101264
99	0.06064922221845342
129	0.0556683350423123
277	0.06938491119446633
283	0.10768808725027879
423	0.15150771771478005
453	0.09336529158047624
554	0.0428785689892373
579	0.2070403273688858
580	0.13863409564317578
659	0.05699198410625671
779	0.09146418412055095
1248	0.0709293019056597
1408	0.08175516530670911
1616	0.027273873355004148
1646	0.15512255380992818
1862	0.0428785689892373
1917	0.04249755055226492
2030	0.0954250012262205
2182	0.115999693611826
2287	0.05116459046441482
2317	0.08054994064103156
2461	0.19577492055556883
2509	0.04326555662572417
2670	0.05610171818609783
2784	0.10951871761366196
3139	0.11149594903392852
3467	0.11149594903392852
3533	0.12859139770618622
3661	0.11860233072979817
3666	0.07014503903294199
3737	0.07674207885738181
3826	0.16229040662830563
3871	0.11149594903392852
4062	0.14574047733904544
4148	0.09437368488137009
4183	0.13447107654424567
4310	0.10430674245353512
4437	0.15575635979573424
4453	0.06723553827212284
4454	0.2837172076226388
4528	0.190850002452441
4708	0.028387400719989627
4840	0.10148006657723974
4936	0.09652305780371359
5232	0.05063333976176463
5250	0.09336529158047624
5279	0.03919903064004501
5465	0.12481035140283725
5760	0.09336529158047624
5924	0.07014503903294199
6066	0.07173928285002032
6175	0.10768808725027879
6432	0.03198261666611211
6456	0.12861821318648697
6460	0.06938491119446633
6840	0.11860233072979817
6871	0.09887742945926756
7019	0.0665587231790007
7140	0.10014448696219082
7341	0.04114870800772603
7358	0.08114520331415281
7589	0.02947898651667774
7913	0.01956250944798437
7996	0.0283163151872455
8015	0.04379115529641246
8030	0.15575635979573424
8241	0.08505368521892903
8440	0.0709293019056597
8444	0.0762430274279178
8623	0.07730741188551997
8658	0.12481035140283725
8721	0.060315736961070884
8794	0.06857933420657945
8797	0.03964412746724693
8800	0.0665587231790007
8930	0.05263978727719531
9076	0.058874968157018585
9125	0.0534117940317843
9338	0.2641546981746544
9374	0.048615712248142796
9435	0.15880158730231028
9781	0.04249755055226492
9802	0.0734435589451619
9969	0.06901344245629526
10178	0.0709293019056597
10219	0.05263978727719531
10358	0.061180472921103624
10760	0.0709293019056597
11474	0.05654284072231191
11564	0.053807037753101264
11590	0.048136042699297825
11700	0.1059838111551372
12297	0.13863409564317578
12324	0.08368098733155915
12426	0.08175516530670911
12469	0.05768139272786047
12505	0.08054994064103156
12532	0.04432818091564809
