96
t_index	tf-idf
73	0.04398191510043344
86	0.06507035176057194
112	0.06177352012187734
334	0.08403642388180545
413	0.025378924008222375
575	0.06758323065819162
638	0.04602531730219303
746	0.06177352012187734
1039	0.0906122721963086
1040	0.028753608717213323
1181	0.06467837539003447
1392	0.1044476354257644
1407	0.09333508372431688
1671	0.0797571684699477
1680	0.06391499530976386
1742	0.12208869244153021
1964	0.06281791747693044
2217	0.054600034155137846
2271	0.06758323065819162
2322	0.08311057777382087
2496	0.07490288134053048
2583	0.10200711950546874
2591	0.09583634299654904
2703	0.07825629064440368
2924	0.07855635195338867
2940	0.06895763080189224
3085	0.05184848537064015
3134	0.058323210435073256
3272	0.03623778070621323
3314	0.04959958231012126
3403	0.029588947294945406
3609	0.06714373894295615
3723	0.22240159562825987
3916	0.08403642388180545
3923	0.04902455059256182
3924	0.09193110628170377
4008	0.04505830921409612
4376	0.10700989936161699
4646	0.12208869244153021
4831	0.22767693196984048
5093	0.07754297755976343
5486	0.08403642388180545
5487	0.052952991613994436
5503	0.15224627860135664
5600	0.028679235653323042
5639	0.07490288134053048
5694	0.21438258152653888
5749	0.09333508372431688
6009	0.04553644054872465
6087	0.1036969707412803
6144	0.08819265860767053
6184	0.02028355660460832
6309	0.06895763080189224
6418	0.10991475462977414
6465	0.08819265860767053
6540	0.12834695701356053
6848	0.0805483138379683
6849	0.025125229004765708
7286	0.07685231320179055
7362	0.031195145214084844
7394	0.04505830921409612
7494	0.0906122721963086
7677	0.025062264850827316
7912	0.04791800731081156
7913	0.034455610480221124
7955	0.5133878280542421
8617	0.03571856512896927
8836	0.22218360606319995
8908	0.09818937085373408
9242	0.04428406023527367
9456	0.06467837539003447
9486	0.039891008051286855
9656	0.13014070352114387
9720	0.10215561223219978
10103	0.02717340865246499
10219	0.04635744741765787
10358	0.05387883772197903
10359	0.09193110628170377
10370	0.15224627860135664
10426	0.0714608605088463
10796	0.03880004464206581
10804	0.06354312129703972
10854	0.12834695701356053
10855	0.06077697489414561
11015	0.06077697489414561
11503	0.0531807853184269
11659	0.018031949771947286
11699	0.02990083937573406
11766	0.086015433041978
12144	0.06354312129703972
12148	0.023311337145829607
12222	0.1132681639336473
12312	0.10008222504981558
12571	0.07754297755976343
12676	0.023253403423177128
12754	0.15224627860135664
