148
t_index	tf-idf
111	0.0425687526340442
413	0.018431206245909017
478	0.039670769033613454
493	0.029996116774356124
535	0.05909370828930833
796	0.06887373027667675
1181	0.046972065327822
1303	0.06887373027667675
1392	0.22756235565456703
1407	0.06778373179039139
1447	0.039301667316023775
1488	0.07585411855152234
1616	0.01744346515030086
1646	0.03307041414309768
1720	0.02835083484159639
1813	0.046972065327822
1862	0.027423711114406116
1964	0.045620925165333455
2004	0.048142875814880956
2088	0.050782115137527145
2224	0.03588079893579343
2235	0.05631486235834318
2248	0.05228789319075612
2249	0.06246790392745726
2322	0.12071655990377417
2406	0.06908224579912803
2453	0.060358279951887084
2483	0.051145319908183634
2496	0.054397517166326306
2498	0.01548141713655769
2583	0.0740817166853589
2703	0.05683289931596402
2794	0.026090025868252077
2805	0.04940744747745971
2924	0.08557622405366937
2976	0.03965276424725423
3085	0.037654477671892464
3199	0.05309826116115715
3244	0.051145319908183634
3272	0.026317349383049
3403	0.021488696290503977
3609	0.09752502510966612
3717	0.04974006421977233
3723	0.1615170791762354
3768	0.04037926979405885
3815	0.043222585733027986
3839	0.027922659266402493
3873	0.05485548290440929
3985	0.0632387256651835
4008	0.032723175732268475
4100	0.07130911242631445
4179	0.06778373179039139
4332	0.02438039064201462
4466	0.048142875814880956
4518	0.06580631537883666
4614	0.07982456275110413
4831	0.28935942501430123
4861	0.049081689303392184
4972	0.03194145457244422
5042	0.05581327382667919
5051	0.22113487239763213
5078	0.04075544736826713
5158	0.04784193887404858
5236	0.07585411855152234
5387	0.07130911242631445
5419	0.045882066841536645
5487	0.03845661500303233
5600	0.041656053434745176
5612	0.051517071453029896
5835	0.060358279951887084
6056	0.09321077737516921
6087	0.07530895534378493
6144	0.06404909363558452
6373	0.04173704946566148
6375	0.05485548290440929
6412	0.05189778172321088
6430	0.0286134233525187
6454	0.04730928743722873
6464	0.0539524536026676
6497	0.042356686205613586
6608	0.049081689303392184
6802	0.06404909363558452
6848	0.0584974597278755
6983	0.06580631537883666
7198	0.027588282516100026
7343	0.036305902027176706
7394	0.032723175732268475
7494	0.06580631537883666
7589	0.03770756483882477
7616	0.0286134233525187
7662	0.04114080090422863
7677	0.018201235493890012
7815	0.043446684691898926
7892	0.04413870969917823
7912	0.05220000710150706
7955	0.27963233212550764
8153	0.06580631537883666
8351	0.2503991727795767
8499	0.07418955813961087
8617	0.05188054785038764
8676	0.03616292628482472
8836	0.419532792361808
8893	0.03734468908546231
8915	0.0584974597278755
9117	0.08002368266715033
9374	0.031092997731542945
9422	0.05228789319075612
9430	0.0584974597278755
9441	0.047611702923398634
9443	0.043446684691898926
9550	0.05683289931596402
9656	0.04725673450160408
9899	0.045364029883915816
10045	0.07982456275110413
10093	0.0409469492487835
10103	0.039468867877589055
10219	0.033666662704530524
10350	0.0632387256651835
10352	0.04784193887404858
10358	0.039129002081487965
10359	0.06676410630110657
10547	0.0584974597278755
10717	0.0539524536026676
10796	0.02817816960706059
10804	0.04614759765839994
10855	0.08827741939835645
10894	0.030386228241901375
10953	0.03307041414309768
10999	0.059713345029260435
11015	0.08827741939835645
11161	0.06676410630110657
11179	0.061030667030342704
11207	0.08225994490074183
11318	0.12284084774635048
11503	0.1931102402540335
11634	0.05085409116955563
11687	0.12493580785491452
11748	0.042356686205613586
11752	0.05351958510847158
11786	0.04876251255483306
11857	0.061030667030342704
11883	0.04486244135225182
11977	0.09321077737516921
12148	0.03385928124167153
12239	0.05736850015722204
12409	0.05189778172321088
12675	0.02879093883475308
12862	0.03238340539612548
