139
t_index	tf-idf
6	0.09477762482341826
76	0.03310373044869871
135	0.05048443109819719
208	0.02540963749999786
264	0.06183997589559199
283	0.06649820596029304
334	0.058925657863664944
754	0.06183997589559199
847	0.05087062383275763
1181	0.045351951491548616
1328	0.07163068556694162
1616	0.01684182247086313
1624	0.05126684866121978
1660	0.0445559205423233
1751	0.0654458026194803
1813	0.045351951491548616
1820	0.10675385397762141
1863	0.0961807267432492
1964	0.04404741351392709
2044	0.15884543312283128
2046	0.08560759950887699
2078	0.022409058362253736
2082	0.05538980281397544
2293	0.04239033482256858
2316	0.05087062383275763
2325	0.21350770795524282
2397	0.028413420880633228
2417	0.10675385397762141
2510	0.0961807267432492
2583	0.10728984550957246
2643	0.08220381280131384
2703	0.05487267538510808
2924	0.027541537968902314
3041	0.0327419633370159
3042	0.0796712411686637
3047	0.03916706854408729
3272	0.02540963749999786
3316	0.07503447227450477
3403	0.02074752951529937
3609	0.09416128878126813
3723	0.15594619246002178
3724	0.11185015745184167
3789	0.05167364072129796
3897	0.08809482702785418
4020	0.04284570589895328
4090	0.07163068556694162
4099	0.03322625157509916
4403	0.16440762560262767
4474	0.06884958932704342
4518	0.19060976787393905
4595	0.17056306825462042
4666	0.05209157914520988
4669	0.053418833133325495
4716	0.04029749659838542
4831	0.23946782318294982
4861	0.04738881241170913
4870	0.07503447227450477
5049	0.057653771625006275
5054	0.025632324640735026
5078	0.07869950189170094
5102	0.10675385397762141
5110	0.08716444857636882
5210	0.03728993471928442
5297	0.22155921125590175
5485	0.05437250604384358
5694	0.05010777496802849
5712	0.03322625157509916
5802	0.020856485680176493
5995	0.07241090375021447
6087	0.036355736817128594
6184	0.014222665143658098
6432	0.0394990139488566
6454	0.02283877123540156
6526	0.03227257866458107
6591	0.024831225142459022
6646	0.1473002470578454
6652	0.058925657863664944
6667	0.04010317806955882
6802	0.06183997589559199
6834	0.038457461612042394
6854	0.05647982343212077
6922	0.10675385397762141
7106	0.0654458026194803
7162	0.11920743216157366
7275	0.0302212796948545
7362	0.02187378245030834
7416	0.04331509057138812
7562	0.029148686015915
7677	0.03514691310438181
7794	0.042167647681831406
7817	0.06183997589559199
7912	0.03359971752578122
7913	0.024159994212709455
8013	0.05487267538510808
8113	0.02797125084205014
8115	0.08999584379578786
8305	0.039534647733656274
8433	0.03505367490447926
8490	0.05827646209267122
8617	0.025045567754417134
8742	0.058925657863664944
8752	0.06183997589559199
8836	0.15579333994756078
8856	0.03650751715626185
8951	0.10675385397762141
8968	0.03298218559662595
9374	0.030020568927645912
9397	0.04590669619774855
9441	0.03064635156153877
9454	0.05538980281397544
9577	0.04738881241170913
9627	0.4124796050456547
9656	0.04562680213885148
9779	0.05209157914520988
9787	0.02476044172900411
10093	0.039534647733656274
10103	0.019053773438726485
10172	0.03728993471928442
10204	0.026959578628850647
10219	0.06501093120782281
10350	0.12211511666513881
10352	0.04619182222316157
10354	0.0961807267432492
10518	0.07163068556694162
10736	0.06762863401459118
10804	0.0891118410846466
10894	0.029338176629452765
11015	0.08523264230372285
11018	0.04835253062929274
11489	0.10675385397762141
11503	0.07457986943856884
11988	0.05437250604384358
12391	0.06323028288763176
12530	0.16440762560262767
12571	0.05437250604384358
12577	0.042616321151861425
12582	0.04151845191083766
12885	0.047703334858299
12910	0.04738881241170913
