31
t_index	tf-idf
567	0.13917428382228664
684	0.4395565142394873
749	0.1447895187872519
1710	0.4152656835193456
2302	0.11020783784642481
2545	0.12595408891320664
2818	0.0909333472252522
2845	0.10031867702306557
2900	0.08683565192866376
3533	0.0641344947384687
4716	0.1301893785148711
5024	0.19256210456620212
5077	0.12595408891320664
5446	0.1341339266069468
5788	0.21483617686244363
5789	0.31073168550906854
5938	0.15210373722177783
6009	0.10315575057746972
6184	0.04594925472249204
7047	0.137680819745346
7280	0.137680819745346
7760	0.205268063056852
7761	0.21483617686244363
8553	0.10694843246943975
8676	0.11280214961466997
9449	0.10896016252305506
10158	0.21548659433627515
10367	0.15515299071127828
10422	0.17110939366554473
11210	0.0688148978254979
12676	0.052676982537356476
