213
t_index	tf-idf
112	0.041281974311452405
186	0.053300077014139566
208	0.024216964311997127
229	0.05005605666073178
323	0.037328651427545434
376	0.02760212963889762
493	0.02760212963889762
557	0.025010789278687908
643	0.030323776979141098
715	0.05005605666073178
778	0.021185178648673895
874	0.0668828947320466
898	0.11108218310692478
904	0.07345377223320898
1036	0.06958786720927368
1039	0.06055431980774522
1058	0.06055431980774522
1162	0.04608296787565068
1190	0.033541097934642
1202	0.047755824857967026
1233	0.05494762882370625
1257	0.20348611993732124
1258	0.0256166193576153
1279	0.021185178648673895
1344	0.0668828947320466
1377	0.0756947867725318
1387	0.034223750012079175
1460	0.03263623057167492
1616	0.016051303908838452
1636	0.0284226631486958
1681	0.035236744021729875
1720	0.026088157495696925
1786	0.03750275911420289
1850	0.07345377223320898
1862	0.050470054844341646
1917	0.025010789278687908
2109	0.05047747219821051
2214	0.03569346696715
2226	0.08542615636241924
2313	0.052789925790744326
2347	0.061736656417543126
2363	0.0681692621482753
2386	0.022685252303173493
2498	0.02849169350897015
2509	0.02546277857732804
2581	0.0768120392891089
2654	0.044300597621613876
2721	0.0668828947320466
2788	0.07017527377644522
2818	0.02682544428522026
2835	0.04740549903708014
2911	0.03553962618686274
2966	0.03263623057167492
3321	0.10174305996866062
3533	0.0567592539326358
3578	0.05182037872117299
3628	0.04608296787565068
3727	0.039171344664705315
3755	0.0897415624283431
3839	0.02569415457113119
3855	0.04706341694653837
3883	0.05091146914545248
3885	0.13123587832599418
3891	0.10174305996866062
3946	0.07140470946492841
3980	0.03878364654027052
4008	0.03011154228905655
4083	0.04972639189864728
4087	0.04151092106002072
4094	0.042965916172745804
4111	0.051358821920987105
4197	0.04516448449775732
4287	0.02538646439644924
4422	0.09439296152109648
4475	0.0756947867725318
4487	0.07330470380688497
4669	0.05091146914545248
4682	0.039171344664705315
4745	0.06445429284068328
4889	0.09166621235912593
4899	0.05091146914545248
4973	0.049646513576402956
5117	0.018205803367950024
5282	0.06561793916299709
5495	0.054377445231148576
5496	0.053828783208878246
5501	0.10174305996866062
5524	0.03166668350210358
5585	0.054377445231148576
5600	0.01916574394945766
5631	0.045770314576684706
5648	0.10174305996866062
5675	0.02769104623457681
5712	0.03166668350210358
5747	0.04516448449775732
5765	0.04692850065021458
5849	0.05047747219821051
5873	0.11638329835422806
5995	0.034506046611616374
6013	0.03251144166749503
6065	0.20348611993732124
6212	0.10174305996866062
6260	0.17182106557580937
6264	0.10174305996866062
6343	0.04402367842849052
6373	0.03840601964455445
6417	0.03956966596686825
6432	0.03764501603608542
6454	0.021766768925280133
6531	0.03785735762228411
6585	0.027961106348509915
6675	0.06445429284068328
6854	0.053828783208878246
6910	0.0668828947320466
6911	0.06826849678664873
7158	0.10174305996866062
7202	0.3970090280134837
7226	0.026994490586151672
7244	0.06980020879547237
7593	0.045770314576684706
7625	0.062373918809589306
7663	0.062373918809589306
7677	0.016748596675685557
7717	0.050021578557375816
7756	0.0756947867725318
7794	0.040188389898591255
7913	0.02302597656606834
7927	0.04706341694653837
8015	0.02577210552504415
8043	0.0327620999127082
8110	0.05748234664661484
8219	0.09166621235912593
8232	0.08158936474959123
8349	0.06980020879547237
8399	0.0118991021631396
8486	0.041979923605861835
8487	0.09166621235912593
8595	0.042965916172745804
8623	0.022748598015920538
8656	0.03569346696715
8676	0.0332767666876459
8703	0.09166621235912593
8721	0.05324580479527354
8794	0.010090130221764387
8798	0.0321433759809852
8879	0.04458289422115108
8893	0.03436421311516187
9048	0.05047747219821051
9051	0.11635093962081156
9054	0.06337692462367427
9099	0.09166621235912593
9201	0.06055431980774522
9241	0.030979729658671396
9336	0.041281974311452405
9391	0.017481026841233052
9394	0.04848286725408915
9471	0.11198595428263632
9481	0.04322322940460486
9549	0.062373918809589306
9550	0.052297071200054605
9781	0.050021578557375816
9806	0.031205126701917697
9904	0.13290179286484163
9949	0.02546277857732804
9954	0.04061600361057191
10157	0.10174305996866062
10164	0.031434073450486
10177	0.045770314576684706
10184	0.07397313867400734
10213	0.022559382962140214
10358	0.03600612026611598
10367	0.045770314576684706
10556	0.031434073450486
10636	0.1489395407292089
10744	0.0321433759809852
10760	0.04174353111163829
10768	0.042965916172745804
10769	0.039171344664705315
10794	0.03878364654027052
10815	0.04402367842849052
10855	0.04061600361057191
10894	0.027961106348509915
11026	0.05554109155346239
11050	0.053151008587815574
11052	0.053828783208878246
11097	0.04402367842849052
11245	0.05494762882370625
11353	0.028329172035019747
11371	0.10174305996866062
11438	0.10831902650293328
11530	0.03878364654027052
11560	0.0756947867725318
11634	0.02339771557247719
11659	0.02410076310374605
11726	0.10174305996866062
11887	0.10095494439642103
12148	0.031156975329269865
12161	0.05182037872117299
12353	0.05615981548518538
12425	0.059804722883324744
12481	0.07151251714005652
12518	0.07017527377644522
12718	0.03263623057167492
12746	0.1566906887923669
12776	0.03166668350210358
12811	0.04886049414980523
12840	0.029594127604069265
12843	0.04706341694653837
12869	0.04365245677358486
12910	0.04516448449775732
12958	0.05092555715465608
13001	0.03897620323711213
13002	0.09327597407983274
