189
t_index	tf-idf
67	0.08626521629802773
76	0.026496519867496376
208	0.02033809953497371
218	0.036972344767868086
376	0.046362116468499026
478	0.04598647288664228
493	0.046362116468499026
741	0.10476680336910318
744	0.027837279829429726
763	0.04313260814901387
885	0.07203347268739406
926	0.0833891252159208
927	0.14406694537478812
988	0.13300347037850827
1042	0.0685210829852198
1248	0.07011482362132258
1258	0.08605427955916227
1329	0.05085525037968674
1334	0.045206952310134656
1428	0.02639923428837626
1471	0.12714129548398415
1813	0.036300104774831705
2028	0.0685210829852198
2255	0.043520236756063264
2342	0.10031477510672476
2354	0.061688579611037644
2425	0.06357064774199207
2458	0.07203347268739406
2467	0.040106708125053465
2508	0.03505741181066129
2542	0.05015738755336238
2727	0.028860049417134142
2781	0.023181058234249513
2788	0.029467601400649544
2948	0.03194536209157338
2996	0.03587166518076744
3047	0.03134966953160399
3204	0.09655063884481588
3251	0.041360040981470794
3447	0.042392425434284765
3494	0.032571616058190034
3687	0.060058258039817826
3688	0.11234033735381538
3736	0.10319086618883169
3756	0.0372049094295791
3857	0.054130559320383055
3874	0.045206952310134656
3888	0.04827531942240794
3998	0.028281302419330703
4013	0.027200129587586833
4014	0.0705118819821393
4060	0.037930426346051524
4074	0.030106976567433573
4125	0.08544673287602375
4186	0.10020749863549673
4247	0.019818477473928724
4257	0.05862021249876435
4333	0.2402330321592713
4466	0.11161472828873731
4566	0.05733383692777931
4618	0.05617016867690769
4669	0.04275690848827799
4708	0.014030714676969485
4787	0.05733383692777931
4915	0.028281302419330703
5042	0.04313260814901387
5078	0.03149589014849976
5110	0.023255732935419163
5213	0.02762118081496231
5279	0.019374454884027753
5412	0.09723604623576475
5765	0.0591178463754629
5810	0.05075465980216371
5909	0.10890031432449512
5995	0.028979165245655056
6292	0.25564068371845666
6396	0.03744199019105704
6430	0.02211251002939892
6435	0.05238340168455159
6442	0.021067228128910896
6449	0.027200129587586833
6475	0.060058258039817826
6521	0.038970141495921894
6531	0.09538107636451487
6573	0.05085525037968674
6629	0.07698390793062178
6646	0.019650071002842457
6671	0.025831258597474042
6685	0.037930426346051524
6796	0.027304038943123658
6801	0.03818217290578615
6832	0.08544673287602375
6849	0.01410128872076095
7015	0.029343648299648296
7072	0.08272008196294159
7198	0.021320279168114756
7343	0.02805727272866326
7362	0.017507969748910016
7476	0.05862021249876435
7532	0.05085525037968674
7600	0.05656260483866141
7604	0.03810344792797733
7617	0.03429408354287602
7663	0.05238340168455159
7753	0.04071729913175336
7843	0.19091086452893072
7886	0.11610538490049338
7893	0.054130559320383055
7917	0.0551078227965901
7927	0.0395252041495753
7996	0.013995580046735765
8009	0.02340646664724699
8551	0.07272436957341316
8563	0.09899453189798796
8573	0.060058258039817826
8650	0.06357064774199207
8676	0.027946780792841092
8707	0.03768376592493686
8802	0.08544673287602375
8806	0.06579666187318128
8814	0.05238340168455159
8820	0.10826111864076611
8915	0.045206952310134656
8944	0.051595433094415846
9096	0.08544673287602375
9117	0.12368491975015884
9203	0.19738998561954388
9211	0.057250496839130964
9215	0.02922094097953488
9266	0.052035326744277244
9291	0.08544673287602375
9363	0.060058258039817826
9368	0.03273333068170914
9391	0.014681066515608408
9457	0.03241201541192158
9461	0.05524236162992462
9462	0.037930426346051524
9473	0.043520236756063264
9528	0.018789148777752066
9620	0.03608400576036429
9689	0.0763643458115723
9736	0.0685210829852198
9806	0.026206958258209914
9807	0.1909613260257665
9847	0.07304019534813047
9856	0.03646124598204358
9906	0.05733383692777931
9923	0.0416945626079604
10050	0.0891580438811525
10051	0.12011651607963565
10072	0.06579666187318128
10085	0.0685210829852198
10103	0.015250809489654868
10167	0.036972344767868086
10204	0.021578686180570683
10207	0.020576336861183302
10329	0.021193098064138653
10342	0.0395252041495753
10667	0.05322575466563566
10714	0.030106976567433573
10744	0.026994926848345664
10976	0.05015738755336238
11096	0.05862021249876435
11122	0.34862059233778236
11179	0.0471646199122331
11229	0.0372049094295791
11474	0.027946780792841092
11519	0.054608077886247317
11530	0.032571616058190034
11538	0.04433449012616941
11564	0.026594586865259316
11594	0.05748416896835426
11659	0.020240510435487614
11812	0.03375135972360341
11841	0.014868042230701001
11971	0.0471646199122331
12066	0.061688579611037644
12144	0.03566295453298881
12249	0.05015738755336238
12298	0.04071729913175336
12391	0.06748010668489113
12405	0.18150052387415852
12489	0.0685210829852198
12628	0.036520097674065236
12636	0.02772875222079073
12724	0.06357064774199207
12869	0.03666058220053141
12871	0.0471646199122331
12881	0.045667734374981075
