172
t_index	tf-idf
105	0.07365018312575888
194	0.16976913933621893
289	0.06156524905752326
376	0.0497837821461777
412	0.028141111752893494
471	0.05812555978732572
478	0.03292027661442416
554	0.022757213375807238
557	0.022554993057482868
608	0.06624138504008344
643	0.027346301295017233
708	0.034975500721405546
778	0.03821003423906672
806	0.053859155819053546
924	0.04155810554084342
945	0.053859155819053546
949	0.024732975704610884
1046	0.044062907973604494
1258	0.023101337000169447
1500	0.22048341350728812
1503	0.14563009004320704
1537	0.03350821684305017
1616	0.028950469670774956
1641	0.05715397778788448
1666	0.04955235010115831
1669	0.025297816915953005
1690	0.03366337081216873
1806	0.03366337081216873
1813	0.03897916328348659
1832	0.03366337081216873
1996	0.1485440989217954
2021	0.04760651079211916
2072	0.0917529625182861
2167	0.03335487758185579
2393	0.041276151504567336
2418	0.034804121060392525
2420	0.04854336334773568
2441	0.045521115799415125
2456	0.04903815253512677
2498	0.02569410913546605
2508	0.03764475578626022
2548	0.06294656307125249
2670	0.029775218753939653
2709	0.05143342761638715
2727	0.06198001827145852
2821	0.031509299091561575
2863	0.12313049811504652
2920	0.22073444404166465
2948	0.03430302730092642
3041	0.05628222350578699
3089	0.09182499763015677
3107	0.13990200288562218
3272	0.04367822669201749
3310	0.04760651079211916
3442	0.18076791046699414
3496	0.023312232014913493
3568	0.045521115799415125
3588	0.03024771520108905
3635	0.04046494284895937
3694	0.04673216303845915
3702	0.03305347678199836
3727	0.07065026194255689
3755	0.04046494284895937
3846	0.04155810554084342
3874	0.09708672669547136
3937	0.03643370854721618
4013	0.1168303286288746
4021	0.044062907973604494
4162	0.1546995255895386
4210	0.08882507644695477
4213	0.08266555526608717
4307	0.03205000901723954
4371	0.044412538223477384
4377	0.05247784180532432
4776	0.20991136722129727
4805	0.0917529625182861
4809	0.030863338030728896
4841	0.11080666701898065
4956	0.044412538223477384
4972	0.07951861375066581
5077	0.03350821684305017
5078	0.03382038295680982
5117	0.016418185127804696
5190	0.053859155819053546
5246	0.04887937537989456
5251	0.05064551279304236
5294	0.06610695356399672
5310	0.03651778808563658
5315	0.03456773929880472
5419	0.03807464208180751
5422	0.0917529625182861
5429	0.028987234829608566
5483	0.043066705577486736
5584	0.06294656307125249
5688	0.025297816915953005
5765	0.0211603079488901
6184	0.012224117567781247
6349	0.12825233419310306
6369	0.04673216303845915
6655	0.08266555526608717
6671	0.027737684310680497
6807	0.04484378367872527
6849	0.0757100343048083
7113	0.2731266947964907
7135	0.028452043892594415
7212	0.1343152457005638
7431	0.13323761467043216
7597	0.04100013378597352
7677	0.03020812158571641
7886	0.04155810554084342
8085	0.06031569853859519
8113	0.024040772622955644
8312	0.053932528654243285
8399	0.09657662032190593
8433	0.030127985077832355
8617	0.021526202135071924
8655	0.12300040135792056
8794	0.00909938565173234
8808	0.04275077806436768
8810	0.03851910353992021
8897	0.0773497627947693
8927	0.033203311068602345
8938	0.03164240030968181
8968	0.028347578340850863
9014	0.09871600672324472
9187	0.0706526563097222
9211	0.030737879108002724
9337	0.025802123604580448
9338	0.04673216303845915
9461	0.059319416500175366
9469	0.12313049811504652
9620	0.038747115502286635
9712	0.08266555526608717
9884	0.247656909027404
9899	0.07528951157252044
9986	0.03261398230912305
10020	0.044412538223477384
10258	0.04806657053568554
10311	0.051228291286396256
10480	0.06795859665057559
10559	0.08266555526608717
10678	0.04046494284895937
10700	0.039701016639469816
10976	0.053859155819053546
11081	0.054608523051614066
11090	0.10630063045160687
11242	0.16533111053217434
11263	0.10921704610322813
11353	0.07664263667823308
11468	0.04372236006380891
11471	0.0773497627947693
11474	0.03000933849996058
11530	0.034975500721405546
11659	0.04346864374633993
11748	0.035149150377641505
11812	0.03624231306952556
11830	0.05812555978732572
11841	0.015965349119820976
11939	0.0917529625182861
11974	0.06826235554257035
12066	0.06624138504008344
12148	0.014048844169077609
12391	0.054345258364402224
12423	0.06172667606145779
12509	0.11555731061976064
12626	0.021588189755881046
12686	0.04072980756188076
12727	0.04854336334773568
12773	0.053859155819053546
12822	0.06449074076168927
12862	0.05374590356210106
12880	0.03807464208180751
