100
t_index	tf-idf
342	0.05848255558774367
493	0.043644033763681554
557	0.07909329794590264
638	0.04863368665028702
643	0.047947457809738775
715	0.07914781415630603
719	0.11614389749471456
1036	0.11003119200426398
1040	0.030383147328161556
1075	0.11307441684456686
1233	0.08688228767089635
1428	0.04970304034329755
1616	0.025380057948906787
1786	0.05929874638023969
1917	0.03954664897295132
1996	0.03720697434990023
2063	0.06419755717360343
2224	0.05220618428717435
2226	0.06753721726110748
2275	0.053894058497788624
2313	0.16694112619097937
2409	0.1608744543477134
2443	0.28988221702666245
2456	0.08598072274490545
2498	0.022525298767845776
2757	0.09443359719629642
2818	0.04241595164671758
2863	0.10794502517492269
2948	0.12028997534355226
3432	0.0415041680235057
3496	0.0408743489266526
3533	0.05983119968024485
3536	0.06014498767177613
3756	0.07004737691052326
3885	0.20750801404086325
4276	0.05050751131703482
4310	0.032354665745177875
4391	0.07607833350615832
4422	0.07462629973802924
5494	0.08982078814318661
5675	0.043784627223488574
5849	0.07981414947850315
6260	0.2716806451316219
6366	0.1608744543477134
6430	0.04163222940775628
6432	0.059523680687229165
6449	0.051210922387624404
6531	0.11971886342728755
6671	0.04863368665028702
7202	0.24144005789780032
7341	0.03829146598156786
7677	0.05296521162467079
7892	0.06422135741394225
7912	0.025316820057524416
7913	0.018204147865370342
8015	0.08150085941999897
8087	0.1103669430306786
8361	0.0524105141571858
8399	0.03762932957417281
8576	0.06388080364412095
8614	0.12900776267894903
8656	0.0564379233717476
8676	0.05261667660654371
8721	0.0280637971618015
8783	0.0493410335070381
8794	0.031908696165098976
8796	0.18402335868108102
9241	0.04898463940649694
9251	0.07237126920612978
9481	0.06834385999156799
9541	0.08782066118604945
9904	0.14009475382104652
10178	0.0660041853685169
10182	0.0714133406417157
10185	0.12513381105506405
10335	0.11307441684456686
10556	0.14910912102989266
11050	0.04202075064004005
11080	0.05595396951728506
11210	0.06419755717360343
11353	0.04479362125200586
11438	0.12845419842028388
11473	0.14494110851333122
11590	0.04479362125200586
11620	0.06321446832192384
11659	0.019053865270382678
11738	0.11614389749471456
11767	0.05261667660654371
11800	0.0851131873721612
11801	0.11968735285481381
12148	0.024632448673970436
12257	0.07388744230880442
12425	0.14184336746262496
12438	0.11968735285481381
12509	0.20261165178332247
12518	0.11095998961466702
12532	0.0412501658919066
12582	0.06256690552753202
12862	0.047117513547612386
13002	0.24581072881804225
