209
t_index	tf-idf
73	0.05319932542404141
96	0.07090177024864937
230	0.024506914832843806
242	0.04087341663935134
264	0.05333771772519535
412	0.028240334394485637
441	0.06647494529399642
478	0.016518175047841057
556	0.03216301402520322
660	0.023754905409136384
674	0.068503041528885
708	0.03509882070972225
778	0.019172379428560416
804	0.04921105597533409
924	0.041704635111086984
1040	0.017389790596538966
1082	0.04871452221258168
1258	0.023182789918646682
1353	0.04530024159400429
1458	0.03695493301668646
1500	0.07375360505249942
1537	0.20175818004348214
1560	0.032874353916872934
1616	0.014526273012224472
1626	0.068503041528885
1644	0.044218269217458805
1669	0.050774028789643044
1681	0.06377781725753359
1703	0.04777436641201283
1708	0.07383757693316839
1720	0.02360952732068902
1743	0.06471812842543184
1793	0.06178232174091281
1800	0.08118403373559355
1806	0.03378206436650338
1976	0.08518386385758
1985	0.07762249003662156
1996	0.10647703572102449
2021	0.04777436641201283
2078	0.019328080454483434
2112	0.06144309959820982
2164	0.2541204180941177
2167	0.1338899336842138
2180	0.0631685061246016
2283	0.044218269217458805
2531	0.09295846281991747
2709	0.025807388274061323
2722	0.07762249003662156
2760	0.03865491790427628
2781	0.024979657299533043
2794	0.04345361834849559
2821	0.031620397612403074
2923	0.052020961381976476
2972	0.0207026680254886
3042	0.02290579899020225
3050	0.04087341663935134
3089	0.04607438152442301
3196	0.058330504483070644
3272	0.06574834738435098
3440	0.04777436641201283
3442	0.060468426457428545
3537	0.08580302574847985
3588	0.03035436550796864
3609	0.04060761804092069
3710	0.07383757693316839
3739	0.11270093240986961
3980	0.03509882070972225
4197	0.04087341663935134
4211	0.056447786336629426
4255	0.034589470011579415
4332	0.02030308815129422
4371	0.04456913222733341
4377	0.05266287323317626
4427	0.052020961381976476
4592	0.06052836543644295
4633	0.04777436641201283
4835	0.20329633447529413
4949	0.0259793722019857
4995	0.06647494529399642
5117	0.04942822183762184
5213	0.029764285305438863
5246	0.032701145992212625
5261	0.0631685061246016
5262	0.068503041528885
5294	0.06634003982646659
5310	0.03664654601925256
5315	0.08672405390658328
5429	0.05817888162683955
5688	0.050774028789643044
5689	0.03756697746995653
5712	0.028658038783376878
5765	0.042469834000464175
5901	0.14180354049729874
5905	0.07090177024864937
6184	0.06133609269295372
6217	0.09647209655704662
6349	0.08580302574847985
6367	0.07090177024864937
6606	0.03148816953318413
6646	0.02117470369999213
6657	0.13700608305777
6677	0.0631685061246016
6769	0.068503041528885
6782	0.03843001357059186
6807	0.022500949104666525
6849	0.01519539600681147
6883	0.03843001357059186
6901	0.08775304114210142
6946	0.044218269217458805
7032	0.14180354049729874
7113	0.045681618532835935
7132	0.068503041528885
7135	0.028552362848665105
7157	0.1210567308728859
7176	0.0832085672116508
7275	0.026066214650210227
7589	0.03140146620842002
7616	0.07148460397948116
7617	0.07390986603337292
7640	0.03393963011968311
7641	0.03959507370484513
7677	0.015157316144807179
7717	0.022634519623878236
7804	0.10960213408114497
7913	0.02083828353580755
7996	0.015081485484519793
8211	0.05266287323317626
8312	0.027061344578531182
8399	0.08614856841726815
8413	0.04823604827852331
8486	0.07598284037165237
8617	0.04320420258273672
8794	0.00913146914186445
8894	0.04823604827852331
8968	0.028447528962219984
9014	0.1651067818755764
9051	0.03509882070972225
9095	0.10743048180417589
9198	0.024741162857071033
9266	0.02803635227534197
9337	0.025893099216532607
9391	0.015820158279474705
9441	0.07929853263475986
9461	0.029764285305438863
9462	0.04087341663935134
9495	0.03888373381317542
9528	0.020246983234127654
9534	0.05735549678625986
9615	0.04142168693411978
9659	0.03272897582842557
9668	0.03599417175671737
9779	0.044929609109128514
9802	0.03911659977078676
9884	0.33137349547295825
9885	0.10052828902682381
9899	0.22666492374668057
9925	0.052020961381976476
9949	0.023043565517466672
10207	0.08869135102947101
10213	0.02041602088880318
10284	0.04607438152442301
10349	0.041704635111086984
10352	0.039840998306841464
10367	0.04142168693411978
10380	0.05938359302114845
10505	0.05735549678625986
10564	0.044218269217458805
10681	0.029764285305438863
10702	0.06647494529399642
10708	0.03911659977078676
10718	0.06178232174091281
10719	0.07351417186584908
10720	0.05333771772519535
10796	0.023465738095613885
10808	0.068503041528885
10913	0.057960513848488826
10922	0.02633023521186031
10976	0.054049057616865064
11050	0.02405057140549675
11090	0.05333771772519535
11091	0.03581016060139196
11152	0.07090177024864937
11231	0.07383757693316839
11236	0.04921105597533409
11238	0.06517037320670087
11263	0.054801067040572485
11437	0.07162032120278392
11438	0.024506914832843806
11454	0.06178232174091281
11485	0.04823604827852331
11703	0.03475707206331416
11752	0.04456913222733341
11760	0.04199380242460948
11767	0.030115148315313478
11830	0.058330504483070644
12148	0.014098378936645168
12158	0.07090177024864937
12423	0.092916476879583
12452	0.045681618532835935
12564	0.0631685061246016
12582	0.03581016060139196
12590	0.056447786336629426
12680	0.05735549678625986
12716	0.05026414451341191
12795	0.04259193192879
12838	0.037991420185826186
12862	0.026967703022099845
12878	0.056447786336629426
12958	0.11521782758733337
