157
t_index	tf-idf
186	0.06228135900333301
323	0.043618682578122486
423	0.05209529509044661
533	0.17689933875368155
674	0.08844966937684078
764	0.10711234580205131
778	0.049509936603572995
890	0.11888718363999322
970	0.10022450721478271
1046	0.05709368818392123
1054	0.060552325467857576
1213	0.0438221281253977
1458	0.09543084611187531
1460	0.038135569526678494
1500	0.031743028419611484
1510	0.06420653006267299
1537	0.13025293418099107
1624	0.05709368818392123
1660	0.1488600470257841
1669	0.03277917271367045
1690	0.043618682578122486
1729	0.08156183078957217
1800	0.03494103221467289
1919	0.10769627463919322
2112	0.039667011300939053
2164	0.19686892547261559
2202	0.06420653006267299
2283	0.11418737636784246
2302	0.03798975317938131
2386	0.0265078105309365
2429	0.11888718363999322
2450	0.07531510602980235
2498	0.01664633046941338
2554	0.05277488571844048
2580	0.05709368818392123
2623	0.13275619896229637
2670	0.038580682331811396
2760	0.049910407364620414
2781	0.06450640380278155
2946	0.06978699295163027
2948	0.044447505499565415
2963	0.056652429604591825
2973	0.06289915436436166
3047	0.043618682578122486
3050	0.05277488571844048
3089	0.059490260893879585
3272	0.0282976223071175
3277	0.10711234580205131
3440	0.061685245202562335
3442	0.07807554538497614
3496	0.03020638824673146
3569	0.05081261053042999
3702	0.04282842380526434
3789	0.05754671503539157
4012	0.07405619684127493
4013	0.037845177837319444
4014	0.04905371323076281
4083	0.029052746630727145
4105	0.08844966937684078
4135	0.03048411923108406
4176	0.06562297515753852
4247	0.027574640850535896
4293	0.08156183078957217
4332	0.026214915341439392
4389	0.038580682331811396
4475	0.08844966937684078
4666	0.05801215511368834
4835	0.06562297515753852
4940	0.07667483153889885
4949	0.03354401250803739
4972	0.03434491841390222
5078	0.0438221281253977
5139	0.0915468568513331
5190	0.06978699295163027
5246	0.06333453566515138
5279	0.026956845489507244
5285	0.08356267012616746
5310	0.023658620163889445
5315	0.022395250557808218
5429	0.07511933382459365
5977	0.11888718363999322
6322	0.07178783228822554
6349	0.055393520416064414
6367	0.1830937137026662
6442	0.029312102815931714
6458	0.1726401451061747
6521	0.054221504000912066
6608	0.05277488571844048
6649	0.08583103467921685
6654	0.08583103467921685
6667	0.04466118756426764
6671	0.035940585217995744
6769	0.08844966937684078
6845	0.07667483153889885
6849	0.019619971943667904
6872	0.23777436727998644
6893	0.22594531808940702
6953	0.04797477924114224
7136	0.08356267012616746
7176	0.03581237706108678
7275	0.10096842488715047
7394	0.035185460894386095
7431	0.05754671503539157
7562	0.06492328020241844
7575	0.06228135900333301
7591	0.06716835825400633
7616	0.030766466453675326
7617	0.04771542305593766
7641	0.20449726610567898
7654	0.0915468568513331
7996	0.05841867930440393
8002	0.052431692224731076
8399	0.04171244931465494
8533	0.07075797151565713
8766	0.07075797151565713
9014	0.04263647260862462
9019	0.10022450721478271
9136	0.11888718363999322
9198	0.03194526295279557
9441	0.03412952591628423
9461	0.07686202351742143
9462	0.05277488571844048
9468	0.08165516893733814
9560	0.11888718363999322
9592	0.08356267012616746
9653	0.07288418042612259
9668	0.04647490856347515
9761	0.04877748762991566
9787	0.027574640850535896
9884	0.053482800655049005
9885	0.06489999370095693
9925	0.06716835825400633
10205	0.17689933875368155
10380	0.07667483153889885
10481	0.033882644986776164
10649	0.08583103467921685
10654	0.041174280178689425
10894	0.032672667661623495
11186	0.028797290686650046
11238	0.1262198984449641
11422	0.07815293731909011
11667	0.06562297515753852
11715	0.053482800655049005
11752	0.05754671503539157
11812	0.046960298732328015
11841	0.020686802263267298
11899	0.07815293731909011
11909	0.1716620693584337
12425	0.03494103221467289
12528	0.06228135900333301
12537	0.054221504000912066
12628	0.05081261053042999
12646	0.050205849596652634
12838	0.04905371323076281
12862	0.03482012422983849
12948	0.06716835825400633
12958	0.029753361395261118
