89
t_index	tf-idf
200	0.08860699683525039
230	0.03690171500506976
413	0.02311176474302556
660	0.03576936368202247
705	0.06195434457285695
708	0.05285066225914304
778	0.02886914515627345
949	0.07474684385736223
1187	0.06821162991607674
1428	0.042835363550349205
1537	0.05063348386015631
1806	0.05086793339914552
1958	0.06878589490219447
2420	0.14670548517087484
2468	0.11118222098691288
2496	0.13642325983215348
2498	0.03882576820800142
2591	0.04363752798287545
2709	0.0777198512020193
2781	0.03761355523039182
2998	0.04801728108445508
3107	0.1585519867774291
3198	0.07410040697030434
3347	0.08783217582539089
3442	0.13657708376330838
3544	0.0783314711093186
3588	0.2285330799031462
4008	0.04103314395587853
4099	0.08630468477991547
4139	0.11688141999320312
4206	0.06765354357914717
4276	0.021764338703882852
5117	0.049618272173392396
5246	0.04924032167960082
5256	0.12491398984199943
5341	0.13864575869708595
5362	0.13864575869708595
5442	0.10314965113811657
5600	0.026117251748523588
5765	0.031974847125542695
6073	0.06507709294056489
6198	0.08941788228303002
6454	0.029661681032192234
6762	0.11688141999320312
6782	0.05786666408626771
6811	0.082517663757281
7029	0.049065713804674845
7113	0.13757178980438894
7115	0.08783217582539089
7116	0.13864575869708595
7117	0.3747419695259983
7275	0.039249657937111035
7448	0.12491398984199943
7589	0.02364165307359457
7597	0.06195434457285695
7662	0.051588403881554556
8399	0.048644891781241685
8560	0.1438741731391817
8714	0.07487739890283654
8782	0.13864575869708595
8927	0.05017274786570799
9014	0.04972248405589887
9052	0.13864575869708595
9205	0.0582053177145043
9461	0.1344542772310402
9485	0.061145630047750005
9486	0.07265490003790408
9572	0.12491398984199943
9884	0.1871142855024242
9899	0.05688411124504428
9949	0.06939650243420975
10063	0.04032806046828564
10161	0.054479861060990196
10302	0.07740987448489417
10311	0.15481974896978834
10715	0.043312754236682044
10749	0.04534641051503374
10796	0.0353339449495883
10829	0.0765292515148479
11186	0.03358328537549794
11209	0.29628731721428
11381	0.09511708128932025
11391	0.11688141999320312
11410	0.263806289240379
11590	0.03860429941133496
11925	0.082517663757281
12272	0.09745045213182635
12281	0.12491398984199943
12636	0.08998527526975329
