293
t_index	tf-idf
76	0.02109804483435862
101	0.024400294328918836
105	0.02730691108715797
348	0.020494953907889125
368	0.06803757663961302
384	0.0389138953742192
412	0.020867479316864793
413	0.011341626889689758
434	0.034972075647194185
466	0.12714417182639548
478	0.036617060338047756
557	0.03345040915596793
719	0.049119975940619676
738	0.045652480706040374
778	0.014166943832601718
874	0.04472590147782534
1019	0.019260968637412165
1026	0.06129899130779185
1036	0.046534769544935475
1134	0.02925777613125327
1201	0.04667676652192063
1279	0.014166943832601718
1345	0.06129899130779185
1407	0.04171066097901536
1428	0.021020580491106108
1458	0.05461382217431594
1554	0.046927579819610286
1616	0.02146764251438294
1786	0.025078829437757025
1787	0.06803757663961302
1810	0.02962467717001662
1885	0.03217531004239803
1951	0.06803757663961302
1976	0.03147222855699923
1998	0.02632691566059766
2037	0.028904219945156143
2063	0.02715065131990649
2158	0.03147222855699923
2195	0.03798731614600417
2220	0.03319959585827829
2226	0.02856307183175915
2271	0.06040475048325264
2276	0.049119975940619676
2277	0.04108323531232832
2287	0.04027235600855112
2313	0.10590497149074099
2363	0.045586120560044026
2467	0.03193525528682447
2483	0.03147222855699923
2498	0.028579430105198752
2509	0.0510823760199295
2559	0.04108323531232832
2581	0.025682857442991605
2631	0.04667676652192063
2798	0.027455337231907507
2806	0.025315956404228252
2816	0.022980022265921628
2845	0.039580345343742586
2896	0.06803757663961302
2924	0.03510617051305364
2926	0.033755274161378204
2966	0.021824486499937974
3035	0.03530165716358032
3080	0.02687476333609674
3272	0.032388716554501096
3432	0.03510617051305364
3447	0.033755274161378204
3654	0.03599636146307445
3692	0.049119975940619676
3755	0.030005970104288914
3756	0.05924935434003324
3771	0.02407799773130058
3820	0.036363262501837794
3897	0.02807279700982758
3941	0.034972075647194185
3946	0.01591657584686305
3976	0.06129899130779185
4083	0.033253012056623565
4182	0.06803757663961302
4247	0.03156121093522183
4276	0.010680405058846194
4287	0.03395285177218481
4389	0.04415843744617334
4434	0.06803757663961302
4487	0.024510145482361814
4515	0.08619644864410886
4640	0.06803757663961302
4666	0.03319959585827829
4669	0.03404549641897915
4697	0.027455337231907507
4708	0.022344115287074216
4809	0.022886091838195448
4878	0.10213648925693745
4886	0.05456040597597067
4899	0.03404549641897915
4949	0.01919679861141895
4972	0.01965514656182886
4984	0.02555901215493008
4999	0.050618586248945656
5025	0.06803757663961302
5087	0.03564280527697732
5110	0.01851754489197018
5117	0.012174577237151783
5232	0.019927100620554476
5279	0.04628114784454138
5315	0.0512660332102489
5443	0.03293323060317933
5483	0.03193525528682447
5517	0.03564280527697732
5631	0.06121501135880133
5726	0.026461010526457107
5740	0.05735717158076683
5765	0.01569100369378804
5777	0.042381390608798496
5810	0.040413763521158226
5848	0.08216647062465664
5872	0.06803757663961302
5873	0.0778277907484384
6082	0.06129899130779185
6087	0.04634130081155691
6107	0.06803757663961302
6161	0.08020464002114107
6164	0.06803757663961302
6252	0.030607505679400664
6260	0.18384017812737302
6315	0.03434464998050714
6343	0.02943949588265497
6361	0.1225979826155837
6432	0.03776093914086463
6433	0.033755274161378204
6442	0.01677493217306131
6454	0.02911172927974971
6466	0.043880000917124476
6526	0.1234099545320208
6531	0.12657978202114126
6585	0.018698139378755675
6591	0.01582571795524777
6646	0.015646510601751467
6671	0.0205683257553368
6807	0.016626506028311783
6953	0.027455337231907507
7015	0.02336509136013296
7039	0.036103488978380185
7072	0.03293323060317933
7095	0.09374619244254898
7102	0.05735717158076683
7183	0.026446101510784376
7198	0.016976425886092404
7202	0.44928689668399047
7226	0.036103488978380185
7286	0.03434464998050714
7295	0.14735992782185903
7341	0.016194358277250548
7405	0.02555901215493008
7562	0.018577371072407076
7588	0.06803757663961302
7589	0.0464066350964587
7590	0.08342132195803072
7614	0.054910674463815014
7677	0.03360034375648605
7717	0.016725204577983967
7794	0.02687476333609674
7865	0.04667676652192063
7886	0.030816583063121752
7911	0.020867479316864793
7912	0.01070707647102327
7913	0.015397921448385466
7969	0.06803757663961302
8015	0.06893724664324026
8038	0.04108323531232832
8055	0.04049385949319938
8082	0.030816583063121752
8204	0.034972075647194185
8305	0.02519666995500329
8399	0.05570013845972371
8496	0.028233490315373012
8504	0.030607505679400664
8576	0.027016688829557024
8623	0.12169946383988768
8676	0.022252825544333135
8694	0.04310184783365897
8721	0.0356065123814065
8742	0.037555168394942925
8783	0.020867479316864793
8794	0.020242403024199333
8797	0.015602220212431525
8798	0.021494904983551836
8817	0.03465330205147743
8833	0.03217531004239803
8921	0.02807279700982758
8930	0.02071675190008633
8968	0.021020580491106108
8999	0.02730691108715797
9002	0.026596980905709246
9045	0.01591657584686305
9054	0.042381390608798496
9085	0.20411272991883905
9088	0.06803757663961302
9091	0.13607515327922604
9205	0.02856307183175915
9209	0.03993818119009946
9211	0.022793060280022013
9241	0.02071675190008633
9328	0.02207921872308667
9364	0.02807279700982758
9370	0.03193525528682447
9382	0.04667676652192063
9391	0.02337980996081463
9394	0.03242144277481278
9441	0.00976594012957047
9550	0.06994415129438837
9577	0.06040475048325264
9668	0.026596980905709246
9697	0.08519065342453058
9781	0.016725204577983967
9787	0.015780605467610915
9806	0.020867479316864793
9807	0.09503395724862986
9904	0.1777480630200997
9937	0.06803757663961302
10026	0.06803757663961302
10103	0.02428713385622466
10182	0.1510118762081316
10185	0.026461010526457107
10258	0.03564280527697732
10345	0.04171066097901536
10456	0.050618586248945656
10480	0.05039333991000658
10556	0.06306174147331833
10674	0.03798731614600417
10688	0.023868920347579488
10700	0.02943949588265497
10714	0.023972896992631245
10729	0.03941255460688248
10768	0.02873214954803629
10769	0.052389290542716294
10878	0.021176131387835084
10894	0.018698139378755675
10922	0.07782423975814788
10999	0.036744555436110084
11050	0.07108624060216256
11070	0.042381390608798496
11080	0.02366424492166095
11111	0.0389138953742192
11165	0.023868920347579488
11210	0.04072597697985973
11247	0.04310184783365897
11346	0.06803757663961302
11353	0.05683281633351129
11485	0.03564280527697732
11519	0.06522311314789976
11659	0.05640828288801988
11721	0.09154436735278179
11730	0.036363262501837794
11776	0.030607505679400664
11813	0.04310184783365897
11841	0.0236775714811718
11843	0.02519666995500329
11849	0.034972075647194185
11857	0.07511033678988585
11876	0.02760606464868597
11887	0.033755274161378204
11921	0.05456040597597067
11937	0.028396884474843526
11971	0.037555168394942925
11988	0.03465330205147743
12100	0.095643641288299
12148	0.010417639775512428
12161	0.03465330205147743
12231	0.05735717158076683
12391	0.013432880274322411
12409	0.06387051057364894
12425	0.07998517870090341
12438	0.10123717249789131
12515	0.049119975940619676
12518	0.023463789909805143
12532	0.017445661802844445
12577	0.027160716999275285
12604	0.042381390608798496
12626	0.016008290901054406
12676	0.01039174968393714
12686	0.03020237524162632
12749	0.054845565599526955
12869	0.014595626346185234
12873	0.02962467717001662
12874	0.06803757663961302
12876	0.03564280527697732
12885	0.030402830253482126
12910	0.03020237524162632
12956	0.04310184783365897
12971	0.08148215099782587
13001	0.1042566015090556
13002	0.10395911749076521
