130
t_index	tf-idf
148	0.090125679928313
198	0.1515287971309383
204	0.0724123447227007
262	0.22455607797410612
465	0.0501718363456491
594	0.16211907731272696
737	0.0946528530997523
772	0.06197488019815409
773	0.1310007139406224
819	0.22455607797410612
847	0.05350302282470658
998	0.04217839471858833
999	0.05718611671569434
1183	0.08105953865636348
1303	0.06993928446783766
1387	0.03776744614642995
1433	0.054347593377987904
1660	0.04686155297778486
1744	0.10115778479852727
1837	0.09597569883471228
1845	0.06509330091669667
1858	0.07112820871200734
2059	0.10115778479852727
2298	0.046591914100073774
2509	0.02809932045197532
2647	0.09003753061000147
2686	0.06993928446783766
2848	0.03533852109291307
3101	0.06063717774179921
3272	0.02672450842355258
3437	0.06268802585145727
3447	0.055704159017669605
3472	0.0508546260096283
3600	0.050509599043646096
3649	0.06504000526312803
3654	0.059402481325150774
3776	0.06421709998737453
3923	0.03615444957552718
4036	0.0946528530997523
4088	0.051936595620527125
4094	0.09482963875165457
4118	0.13559404446589973
4510	0.07891727642147567
4515	0.04741481937582728
4736	0.090125679928313
4875	0.06682441320619541
5054	0.02695871894184304
5127	0.0724123447227007
5148	0.11227803898705306
5154	0.11227803898705306
5689	0.04580916688176194
5750	0.0561830941526823
5875	0.11227803898705306
5938	0.14855077065982025
5989	0.07380828003998306
6113	0.11227803898705306
6177	0.07702766721245154
6210	0.10115778479852727
6282	0.06779702223294987
6529	0.10115778479852727
6532	0.05120723658982461
6625	0.06000795452348154
6874	0.059402481325150774
6959	0.08823770769042148
7015	0.07711581653076308
7106	0.06883242247712537
7341	0.08017352527065773
7362	0.023005683703605413
7380	0.11227803898705306
7395	0.33683411696115917
7396	0.07891727642147567
7978	0.10115778479852727
7996	0.01839036121385458
8012	0.04301199185449846
8076	0.04919922731889464
8080	0.0946528530997523
8193	0.11335353608884811
8211	0.12843419997474906
8272	0.07702766721245154
8454	0.05391975107460224
8721	0.019586379482270384
8953	0.09003753061000147
9034	0.12001590904696308
9076	0.03823703485789183
9083	0.11651211095641388
9198	0.030169370401832547
9211	0.03761392214643578
9315	0.05478715883539993
9430	0.059402481325150774
9448	0.04530777808938043
9454	0.05825605547820694
9516	0.039389344855120294
9806	0.03443625966737246
9807	0.03136568609306742
9850	0.23302422191282776
9895	0.057712168288599576
10106	0.04858210756065404
10213	0.07468587873788862
10519	0.09427160257936228
10580	0.06063717774179921
10698	0.09003753061000147
10731	0.06421709998737453
10807	0.06993928446783766
11026	0.1838762716025247
11149	0.08823770769042148
11165	0.039389344855120294
11289	0.06063717774179921
11373	0.06063717774179921
11378	0.11227803898705306
11441	0.07432394589619834
11465	0.05350302282470658
11541	0.11227803898705306
11564	0.03494560833864275
11658	0.06883242247712537
11763	0.04919922731889464
11784	0.05120723658982461
11817	0.04411885384521074
11841	0.019536787060798404
11904	0.030460190490402418
12074	0.04798784941735614
12175	0.059402481325150774
12298	0.05350302282470658
12336	0.07702766721245154
12425	0.03299859965668494
12650	0.0835325989112265
12664	0.053096845798848734
12676	0.017148836478068696
12869	0.04817244778184285
12958	0.05619864090395064
12982	0.04008698240129881
