61
t_index	tf-idf
198	0.10048147209148962
465	0.0998095425225575
504	0.11817256288810767
998	0.08390775757529614
1181	0.0948897502516891
1674	0.11176806219027874
1832	0.08194913846059776
1836	0.3064705933061308
1841	0.18829803041802318
2078	0.04688640469563999
2104	0.09915146816359578
2758	0.10258655200750366
2848	0.14060165545498413
3245	0.11275015431364883
3249	0.1532352966530654
3569	0.09546481942559099
3988	0.13913399419942193
4072	0.085143349646706
4118	0.13487227628751525
4330	0.1018693201234199
4736	0.08964594021641231
4878	0.11176806219027874
5024	0.12470867398137009
5060	0.12062881112368991
5310	0.04444892474972864
5909	0.0948897502516891
5952	0.15699439826138167
5989	0.14683079595523651
6118	0.18829803041802318
6138	0.14683079595523651
6263	0.12470867398137009
6280	0.18829803041802318
6555	0.10484034525548713
6934	0.15699439826138167
6959	0.08776801766977642
7439	0.05255366615807953
8454	0.10726547162057243
8565	0.13553304529834356
8566	0.09605044091424124
9185	0.20123864220911455
9698	0.11937706340745738
9765	0.1612561161732884
9895	0.11480993191451125
10106	0.19329401846105893
10125	0.11480993191451125
10213	0.049525550140444546
10519	0.09376979408817739
10804	0.09322421711628077
10980	0.18829803041802318
11026	0.12193166449642392
11426	0.131113174679199
11465	0.10643645161636604
11594	0.07513281945972455
11755	0.11275015431364883
11763	0.09787467888023656
11876	0.09062803233978242
12205	0.14405378647029032
12261	0.10562842173173614
12336	0.1532352966530654
12391	0.04409884289594548
12734	0.14405378647029032
