140
t_index	tf-idf
157	0.046919801572243215
200	0.0406751510527854
277	0.051088303500776554
423	0.1115555548327916
453	0.06874512441665098
478	0.02283553158497173
493	0.03453309772981316
554	0.031571609857098844
575	0.05650540655673754
579	0.050814790033510665
638	0.0769622653648044
659	0.08392671348879921
723	0.06604561641911648
1120	0.056137953598276634
1276	0.1146838418387317
1309	0.05507814105236728
1408	0.060196556081755434
1564	0.09801806853687851
1646	0.03807238957495029
1703	0.06604561641911648
1862	0.06314321971419769
1917	0.06258212983997763
2204	0.11755041304563671
2302	0.0813503021055708
2315	0.04146952633342434
2317	0.05930914580123803
2461	0.09609974644344091
2498	0.0178230167256117
2503	0.11776233197770489
2788	0.04389823573836318
2821	0.04371358133184151
2911	0.044463720750822985
3187	0.08209477803304792
3314	0.04146952633342434
3469	0.08541089771850416
3533	0.047341102269268624
3871	0.08209477803304792
4086	0.12039311216351087
4183	0.04950571422736414
4276	0.019981892987309416
4310	0.10240179358704779
4453	0.04950571422736414
4454	0.2089017707436974
4708	0.08360688908378433
5054	0.03056343577964708
5117	0.02277732896628367
5158	0.11015628210473456
5232	0.03728146919085878
5250	0.06874512441665098
5315	0.02397831317836061
5505	0.058463025669711614
5508	0.08541089771850416
5524	0.03961827186754999
5671	0.05765452355122127
5721	0.06803176620902986
5744	0.08634121319604286
5760	0.06874512441665098
5778	0.040214663094446025
5802	0.02486882752967988
5810	0.037804909712921116
5899	0.0544044231862328
5924	0.051647987746859886
6026	0.07686232938360861
6066	0.05282183391282039
6397	0.07026169436959563
6442	0.03138409991986728
6608	0.05650540655673754
6840	0.08732722668248723
7183	0.07421673158580136
7226	0.06754575779286338
7343	0.041797252367858445
7358	0.4779795149324951
7362	0.05216366088899531
7381	0.06112949405267616
7430	0.12225898810535232
7532	0.07575967040370522
7589	0.021705459935494494
7616	0.03294126877989048
7717	0.06258212983997763
7828	0.06315249958533085
7897	0.04146952633342434
7911	0.07808163385697105
7912	0.040063584680942496
7913	0.014403930230801259
8015	0.032243549698614926
8170	0.08732722668248723
8233	0.06948760721467356
8241	0.06262526548669427
8371	0.08541089771850416
8437	0.06734533369517783
8440	0.2089017707436974
8580	0.06874512441665098
8623	0.02846083142052051
8721	0.02220532261764968
8794	0.012623788729826687
8797	0.029190081549484083
8800	0.04900737338789229
8810	0.05343844560074212
8836	0.037152929413330475
8915	0.13469066739035565
8942	0.10207667102035733
9125	0.039327252813928605
9151	0.058881165988852444
9257	0.07373666487105052
9323	0.0918982096069218
9328	0.04130785146605456
9337	0.03579588442908639
9374	0.03579588442908639
9391	0.02187055912798393
9435	0.058463025669711614
9442	0.06668386797017307
9454	0.06604561641911648
9516	0.04465619135979382
9528	0.02799041805794066
9773	0.10730911966979664
9969	0.050814790033510665
10177	0.05726336217816819
10178	0.1044508853718487
10550	0.06542900473119476
10749	0.04163265121895724
10772	0.051088303500776554
10827	0.07373666487105052
10953	0.03807238957495029
11186	0.06166579409240251
11210	0.0253979791131972
11234	0.05252119396353997
11438	0.03387955546510332
11533	0.12729101265710605
11594	0.042817424572281146
11800	0.06734533369517783
11841	0.022149099071119675
12119	0.07803617554956911
12148	0.01949028730911405
12324	0.06161454420626666
12426	0.060196556081755434
12455	0.32192735900938996
12505	0.05930914580123803
12669	0.07472005586411287
12677	0.0513659929071767
12937	0.10730911966979664
