162
t_index	tf-idf
46	0.04318122373441338
70	0.04671185567156671
242	0.08287786295510573
323	0.17124732473502732
372	0.0933504220681902
412	0.028631060921625994
423	0.04090531574190789
478	0.03349343315149746
541	0.06404249050020905
614	0.05636792998443923
618	0.08410479904725247
660	0.048167145222561686
778	0.03887528778971033
806	0.10959373495854262
827	0.058149053751933785
1044	0.09509158122126495
1232	0.0933504220681902
1258	0.1645247902717986
1399	0.07188275022113749
1537	0.03409160967884575
1538	0.059137551422552545
1616	0.02945451011786757
1669	0.05147652613477984
1758	0.2360893688525989
1806	0.03424946494700547
1839	0.06411577977515226
2100	0.07485917602631473
2144	0.058149053751933785
2164	0.10305454702126261
2224	0.030293618446369044
2231	0.0933504220681902
2498	0.013070727454625088
2508	0.038300167589694734
2599	0.14376550044227498
2802	0.04199478750927529
2963	0.044483585638561966
3050	0.041438931477552864
3089	0.04671185567156671
3100	0.050959587221386396
3245	0.2827338417810089
3250	0.1867008441363804
3356	0.04090531574190789
3416	0.06136582145555729
3440	0.09687072228872134
3442	0.15326263293783413
3494	0.03558443961674587
3496	0.023718108257376858
3572	0.1867008441363804
3600	0.08398957501855057
3755	0.08233891070629405
3919	0.15458182053189393
3946	0.06551463822948465
3971	0.05212019843461955
4220	0.06263712720019975
4222	0.042874575413681795
4332	0.06175199050090093
4423	0.0349002581373865
4455	0.07188275022113749
4669	0.04671185567156671
4809	0.031400682359739314
4841	0.05636792998443923
4949	0.026338816595808126
4991	0.05636792998443923
5078	0.0344092107423432
5170	0.04518578010442958
5213	0.03017609685369304
5246	0.016576795622024333
5279	0.16933249334546246
5315	0.03516957888791298
5322	0.13890166652652378
5487	0.032468341179510904
5561	0.04518578010442958
5614	0.05407568565862136
6153	0.038300167589694734
6349	0.08699017593588643
6454	0.019971259630500143
6526	0.028220609629691217
6585	0.025654635116448762
6646	0.02146767184705272
6671	0.14110304814845612
6685	0.08287786295510573
6849	0.015405635879588018
7031	0.05479686747927131
7390	0.06561355300537698
7416	0.037876683942563744
7439	0.021964049662135315
7616	0.024157882633458697
7617	0.03746623265062896
7635	0.06020521024232414
7677	0.04610108746110233
7733	0.04518578010442958
7996	0.015290149318494603
8105	0.07188275022113749
8193	0.04712230696350148
8305	0.03457089289748434
8399	0.12009318674454267
8433	0.03065252658756682
8666	0.059137551422552545
8742	0.051527273510631307
8968	0.057682244367905255
9051	0.03558443961674587
9076	0.03179110870498818
9143	0.044483585638561966
9184	0.06263712720019975
9208	0.07485917602631473
9211	0.18763823485096942
9251	0.04199478750927529
9262	0.0344092107423432
9368	0.0357611125900942
9441	0.026798562735913013
9461	0.1508804842684652
9462	0.041438931477552864
9599	0.07485917602631473
9761	0.038300167589694734
9845	0.0933504220681902
9884	0.04199478750927529
9885	0.10191917444277279
9925	0.05274071098888095
9949	0.046724781581261796
9986	0.06636361225446775
10063	0.054305901619839246
10217	0.04671185567156671
10417	0.06136582145555729
10421	0.028119940363302686
10475	0.08514963730631266
10478	0.069800516274773
10614	0.0933504220681902
10631	0.07869645628419963
10674	0.05212019843461955
10715	0.02916255013443151
10734	0.08410479904725247
10736	0.059137551422552545
10749	0.06106362864087799
10878	0.029054544568756988
11008	0.03746623265062896
11073	0.050959587221386396
11210	0.018625918832798925
11238	0.09910808240626749
11353	0.025992339596686474
11410	0.08881060869173939
11432	0.08410479904725247
11441	0.03089727867434298
11546	0.16820959809450495
11553	0.059137551422552545
11555	0.09262731700992144
11659	0.02211272600404547
11707	0.08699017593588643
11719	0.04631365850496072
11788	0.0933504220681902
11841	0.0324866257807048
11925	0.11111856305179695
12048	0.058149053751933785
12074	0.07979629921700913
12123	0.05555928152589847
12347	0.06404249050020905
12391	0.05529143328435556
12509	0.039189738123422926
12626	0.021964049662135315
12631	0.06411577977515226
12862	0.054681643450569424
12899	0.1280849810004181
12971	0.037265648201832216
