43
t_index	tf-idf
277	0.09351600538308724
575	0.10343189226577235
638	0.07043885908288419
889	0.23300337277160937
1409	0.15634275212713883
1703	0.12089503462344431
1917	0.11455519933073241
2498	0.03262463644011634
2503	0.21556133432742708
2670	0.07561310506238691
3155	0.16377193387100017
3466	0.09015988585374529
3915	0.20992622647140632
4276	0.03657641150947784
4310	0.14058315735878646
4454	0.3823900536667285
5054	0.0559456906775476
5744	0.15804567395550131
5810	0.06920104794959417
6026	0.1406947875707971
6432	0.043105719973190494
7226	0.06182050505225825
7358	0.3280990840502749
7589	0.03973136254444687
8076	0.10209998327795373
8170	0.1598505497526537
8440	0.19119502683336426
8580	0.12583642408307447
8794	0.04621513003638824
8915	0.12327413824317589
9328	0.07561310506238691
9391	0.040033572951049055
9435	0.10701527059236202
9516	0.08174216690376448
9969	0.09301534505333496
10178	0.09559751341668213
10207	0.05610929437052578
10358	0.0824581791132428
10772	0.09351600538308724
11186	0.05643893354385712
11210	0.04649043692424009
12456	0.46600674554321875
12505	0.10856407470900997
