217
t_index	tf-idf
37	0.045220579950016264
186	0.10881389973773073
194	0.04804077423356341
323	0.07620769727413498
348	0.031284516501047785
376	0.028175337966942122
471	0.06579280323527378
475	0.05494663560749713
477	0.07299760437500448
557	0.02553018372009749
617	0.04736612522912729
643	0.030953505254806935
660	0.026793901943869772
949	0.027995460343266974
960	0.04804077423356341
1046	0.0498751710071869
1054	0.10579304590950374
1119	0.07997232769272304
1213	0.07656314397179145
1220	0.05289652295475187
1258	0.07844578488112795
1353	0.05109556154395517
1428	0.03208685904789837
1458	0.04168262657912096
1537	0.15171291429010203
1616	0.03276927674481313
1669	0.028634808795358943
1790	0.11465215200108038
1839	0.07133127397990369
1879	0.10385593930289075
1889	0.10385593930289075
1919	0.04703996435791143
1921	0.08204594953748463
1981	0.10385593930289075
1996	0.024019756805984
2139	0.05608871608255533
2144	0.06469306151149412
2164	0.17197822800162055
2224	0.03370281707278017
2232	0.039589059364558137
2248	0.049113992764836766
2302	0.03318660077167803
2366	0.05338311481829641
2386	0.023156352747743723
2498	0.029083375245600288
2670	0.03370281707278017
2709	0.05821792332430193
2754	0.08932104792973673
2781	0.056350675933884244
2794	0.07351904600858561
2802	0.0467208182456335
2863	0.06968621605009429
2966	0.03331398114398227
2972	0.023351187786169174
2998	0.03596849897653468
3042	0.05167233643064065
3198	0.05550669159264502
3266	0.12032256529963131
3272	0.024719873536944444
3440	0.10777240885847958
3442	0.06820423240150225
3496	0.026387308776795532
3538	0.08755283807109289
3689	0.08755283807109289
3801	0.05494663560749713
3839	0.02622774033335006
3924	0.06271149273237572
3933	0.07299760437500448
3998	0.03437441232223961
4072	0.039589059364558137
4074	0.036593421722954
4211	0.06366922646092517
4252	0.08669283228684155
4332	0.11450244564524636
4371	0.05027092038696324
4390	0.1159714556218377
4427	0.058676071922325004
4708	0.017053584178364792
4809	0.03493446830738751
4835	0.05732607600054019
4915	0.03437441232223961
4984	0.03901454675648723
5072	0.04039140191140872
5082	0.04838996027969625
5112	0.05550669159264502
5117	0.03716775984769062
5183	0.060161282649815656
5190	0.18289087558999875
5246	0.036884646942459416
5279	0.04709722988195818
5310	0.020667393612178175
5315	0.07825502165642498
5411	0.06469306151149412
5429	0.03281089153303889
5446	0.04039140191140872
5675	0.02826610107714072
5725	0.06366922646092517
5849	0.05152572854006445
6026	0.06271149273237572
6052	0.042372970690527124
6125	0.17510567614218578
6180	0.07726672642846412
6184	0.04150974019714751
6217	0.054406949868865365
6309	0.04703996435791143
6347	0.10385593930289075
6349	0.0967799205593925
6373	0.03920359036084715
6442	0.051212180786616386
6454	0.0222187953951873
6526	0.031396514936492204
6585	0.05708353895915849
6591	0.04831432524679142
6654	0.07497917315412289
6667	0.03901454675648723
6670	0.029499503208128698
6750	0.17510567614218578
6782	0.043346416143420774
6804	0.07997232769272304
6807	0.025379525347323087
6849	0.06855745263429842
6861	0.058676071922325004
6984	0.049489702003475904
6986	0.05338311481829641
7136	0.07299760437500448
7176	0.031284516501047785
7198	0.025913660413641453
7241	0.08755283807109289
7341	0.12359936768472221
7343	0.034102116200751126
7386	0.21899281312501345
7416	0.042139269447118204
7431	0.05027092038696324
7439	0.024435851044038316
7457	0.05732607600054019
7619	0.03344246439037248
7640	0.038281571985895727
7641	0.08932104792973673
7769	0.071249736839295
7867	0.05067751355403748
7913	0.02350415276847368
7996	0.017010879912184397
8002	0.04580260443992658
8043	0.03344246439037248
8057	0.08755283807109289
8059	0.15994465538544608
8235	0.08328371601763325
8271	0.0861940063513353
8305	0.03846144960957088
8343	0.07299760437500448
8399	0.0850234603398211
8486	0.08570342585122412
8513	0.05669450314320661
8551	0.022098146582198684
8794	0.010299670092413291
8879	0.045508738950895335
8968	0.09626057714369511
9014	0.18622911132033504
9117	0.03758310319744191
9143	0.049489702003475904
9199	0.08328371601763325
9368	0.03978561485075746
9391	0.01784405209686563
9461	0.03357206977538902
9462	0.13830722101606502
9468	0.14266254795980737
9499	0.029900601199336827
9589	0.061811840182693215
9618	0.04360009278661103
9648	0.04285171292561206
9668	0.08119790771546194
9761	0.04261041131212312
9781	0.02553018372009749
9787	0.024088300679610843
9884	0.093441636491267
9925	0.058676071922325004
9949	0.02599155939701919
9989	0.038827881122208
10107	0.03675385271528268
10196	0.07299760437500448
10207	0.05001887656094384
10217	0.05196873822174972
10311	0.05798572781091885
10481	0.029598765934465882
10550	0.05338311481829641
10638	0.08755283807109289
10705	0.04580260443992658
10806	0.05196873822174972
10922	0.05939739420341144
11089	0.09473225045825458
11119	0.049489702003475904
11162	0.08328371601763325
11186	0.025156367423900722
11238	0.07350770543056535
11412	0.04039140191140872
11422	0.0682718394535476
11441	0.03437441232223961
11590	0.028917478718218387
11659	0.012300629599832101
11699	0.020397081543404312
11767	0.03396781915516536
11830	0.06579280323527378
12537	0.04736612522912729
12548	0.05109556154395517
12568	0.03566563698995184
12604	0.06469306151149412
12631	0.03566563698995184
12636	0.03370281707278017
12659	0.06366922646092517
12676	0.015862483317747225
12680	0.06469306151149412
12716	0.05669450314320661
12843	0.04804077423356341
12862	0.030417717013835627
12869	0.022279489640354547
12873	0.045220579950016264
12958	0.02599155939701919
