322
t_index	tf-idf
36	0.07564998285846311
73	0.02185426897784628
88	0.07564998285846311
137	0.07564998285846311
164	0.06377459723291547
194	0.06998701801111554
200	0.04834708147381268
215	0.07564998285846311
376	0.020523273377888063
401	0.03403203632974284
412	0.02320224397441346
478	0.027142647967151132
556	0.05285023101645458
705	0.033804460727744234
708	0.05767434549076657
792	0.07564998285846311
839	0.07564998285846311
895	0.06815744873217032
949	0.020392248236341178
1019	0.021415988329150364
1020	0.1155914938036066
1044	0.03853049793453553
1213	0.027884782362633982
1236	0.03499350900555777
1258	0.038093936154314445
1441	0.03157407905832033
1503	0.040023825981820166
1510	0.040855731878979895
1515	0.07564998285846311
1530	0.05461578030033044
1537	0.08288220762209873
1592	0.07564998285846311
1624	0.036329706871676096
1635	0.03358157774219775
1669	0.02085795775441008
1690	0.027755326422197163
1793	0.0507603232424287
1800	0.022233586558003206
1806	0.027755326422197163
1921	0.02988165490475845
1940	0.07564998285846311
1946	0.07564998285846311
1976	0.03499350900555777
1996	0.01749629537640285
2003	0.03121373096269424
2037	0.03213817792145201
2061	0.0531723804795847
2088	0.06949001029132236
2096	0.07564998285846311
2144	0.04712324617403762
2164	0.12527112159091827
2167	0.055001949758529935
2182	0.0507603232424287
2193	0.05825285736872151
2194	0.0507603232424287
2224	0.024549559235143046
2235	0.03853049793453553
2246	0.06066491460587751
2251	0.025446709609123222
2275	0.02534326918504117
2298	0.03139240349058824
2304	0.03426450640401329
2372	0.036329706871676096
2386	0.03373476182854337
2420	0.040023825981820166
2485	0.041296994854037046
2498	0.03177704886543748
2543	0.07564998285846311
2545	0.02762740254069958
2546	0.056282063106622655
2586	0.04712324617403762
2620	0.04274039467478278
2709	0.12722002028292784
2781	0.041046546755776125
2782	0.03273334337995774
2794	0.03570147011749673
2802	0.03403203632974284
2924	0.01951701786504059
2963	0.036048926362453985
2996	0.031758860341295075
2998	0.05239982131563581
3085	0.025763106103870653
3089	0.037854687772699146
3107	0.028837172745383284
3198	0.04043177786170883
3266	0.0876444819959378
3403	0.029405032112786795
3416	0.049730073398246796
3432	0.01951701786504059
3440	0.11775418340276367
3442	0.04968082756442477
3472	0.03426450640401329
3494	0.028837172745383284
3496	0.03844170049483135
3544	0.04274039467478278
3557	0.06815744873217032
3588	0.0997565233281278
3739	0.03086500904923513
3757	0.041296994854037046
3771	0.08031591683316146
3801	0.040023825981820166
3863	0.0531723804795847
3906	0.06066491460587751
3946	0.017697407071955735
4060	0.10074473322659325
4135	0.0387951506071523
4197	0.03358157774219775
4252	0.06314815811664067
4257	0.05189921160736781
4336	0.07564998285846311
4515	0.03194685537242125
4557	0.07564998285846311
4708	0.012422046918338788
4809	0.025446709609123222
4816	0.045679846353291885
4943	0.04637747174317385
5031	0.06066491460587751
5072	0.05884321845697877
5091	0.03213817792145201
5110	0.02058938637803801
5112	0.08086355572341766
5117	0.027073467480419836
5190	0.08881335496215001
5246	0.013433622225492945
5261	0.05189921160736781
5279	0.01715310966886639
5315	0.1425048747003252
5316	0.06377459723291547
5405	0.05461578030033044
5412	0.028695870840114115
5442	0.056282063106622655
5483	0.03550834163047368
5486	0.04175704053030609
5578	0.06377459723291547
5600	0.014250487470032517
5612	0.035247860548489975
5761	0.126712617815862
5764	0.05825285736872151
5765	0.01744659670573914
5848	0.045679846353291885
5856	0.020722837972173416
6146	0.04223753927195399
6184	0.010078740337982965
6309	0.03426450640401329
6349	0.1409914421939599
6449	0.024081544932027524
6454	0.032368904504912276
6526	0.022869619520113533
6542	0.06815744873217032
6591	0.017596383515816168
6606	0.07761199087918284
6652	0.04175704053030609
6656	0.049730073398246796
6669	0.031037963808242728
6708	0.07564998285846311
6782	0.03157407905832033
6811	0.045024528030441185
6845	0.04878952898032985
6849	0.07490717649010105
6893	0.04792431198800164
6903	0.05189921160736781
6907	0.02762740254069958
6969	0.028837172745383284
6984	0.07209785272490797
7029	0.026771972277720487
7183	0.014702516056393397
7224	0.06377459723291547
7226	0.0200714697468736
7275	0.021415988329150364
7277	0.03233294790850519
7294	0.11650571473744302
7312	0.04878952898032985
7341	0.05401880783763239
7390	0.1063447609591694
7394	0.022389120778465638
7589	0.025799428220096735
7617	0.030362153646406338
7641	0.06506258371105471
7717	0.03719301897922426
7770	0.05825285736872151
7870	0.06815744873217032
7913	0.04280180714682151
8013	0.03888493761688105
8036	0.056282063106622655
8047	0.03426450640401329
8054	0.07564998285846311
8084	0.12132982921175502
8240	0.045679846353291885
8287	0.049730073398246796
8361	0.024645643795159194
8399	0.008847452346625763
8402	0.05239982131563581
8486	0.03121373096269424
8504	0.03403203632974284
8513	0.041296994854037046
8551	0.016096570127507426
8560	0.07850278893517577
8586	0.06377459723291547
8616	0.05461578030033044
8617	0.017748275127372114
8684	0.07564998285846311
8814	0.04637747174317385
8833	0.03577525498984308
8841	0.031758860341295075
8901	0.06815744873217032
8927	0.02737600884204023
8938	0.026089043615904937
8957	0.02085795775441008
9014	0.054260658268344336
9140	0.0507603232424287
9209	0.044406677481075005
9211	0.02534326918504117
9229	0.08351408106061219
9266	0.023034652371967227
9267	0.033804460727744234
9268	0.0507603232424287
9293	0.040023825981820166
9368	0.0579606925068645
9381	0.12277911240282507
9388	0.07564998285846311
9441	0.054293027462756584
9443	0.029726120684296014
9461	0.07336296373838533
9462	0.03358157774219775
9468	0.07793790644145449
9472	0.05825285736872151
9714	0.040855731878979895
9726	0.037854687772699146
9784	0.03853049793453553
9787	0.017546223602941734
9884	0.06806407265948568
9885	0.08259398970807409
9899	0.031037963808242728
9925	0.17096157869913112
9949	0.05679774414580345
9954	0.03019960258582234
9986	0.026890109429868962
10016	0.07564998285846311
10063	0.022004402527785325
10103	0.013502253832736193
10198	0.036329706871676096
10207	0.0182171919094552
10213	0.06709516835483785
10302	0.04223753927195399
10311	0.08447507854390798
10363	0.06377459723291547
10380	0.04878952898032985
10417	0.049730073398246796
10421	0.022788038439836216
10478	0.02828272086355027
10536	0.03691414335478219
10564	0.036329706871676096
10634	0.06066491460587751
10681	0.02445432124612844
10705	0.03336319775268709
10717	0.03691414335478219
10721	0.056282063106622655
10749	0.024742590111609633
10750	0.04274039467478278
10769	0.029125441610864476
10789	0.04175704053030609
10808	0.056282063106622655
10813	0.0531723804795847
10823	0.06815744873217032
10878	0.02354542968194992
10894	0.020790186737257466
10913	0.023810163938030482
11035	0.06377459723291547
11050	0.019759936893075567
11056	0.04792431198800164
11080	0.026311926601451423
11090	0.0438222409979689
11142	0.04043177786170883
11143	0.049730073398246796
11160	0.02642511550822729
11186	0.05497265088082407
11227	0.05825285736872151
11238	0.053543944555440974
11422	0.19892029359298719
11438	0.02013486841440677
11445	0.04792431198800164
11468	0.07209785272490797
11528	0.06815744873217032
11620	0.05945224136859203
11642	0.06815744873217032
11655	0.06815744873217032
11659	0.008959934546080423
11703	0.028556392236161184
11715	0.03403203632974284
11767	0.09897036044643853
11786	0.03336319775268709
11812	0.02988165490475845
11835	0.04175704053030609
11841	0.01316337210368689
12124	0.06377459723291547
12148	0.034749662291071924
12234	0.06377459723291547
12299	0.15129996571692622
12321	0.056282063106622655
12348	0.041296994854037046
12391	0.014935822418763584
12423	0.025446709609123222
12452	0.03753199390414838
12478	0.040855731878979895
12483	0.036617975737157284
12485	0.02113337244479393
12528	0.11889213614323445
12582	0.029421609228489385
12636	0.024549559235143046
12646	0.03194685537242125
12657	0.05189921160736781
12666	0.03403203632974284
12702	0.06377459723291547
12773	0.044406677481075005
12842	0.03550834163047368
12843	0.03499350900555777
12845	0.045679846353291885
12862	0.13293990422517113
12876	0.039630712047744814
12958	0.018932581381934484
13030	0.07564998285846311
13036	0.039630712047744814
