234
t_index	tf-idf
81	0.026614466423268597
102	0.05081538244383862
112	0.035593042544046175
194	0.04057776377186521
323	0.09655354186904073
475	0.04641081737983462
557	0.06469240643436606
617	0.04000791975149538
660	0.022631538332812215
746	0.035593042544046175
778	0.05479715862835675
943	0.1580679921815082
950	0.07034580538141251
960	0.04057776377186521
1007	0.043157997746690845
1040	0.033134858312993544
1046	0.08425438346899407
1054	0.044679184443938064
1213	0.06466925688196212
1256	0.13052707923466747
1258	0.08834591250421807
1319	0.042127191734497034
1428	0.027102248192268138
1458	0.03520733796868665
1510	0.0473754785965765
1537	0.19221705609723563
1660	0.03661266211225728
1667	0.053778376224915735
1707	0.0790339960907541
1796	0.061657614672070926
1839	0.030125072204607885
1921	0.03465016136692974
2057	0.04897779444210701
2139	0.0473754785965765
2144	0.16392948341732652
2164	0.09684123568070017
2182	0.117721283977989
2183	0.07395173032667533
2194	0.0588606419889945
2220	0.0428048924345718
2224	0.056934342605586226
2251	0.029507488692438896
2315	0.05715717802216818
2366	0.0901803710311483
2386	0.058677219087746764
2393	0.03946285954473769
2422	0.06018127385325497
2450	0.05557206082046364
2480	0.03772262667049303
2498	0.02456534785777836
2500	0.061657614672070926
2501	0.053778376224915735
2509	0.02195383763273745
2670	0.056934342605586226
2709	0.04917391898092352
2727	0.02962859504181483
2794	0.12419610338357345
2802	0.03946285954473769
2863	0.117721283977989
2972	0.019723640946603317
2996	0.07365386148545747
2998	0.030380885362141265
3089	0.043895528678028234
3107	0.0668780020503109
3245	0.0885624665067755
3442	0.02880444034034742
3462	0.08772218680009568
3496	0.0222881083663304
3568	0.04352133940862394
3588	0.028918910630457442
3688	0.05766598515144859
3757	0.047887158198650574
3839	0.022153328469318438
3923	0.028247263738590506
3946	0.020521554538194573
3971	0.04897779444210701
4083	0.0214368814952663
4091	0.07395173032667533
4211	0.21511350489966294
4371	0.04246146246808999
4605	0.04842061784035009
4708	0.028808707656915542
4757	0.04897779444210701
4768	0.08772218680009568
4809	0.0885224660773167
4815	0.03619480976433656
4835	0.04842061784035009
4915	0.029034435961151447
4972	0.050683534700621466
5072	0.034116701725230215
5112	0.04688387011112206
5117	0.015696922073909065
5183	0.05081538244383862
5190	0.10298616628782678
5246	0.031154712102747718
5279	0.03978079660348502
5315	0.03304915286438207
5429	0.1662828245813459
5446	0.06823340345046043
5494	0.04897779444210701
5675	0.023875035125028296
5688	0.02418646504949171
5849	0.04352133940862394
6184	0.011687103013524236
6217	0.04595497042976726
6221	0.05296942396272934
6309	0.07946485426201702
6349	0.1226181139970655
6373	0.03311341363770171
6449	0.027924471402915693
6454	0.037534325590091205
6585	0.024107879151628167
6591	0.020404409670105633
6646	0.020173354101759588
6654	0.06333135184845044
6657	0.06526353961733374
6670	0.024916831413814566
6782	0.03661266211225728
6849	0.05790722906068062
6861	0.09912179075006015
6986	0.04509018551557415
7019	0.0337732717587484
7198	0.021888040055658396
7341	0.06263911468052817
7343	0.02880444034034742
7394	0.025961970657588155
7416	0.035593042544046175
7432	0.13052707923466747
7457	0.04842061784035009
7562	0.02395217019707268
7589	0.029916494044595794
7601	0.08772218680009568
7619	0.028247263738590506
7638	0.07034580538141251
7640	0.03233462844098106
7641	0.11316788001147911
7674	0.04352133940862394
7717	0.02156413547812202
7722	0.06526353961733374
7753	0.04180160434704329
7913	0.019852843213143463
7996	0.028736567119933595
8002	0.03868728788723492
8043	0.028247263738590506
8057	0.14790346065335067
8059	0.06754883269833609
8113	0.04596928728986253
8184	0.05017245127965292
8235	0.07034580538141251
8399	0.06155595849170697
8472	0.07395173032667533
8551	0.018665256464206588
8557	0.07034580538141251
8566	0.03772262667049303
8570	0.05296942396272934
8571	0.044679184443938064
8617	0.020580540104228894
8794	0.017399285777792563
8868	0.053778376224915735
8884	0.04688387011112206
8968	0.027102248192268138
8999	0.03520733796868665
9014	0.09437933930700215
9111	0.04688387011112206
9163	0.0790339960907541
9199	0.07034580538141251
9266	0.05342103201872495
9368	0.03360502212315616
9391	0.030144049186184886
9406	0.03295373747005703
9461	0.028356735261076682
9462	0.07788103379361037
9468	0.09037521661382365
9499	0.025255619865838352
9574	0.05220953011796552
9618	0.03682693074272873
9648	0.03619480976433656
9668	0.03429201101161493
9761	0.03599099373459649
9884	0.23677715726842613
9899	0.03599099373459649
9925	0.1982435815001203
9949	0.0439076752654749
10063	0.025515859171816563
10161	0.06893961407469852
10188	0.06526353961733374
10207	0.04224857300085015
10271	0.04641081737983462
10311	0.04897779444210701
10317	0.07034580538141251
10325	0.05017245127965292
10349	0.03973242713100851
10427	0.06018127385325497
10431	0.05081538244383862
10481	0.025000673931445092
10548	0.0588606419889945
10615	0.05557206082046364
10660	0.06526353961733374
10681	0.028356735261076682
10736	0.05557206082046364
11050	0.022913222314082254
11051	0.05149308314391339
11052	0.04641081737983462
11080	0.0610215535599348
11119	0.04180160434704329
11215	0.03946285954473769
11238	0.031044236421666926
11342	0.0790339960907541
11416	0.053778376224915735
11422	0.23066394060579437
11438	0.02334798530686435
11488	0.06018127385325497
11554	0.035790438901609725
11590	0.024425222928360125
11703	0.06622682727540342
11748	0.03360502212315616
11767	0.05738201198933927
11812	0.03465016136692974
11835	0.04842061784035009
11854	0.07034580538141251
11904	0.07139511549022587
12048	0.054643161139108845
12066	0.06333135184845044
12133	0.053778376224915735
12272	0.061657614672070926
12391	0.01731927694792942
12548	0.043157997746690845
12568	0.030125072204607885
12636	0.028467171302793113
12703	0.05657534890799215
12804	0.05296942396272934
12862	0.05138480614263467
12869	0.018818428345653396
12958	0.02195383763273745
