62
t_index	tf-idf
208	0.05269963957701672
412	0.06790689819580381
446	0.10632754783282412
478	0.07943942983715081
988	0.22975712617220753
1040	0.041815607534594366
1378	0.22140770910559407
1404	0.22140770910559407
1616	0.03492997387446645
1806	0.08123257939283403
2251	0.07447586193604777
2537	0.18665156208812173
2996	0.09294987581327657
3107	0.1687977211199939
3389	0.1250899539384884
3442	0.14540278532632578
3848	0.07048038206564061
3919	0.12221193361196142
4211	0.2714694540506907
4332	0.048820942446757415
4371	0.10717123538833981
4708	0.03635608160992346
4777	0.17755033455993974
5186	0.11176427274145817
5251	0.12221193361196142
5279	0.1004053291836497
5442	0.16472287481529455
5532	0.11079076798129407
6349	0.10316126666566122
6454	0.04736765774355106
6501	0.07767417997519573
6526	0.06693339343563973
6585	0.0608474376786818
6625	0.1183332364817021
6796	0.0707496297195846
6817	0.39895804366553383
6849	0.03653895153171271
7019	0.08524254811551261
7294	0.1704908740428177
7457	0.12221193361196142
7677	0.036447384439187755
7913	0.0250539384356173
8126	0.19947902183276692
8399	0.02589417844485575
8794	0.021957592170572714
8833	0.10470481222433616
9014	0.07940337583573973
9337	0.06226272068556901
9441	0.0317802975670899
9884	0.09960286724802292
9949	0.05541071277004777
9954	0.08838633627896818
10063	0.06440112964770167
11238	0.23506367719892124
11244	0.06462314044217896
11590	0.06164840219140258
11767	0.07241508837086745
11941	0.15984610095596077
12216	0.15189541507064935
12610	0.07299031164270986
12843	0.10241684624016746
12869	0.04749705018724349
