117
t_index	tf-idf
73	0.032203562100294895
323	0.20449560197077507
849	0.05312023202144421
993	0.07061931738755474
1040	0.021053394828713004
1220	0.056776974981314655
1394	0.0718942659649204
1448	0.04948444742503218
1660	0.046526278995878086
1690	0.04089912039415502
1741	0.22294947713312593
1996	0.02578182941054926
2078	0.023400035028044483
2287	0.032991697964878615
2386	0.024855086632854646
2456	0.05957862376978872
2607	0.037497236534256705
2709	0.0312443747850448
3050	0.04948444742503218
3063	0.08583904186842846
3107	0.04249328514462169
3237	0.048847228296204075
3316	0.07835265771326493
3403	0.04333005961742382
3442	0.07320764731535138
3490	0.11147473856656297
3619	0.055781128607465674
3694	0.056776974981314655
3728	0.11147473856656297
3769	0.0508408711362074
4014	0.045995284695085806
4072	0.04249328514462169
4332	0.024580453037567673
4389	0.03617523222420357
4390	0.0622395203558102
4618	0.1465604279471524
4809	0.037497236534256705
5015	0.11147473856656297
5042	0.05627127047773289
5117	0.01994718039207404
5232	0.0326491395164209
5279	0.025276124906967505
5294	0.04015813312027816
5310	0.11091769595625275
5315	0.02099893886479896
5412	0.042285068402810815
5712	0.03469558774578263
5748	0.05783925879842939
5810	0.03310754104952228
6026	0.26924785638199566
6342	0.22294947713312593
6349	0.051939814011921034
6421	0.0608535723471544
6454	0.02384875072689768
6458	0.10791752008122749
6526	0.03369974137193365
6591	0.02592931522288035
6667	0.04187662669236776
6669	0.045736281363548646
6710	0.08939335133103095
6807	0.027241349623589137
6833	0.10043404494879696
6849	0.03679338976902027
7112	0.08939335133103095
7162	0.1244790407116204
7239	0.1495966965013249
7399	0.11147473856656297
7439	0.026228448031665207
7457	0.18459443084626545
7462	0.08583904186842846
7597	0.04981287872938838
7616	0.02884822147798489
7717	0.027403060189500148
8009	0.09160899413396931
8035	0.08583904186842846
8305	0.04128295472456056
8383	0.11147473856656297
8399	0.013037246011879236
8848	0.045481422263576515
8968	0.068881457291621
9014	0.039978149804938246
9160	0.07061931738755474
9164	0.09587357770093073
9211	0.03734481093155254
9461	0.1801744669813859
9779	0.05439518059880988
9884	0.10029644976506284
9886	0.10043404494879696
9899	0.045736281363548646
9949	0.055796564128506414
10065	0.08047959299579757
10110	0.033579526809388326
10167	0.04823452376079565
10197	0.44589895426625187
10213	0.02471717794513135
10342	0.05156501192101485
10358	0.039450089713223134
10478	0.0416762673973644
10761	0.056776974981314655
10839	0.08047959299579757
11017	0.04147839710212085
11160	0.03893897568201921
11221	0.05839820576026555
11223	0.07647656783434191
11224	0.07061931738755474
11237	0.07624391586952388
11238	0.07890017942644627
11441	0.03689609523269935
11812	0.1320971747479339
12042	0.10043404494879696
12062	0.24880487874805926
12148	0.017068563106048935
12409	0.05232364834232658
12862	0.0652982790328418
12869	0.023913897459553784
12885	0.04981287872938838
12958	0.027898282064253207
