284
t_index	tf-idf
194	0.034943319535365315
279	0.075541481805907
323	0.13857759160779884
423	0.03310159821907405
440	0.04871955255670016
478	0.013551859300555705
556	0.026387215263729894
557	0.03713967485997263
638	0.04567363749755037
643	0.02251458770418112
744	0.02461029575948679
778	0.015729424571431592
801	0.03152879390845153
804	0.04037378854976255
945	0.044342987165953175
1044	0.0769504710698988
1130	0.029996375657001074
1157	0.16860402152856033
1171	0.03190103556780542
1201	0.05182477511877313
1213	0.0556895771794068
1256	0.11240268101904023
1258	0.05705894984075194
1428	0.04667790586162557
1458	0.060637213403190275
1510	0.08159426902124417
1537	0.16552666748999117
1588	0.075541481805907
1595	0.075541481805907
1599	0.05816930815826454
1612	0.056201340509520116
1616	0.011917660846490126
1669	0.06248412663203436
1681	0.02616233341356964
1690	0.02771551832155977
1725	0.05816930815826454
1796	0.05309611794744714
1862	0.018736328212171586
1898	0.06368312846234007
1921	0.029838797115678037
1984	0.043759388911372356
1996	0.017471201299809017
2164	0.08339430091848994
2167	0.02746153158254536
2193	0.05816930815826454
2194	0.050687520205444585
2220	0.03686119921313322
2224	0.024514349008832946
2386	0.016843188858782557
2437	0.06805969385308705
2487	0.02837793094697719
2709	0.042345851620043375
2721	0.04965874799798203
2752	0.0399664217752062
2754	0.03248463382238624
2763	0.042679094227199676
2781	0.06148151356652733
2794	0.017825132626737267
2802	0.033983225852557225
2955	0.03747816360982103
2963	0.035997223159015566
2972	0.03396981124306518
2980	0.04705565961794666
2981	0.075541481805907
2996	0.03171331016871328
3041	0.023168966136167313
3042	0.018792400745420334
3089	0.0756007893088302
3091	0.09931749599596407
3093	0.075541481805907
3237	0.03310159821907405
3245	0.19066271020903613
3310	0.03919509812153323
3389	0.042679094227199676
3397	0.04871955255670016
3433	0.019019649946917315
3440	0.07839019624306647
3442	0.02480478639751962
3443	0.075541481805907
3666	0.03065075408898727
3672	0.03469517209234212
3702	0.027213384139522165
3757	0.041237764603880206
3797	0.09743910511340031
3837	0.05816930815826454
3839	0.01907721775471602
3923	0.04864995362320503
3946	0.01767202455074071
3980	0.057591626011464885
4014	0.0311689626423895
4055	0.05816930815826454
4056	0.06805969385308705
4078	0.0313473789090577
4083	0.018460253358028207
4124	0.050687520205444585
4211	0.04631095481469761
4212	0.075541481805907
4247	0.017521057916746324
4252	0.09458638172535459
4295	0.05182477511877313
4332	0.06662832745051472
4371	0.03656545637416696
4605	0.04169715045924497
4633	0.03919509812153323
4666	0.07372239842626643
4685	0.05182477511877313
4757	0.04217696004516208
4832	0.06805969385308705
4835	0.04169715045924497
4879	0.20417908155926118
4964	0.0605779059002671
4973	0.07372239842626643
5082	0.035197306274379725
5083	0.1361193877061741
5112	0.0807475770995251
5117	0.027034637336552318
5190	0.044342987165953175
5258	0.075541481805907
5279	0.051385523420000516
5294	0.027213384139522165
5310	0.030065599502722327
5315	0.14230048696201875
5429	0.02386559095623774
5433	0.04965874799798203
5475	0.06368312846234007
5578	0.06368312846234007
5688	0.02082804221067812
5689	0.030820740883632743
5765	0.017421573909506174
5849	0.03747816360982103
6068	0.06805969385308705
6073	0.035457413761149026
6180	0.056201340509520116
6199	0.04965874799798203
6349	0.1407892250975189
6394	0.056201340509520116
6421	0.08247552920776041
6449	0.024047005955631577
6458	0.03656545637416696
6526	0.022836818748775186
6535	0.075541481805907
6557	0.02103364725337566
6585	0.04152073678832953
6591	0.017571145887722857
6598	0.033315346557802133
6608	0.033533413335626226
6646	0.017372173647642458
6670	0.04291398642847039
6671	0.022836818748775186
6685	0.06706682667125245
6711	0.04320573225262463
6782	0.06305758781690306
6807	0.018460253358028207
6811	0.04495995156264099
6845	0.04871955255670016
6849	0.037399870404106736
7031	0.044342987165953175
7112	0.1211558118005342
7136	0.05309611794744714
7176	0.022755354676231968
7198	0.018848766086958506
7301	0.04037378854976255
7343	0.02480478639751962
7386	0.05309611794744714
7416	0.06130150817797454
7429	0.04965874799798203
7439	0.017773854913309656
7441	0.12736625692468015
7457	0.04169715045924497
7460	0.0605779059002671
7494	0.04495995156264099
7562	0.020626280478819304
7586	0.075541481805907
7589	0.01288121268406349
7617	0.060637213403190275
7619	0.04864995362320503
7630	0.056201340509520116
7640	0.0278447885897034
7641	0.09745390146715872
7658	0.0605779059002671
7700	0.06368312846234007
7711	0.226624445417721
7717	0.018569837429986316
7815	0.0296834859703042
7913	0.02564425117100875
7953	0.075541481805907
7996	0.037119506616979166
8002	0.033315346557802133
8069	0.04217696004516208
8113	0.0791724011019268
8184	0.04320573225262463
8201	0.03957387166512671
8243	0.05309611794744714
8271	0.0313473789090577
8287	0.09931749599596407
8399	0.02650428864161294
8470	0.05309611794744714
8490	0.08247552920776041
8504	0.033983225852557225
8523	0.0605779059002671
8583	0.06805969385308705
8794	0.014983299869326328
8880	0.03716527392312416
8968	0.07001685879243837
9014	0.08127425230928752
9117	0.027336744777966295
9198	0.020298171983289644
9261	0.10907489514153325
9293	0.0399664217752062
9368	0.028938781167055155
9391	0.025958383234833675
9409	0.05182477511877313
9441	0.02168606305669034
9461	0.024419247614985467
9462	0.033533413335626226
9468	0.051884082621696324
9528	0.016611052204914767
9575	0.043759388911372356
9618	0.03171331016871328
9668	0.02953037789430765
9721	0.056201340509520116
9726	0.0378003946544151
9761	0.030993447582129453
9783	0.05309611794744714
9787	0.017521057916746324
9884	0.10194967755767168
9885	0.08247552920776041
9887	0.09571115300516501
9899	0.030993447582129453
9949	0.056716281932729824
9984	0.04785557650258251
10063	0.04394568538931508
10161	0.0296834859703042
10196	0.05309611794744714
10243	0.05816930815826454
10271	0.0399664217752062
10317	0.0605779059002671
10345	0.04631095481469761
10421	0.022755354676231968
10481	0.04305838748027228
10536	0.03686119921313322
10581	0.06368312846234007
10584	0.03686119921313322
10613	0.06368312846234007
10615	0.04785557650258251
10654	0.02616233341356964
10685	0.06368312846234007
10736	0.04785557650258251
10774	0.0605779059002671
10878	0.023511659629309498
11050	0.01973159618670221
11082	0.050687520205444585
11102	0.056201340509520116
11186	0.01829793543644175
11229	0.0328920005969426
11238	0.026733574553605064
11261	0.04561432999462718
11303	0.0384752355349494
11333	0.075541481805907
11342	0.06805969385308705
11412	0.02937941126031326
11426	0.044342987165953175
11644	0.02616233341356964
11659	0.008947083752301627
11703	0.02851543520619562
11767	0.04941420606120004
11835	0.04169715045924497
11883	0.06130150817797454
11893	0.075541481805907
11900	0.12736625692468015
11904	0.12296302713305465
12031	0.06805969385308705
12148	0.011566607519412691
12220	0.04631095481469761
12485	0.021103061887306946
12528	0.07914774333025341
12568	0.051884082621696324
12636	0.024514349008832946
12716	0.041237764603880206
12811	0.036277600958552404
12838	0.0311689626423895
12891	0.04495995156264099
12897	0.04705565961794666
12898	0.041237764603880206
