199
t_index	tf-idf
135	0.038469219460950145
186	0.04261500189422139
348	0.04900806728424509
376	0.022068726214675528
465	0.036350019555803796
467	0.0732898718379706
494	0.0732898718379706
613	0.04541812960395689
647	0.20573094260403677
660	0.020986697192981327
694	0.04181306881904391
772	0.08980289625643174
773	0.06327425717169087
838	0.0506717422222735
847	0.07752699791867822
904	0.058728482550325624
998	0.18335212555791436
1034	0.12527888089021297
1120	0.03587552839613815
1162	0.07368941560032752
1258	0.020481251502858584
1303	0.0506717422222735
1387	0.02736290927319324
1643	0.08134661216602271
1660	0.033951684674693706
1674	0.04070523863399853
1693	0.08134661216602271
1703	0.042207120769667664
1828	0.04841498545350663
1837	0.06953539642218555
1846	0.05580734957000178
1860	0.06263944044510648
2026	0.08134661216602271
2078	0.017075739298200453
2112	0.02714150411581668
2273	0.04652595978900226
2298	0.10126898547297537
2339	0.04303771827199132
2441	0.040358245125454516
2509	0.0203582512088513
2530	0.08134661216602271
2727	0.02747521371512396
2758	0.2988911142072382
2848	0.025603127697995286
3041	0.024949429869657917
3047	0.029845370596210924
3249	0.05580734957000178
3258	0.04911965085381426
3272	0.019362185532194945
3335	0.036350019555803796
3433	0.020481251502858584
3435	0.08134661216602271
3472	0.03684470780016376
3510	0.060520240539960135
3553	0.04106291052576214
3727	0.031318658820001025
3768	0.029707813732590405
3954	0.08134661216602271
3987	0.03611035293462852
4007	0.04986980914709602
4038	0.05246350021190802
4083	0.03975773401587191
4088	0.03762860608612651
4159	0.0732898718379706
4202	0.06857698086801226
4205	0.08134661216602271
4346	0.07039648888773758
4371	0.039375399148053145
4445	0.07693843892190029
4463	0.0732898718379706
4515	0.03435253195980918
4605	0.04490144812821587
4633	0.042207120769667664
4674	0.04986980914709602
4782	0.06857698086801226
4812	0.10492700042381604
4878	0.04070523863399853
4915	0.053848475231774176
4930	0.0652331315099185
4972	0.02349994904875144
4984	0.030558687592985724
5054	0.019531873499391932
5091	0.03455826156616927
5126	0.41146188520807353
5127	0.05246350021190802
5196	0.038469219460950145
5279	0.01844478091006505
5324	0.04911965085381426
5499	0.0652331315099185
5573	0.033951684674693706
5689	0.03318921995430468
5952	0.057176391181866376
5956	0.03736138927590477
5988	0.08134661216602271
6047	0.04841498545350663
6090	0.058728482550325624
6356	0.04911965085381426
6364	0.08134661216602271
6391	0.0732898718379706
6430	0.021051451785625105
6555	0.07636441374155951
6585	0.1341344328290755
6667	0.09167606277895718
6670	0.04621179419625536
6671	0.024591757977894306
6710	0.0652331315099185
6874	0.04303771827199132
6933	0.038469219460950145
6959	0.09589371150407182
7071	0.04986980914709602
7173	0.058728482550325624
7243	0.08134661216602271
7248	0.0732898718379706
7346	0.04106291052576214
7362	0.01666785817364673
7439	0.01913972095547508
7525	0.08134661216602271
7657	0.05246350021190802
7662	0.030268086973980847
7709	0.057176391181866376
7741	0.04652595978900226
7767	0.03736138927590477
7815	0.03196457050135727
7996	0.026648017631105945
8012	0.09348791227853939
8042	0.08134661216602271
8346	0.051533130257349576
8494	0.04181306881904391
8536	0.16269322433204542
8565	0.17276104597700614
8566	0.0699619558878784
8721	0.014190536545303556
8968	0.025132479626252566
9021	0.04775060924194967
9083	0.08441424153933533
9125	0.025132479626252566
9154	0.08212582105152429
9198	0.021858024022435515
9215	0.02781878806808603
9516	0.028537991830910693
9628	0.03818220687077976
9787	0.01886749728783497
9850	0.042207120769667664
9914	0.05458270011705437
9933	0.08134661216602271
9954	0.03247370675170058
9989	0.030412479132898025
10087	0.060520240539960135
10089	0.060520240539960135
10106	0.14079297777547517
10125	0.08362613763808782
10152	0.05246350021190802
10189	0.041431938959041785
10204	0.061629729658478745
10213	0.03607379957102265
10300	0.08134661216602271
10349	0.03684470780016376
10372	0.031008682601715413
10519	0.03415038044161555
10572	0.060520240539960135
10659	0.04986980914709602
10678	0.03587552839613815
10688	0.028537991830910693
10691	0.08134661216602271
10700	0.03519824444386879
10837	0.0732898718379706
11046	0.04911965085381426
11192	0.0652331315099185
11260	0.060520240539960135
11279	0.03876349895933911
11426	0.04775060924194967
11441	0.026924237615887088
11466	0.04775060924194967
11499	0.05580734957000178
11519	0.02599386766132865
11564	0.025318458302937562
11607	0.0732898718379706
11613	0.04911965085381426
11634	0.018707171720916228
11658	0.04986980914709602
11659	0.009634639599543728
11674	0.126621362309003
11678	0.0717510567922763
11703	0.030706758631287
11748	0.031162637426179796
11763	0.03564535415549616
12261	0.038469219460950145
12357	0.08134661216602271
12385	0.039693868913897555
12391	0.016060526490176547
12414	0.08134661216602271
12628	0.034767698211092775
12675	0.021182053376683243
12727	0.04303771827199132
12785	0.04732277604667173
12823	0.06857698086801226
12840	0.023661388023335866
12958	0.0203582512088513
12974	0.08134661216602271
