118
t_index	tf-idf
148	0.1388621038974596
198	0.10376427222957572
413	0.07689980833035255
465	0.10307039025055484
468	0.07070286004414524
488	0.06515810434119829
595	0.11532905847053115
647	0.09722492954123196
772	0.06365897237394097
773	0.08970699959993371
998	0.12997362426112918
1035	0.08580249593724333
1162	0.05223653876995234
1261	0.11532905847053115
1433	0.05582442328855935
1674	0.0577098015698085
1703	0.05983909310424783
1784	0.08580249593724333
1837	0.04929186100202097
2069	0.11532905847053115
2278	0.09722492954123196
2686	0.07183979966650884
2758	0.10593812658226084
2845	0.0670918070261573
2848	0.036298802527684235
3041	0.03537202324261071
3256	0.055384954889676624
3272	0.027450714515342582
3335	0.10307039025055484
3432	0.029753863906868773
3469	0.07738455536945579
3505	0.038793730672536206
3569	0.04929186100202097
3599	0.09722492954123196
3937	0.045795418349601144
3972	0.07581393049910769
4013	0.0734250504384833
4021	0.055384954889676624
4035	0.11532905847053115
4067	0.05721785195358978
4094	0.048703259564366067
4135	0.0295717726804798
4346	0.04990226738935462
4366	0.11443570390717955
4507	0.11532905847053115
4515	0.09740651912873213
4606	0.04705397541189909
4678	0.09248419126255389
4782	0.09722492954123196
5071	0.11532905847053115
5127	0.07438006233325468
5464	0.09722492954123196
5600	0.021724992400062263
5956	0.05296906329113042
6187	0.06596212176546716
6263	0.06439149689511907
6556	0.10390662486654254
6568	0.11532905847053115
6585	0.06338964190700251
6667	0.043324541420376395
6671	0.03486493436183123
6874	0.061016671682633576
6934	0.08106175765856526
6959	0.09063546033884425
6984	0.05495690255520291
7015	0.0396056726405093
7050	0.06041736606252021
7248	0.10390662486654254
7341	0.027450714515342582
7346	0.05821689045058798
7439	0.02713531563771282
7704	0.10390662486654254
7717	0.028350540862486538
7733	0.05582442328855935
7937	0.08106175765856526
7954	0.11532905847053115
8134	0.0730610314845021
8189	0.10390662486654254
8329	0.04929186100202097
8340	0.06228491947635771
8454	0.055384954889676624
8527	0.08580249593724333
8565	0.1049707536801095
9104	0.061016671682633576
9211	0.038636034844111565
9215	0.039440052268380446
9448	0.046538961987415396
9703	0.08580249593724333
9806	0.07074404648522142
9850	0.05983909310424783
9895	0.05928042644015661
9914	0.07738455536945579
10020	0.05582442328855935
10106	0.49902267389354615
10125	0.11856085288031322
10213	0.15343075375369153
10493	0.05821689045058798
10563	0.11532905847053115
10571	0.09248419126255389
10731	0.13192424353093432
11026	0.12591525745853213
11289	0.12456983895271542
11465	0.05495690255520291
11498	0.11532905847053115
11564	0.10768563853810299
11658	0.07070286004414524
11659	0.02731899667684959
11674	0.05983909310424783
11763	0.05053615662827921
12123	0.06864028555757842
12148	0.0353174420999436
12261	0.05453968816147853
12350	0.11532905847053115
12423	0.038793730672536206
12675	0.03003082989393109
12727	0.061016671682633576
12798	0.042118216060491695
12839	0.11543950135609793
