21
t_index	tf-idf
2709	0.15113533354968717
2757	0.3165265025745143
2863	0.3618146751088308
2996	0.22637408515569996
3442	0.17706006715630346
4252	0.22505698204060756
5091	0.22907782418376096
6184	0.07184028642759872
7677	0.08876551191218181
7913	0.06101742840736526
8399	0.063063784701425
9404	0.32560152716921165
9441	0.07739908982964235
9799	0.341599861154143
9884	0.24257706376553573
9949	0.13494960914571932
11091	0.20971438525606073
11236	0.28819380249491616
12509	0.22637408515569996
12636	0.1749868840729488
12862	0.1579304634793469
