379
t_index	tf-idf
24	0.02603875303630907
31	0.037240819848016186
99	0.018096469829411762
108	0.03027954680914201
129	0.016610276417366385
157	0.05704132491145834
171	0.03837700681566078
193	0.021529392853347443
200	0.01648319351515999
355	0.05158339526864716
376	0.027988377071777985
412	0.01582089614337384
446	0.024772109110215157
472	0.07009173739656352
478	0.009253868182275906
512	0.061401680170207903
538	0.033909406663581554
562	0.03625660992924431
577	0.027858266279402345
611	0.04136553837571193
617	0.04705182152197444
657	0.03972083077402475
684	0.4163666556636534
746	0.02092982458984146
749	0.021655389523773227
863	0.03837700681566078
886	0.020061689916206774
924	0.02336391246552117
949	0.041714539572055495
979	0.058989541991242615
1019	0.01460290338886325
1097	0.02496867077843895
1153	0.05158339526864716
1162	0.02336391246552117
1166	0.059762075113365544
1171	0.06535073265049203
1255	0.028159149922725543
1548	0.046474466822179546
1554	0.3202076876565167
1584	0.10509104323650695
1616	0.008137958051997192
1636	0.02882039262900867
1669	0.04266719853812023
1671	0.027022962955080953
1680	0.021655389523773227
1690	0.037851005897124375
1710	0.0828120728423807
1862	0.025588151064730037
1866	0.028159149922725543
1880	0.04136553837571193
1921	0.020375380905470027
1942	0.12106022714412114
1948	0.03027954680914201
1954	0.03267811352819752
1961	0.04136553837571193
1962	0.027291015249090864
2003	0.02128368257624451
2019	0.022182086802623246
2063	0.010292274122683383
2078	0.01082804294204342
2109	0.025591911638636333
2163	0.037240819848016186
2170	0.028472840911988786
2243	0.03114768148277669
2265	0.06229536296555338
2271	0.022898244427385212
2302	0.09889916109095995
2304	0.04672782493104234
2307	0.024580653521678757
2315	0.03361021212429143
2316	0.024580653521678757
2340	0.035388475255609626
2344	0.11952415022673109
2379	0.02950297388108952
2386	0.011501347970898768
2397	0.013729347144013929
2398	0.025591911638636333
2418	0.019566831242950587
2467	0.024212045428824228
2487	0.019377830483990242
2498	0.007222597239551567
2508	0.021163832362659122
2511	0.05158339526864716
2545	0.018838275590481547
2641	0.033909406663581554
2670	0.01673958895756421
2794	0.012171866900407398
2798	0.020815549033575118
2816	0.017422542518000097
2818	0.013600411627562776
2845	0.030008249846263844
2848	0.016235418058515957
2849	0.01450592007206642
2857	0.037240819848016186
2858	0.02496867077843895
2900	0.12987541382944148
2924	0.013308053868051988
2930	0.046474466822179546
2950	0.05158339526864716
2956	0.05158339526864716
3118	0.037240819848016186
3134	0.019760806272883586
3137	0.0434859352621284
3206	0.03625660992924431
3210	0.0827075552451897
3224	0.0434859352621284
3309	0.05158339526864716
3403	0.01002519324557557
3432	0.013308053868051988
3448	0.03326807836919316
3450	0.05571653255880469
3488	0.07490601233531685
3489	0.03837700681566078
3496	0.03931831885144963
3533	0.04796125704073433
3588	0.0170052258408581
3604	0.035388475255609626
3632	0.023691549770646324
3663	0.025591911638636333
3688	0.033909406663581554
3700	0.02950297388108952
3727	0.019859742331971332
3736	0.03114768148277669
3804	0.028472840911988786
3839	0.0260537029600767
3846	0.02336391246552117
3863	0.03625660992924431
3885	0.03326807836919316
3889	0.030700840085103952
4041	0.0434859352621284
4043	0.05158339526864716
4072	0.15730544530998034
4088	0.023860996905284985
4099	0.032109807832383014
4147	0.0434859352621284
4214	0.07210329418508941
4234	0.04738309954129265
4308	0.024034431395029806
4376	0.03625660992924431
4423	0.019285116988154282
4431	0.019566831242950587
4487	0.018582621324178705
4506	0.03837700681566078
4531	0.05158339526864716
4590	0.0434859352621284
4595	0.06593277406063996
4682	0.019859742331971332
4706	0.06385104772873353
4716	0.03894345015042228
4722	0.0434859352621284
4748	0.023050221476257925
4753	0.05158339526864716
4786	0.046474466822179546
4789	0.04136553837571193
4809	0.03470265637758935
4821	0.05158339526864716
4861	0.022898244427385212
4949	0.014554252217279923
4956	0.02496867077843895
4972	0.014901753475618439
4973	0.025170618362674393
4980	0.017714486650544026
5016	0.03114768148277669
5054	0.012385523185649951
5072	0.06018506974862033
5077	0.09419137795240773
5082	0.024034431395029806
5117	0.009230282159800433
5175	0.03837700681566078
5186	0.02603875303630907
5187	0.021529392853347443
5279	0.0116961776156781
5299	0.03162337076750599
5303	0.05158339526864716
5419	0.021405513874570754
5455	0.03972083077402475
5488	0.06922380465511427
5489	0.05158339526864716
5505	0.023691549770646324
5516	0.027022962955080953
5527	0.026764317970240845
5575	0.046474466822179546
5585	0.027569185081729904
5619	0.027569185081729904
5656	0.03162337076750599
5706	0.05158339526864716
5715	0.01833553810756655
5726	0.020061689916206774
5748	0.026764317970240845
5761	0.028800478217113942
5788	0.03213189140154857
5856	0.08478159294814691
5938	0.022749337832934733
5965	0.029881037556682772
5995	0.03498890326423513
6009	0.046285352263405376
6018	0.03213189140154857
6130	0.03972083077402475
6145	0.08640143465134183
6184	0.006872382874652191
6300	0.1304578057863852
6303	0.028472840911988786
6407	0.016420464406879824
6464	0.07551185508802319
6552	0.037240819848016186
6557	0.014362796628743523
6585	0.028352377083373338
6645	0.026514442321038372
6646	0.011862564494622405
6669	0.021163832362659122
6679	0.020815549033575118
6685	0.022898244427385212
6849	0.02553844923254286
6880	0.028472840911988786
6907	0.018838275590481547
6925	0.03326807836919316
7047	0.041184359289415454
7054	0.05158339526864716
7071	0.03162337076750599
7135	0.03199140356955988
7234	0.024580653521678757
7280	0.041184359289415454
7291	0.0434859352621284
7307	0.027291015249090864
7308	0.030700840085103952
7313	0.026764317970240845
7331	0.016937913722491534
7353	0.035388475255609626
7387	0.046474466822179546
7465	0.0434859352621284
7562	0.042253880388313445
7589	0.01759183615510176
7636	0.05158339526864716
7760	0.21490588059572766
7761	0.06426378280309714
7767	0.023691549770646324
7806	0.10316679053729431
7828	0.025591911638636333
7883	0.05158339526864716
7912	0.008117681214631316
7925	0.035388475255609626
7996	0.025347003212360535
8012	0.03952161254576717
8015	0.026132744712280713
8022	0.03326807836919316
8023	0.024580653521678757
8043	0.016610276417366385
8161	0.034611902327557134
8205	0.05158339526864716
8291	0.1739437410485136
8305	0.01910311698235661
8309	0.034611902327557134
8312	0.015160398460458545
8399	0.006032805484839052
8417	0.023860996905284985
8433	0.016937913722491534
8551	0.010975755816233139
8553	0.01599570178477994
8565	0.046950421260158484
8576	0.020482983192168715
8620	0.018096469829411762
8623	0.08073424826587387
8656	0.018096469829411762
8668	0.05158339526864716
8678	0.020375380905470027
8686	0.04136553837571193
8720	0.035388475255609626
8721	0.008998482373139566
8735	0.027022962955080953
8794	0.0051156626869853965
8797	0.01182898527602392
8893	0.017422542518000097
8910	0.03326807836919316
8912	0.046474466822179546
8927	0.018666857963722076
8930	0.0157066205871075
8997	0.025170618362674393
9045	0.08447122085296045
9076	0.035134138443638364
9078	0.08273107675142385
9079	0.10316679053729431
9117	0.018666857963722076
9167	0.046474466822179546
9188	0.09294893364435909
9198	0.027721156737042847
9211	0.017280795346875016
9242	0.015004124923131922
9339	0.04136553837571193
9377	0.03837700681566078
9391	0.01772564571049682
9422	0.0243940454346219
9449	0.08148292714051569
9516	0.018096469829411762
9614	0.05158339526864716
9618	0.021655389523773227
9644	0.05158339526864716
9681	0.046474466822179546
9683	0.02320539827587938
9691	0.05158339526864716
9726	0.025811946657062792
9754	0.0434859352621284
9759	0.04136553837571193
9787	0.02392845981937602
9847	0.022046842168959153
9882	0.03972083077402475
9986	0.01833553810756655
10001	0.022182086802623246
10068	0.019760806272883586
10094	0.05726279927376726
10126	0.03027954680914201
10158	0.12891668337844367
10204	0.01302685148003835
10207	0.012421742549609871
10213	0.022875065261675986
10280	0.1307124541127901
10368	0.04136553837571193
10584	0.025170618362674393
10586	0.02914335984149742
10616	0.05158339526864716
10635	0.025811946657062792
10674	0.028800478217113942
10688	0.018096469829411762
10690	0.05158339526864716
10739	0.035388475255609626
10780	0.03027954680914201
10865	0.028159149922725543
10877	0.03972083077402475
10894	0.014176188541686669
10996	0.04136553837571193
11043	0.07448163969603237
11080	0.03588258605958062
11091	0.04012337983241355
11149	0.02026932690692616
11210	0.010292274122683383
11221	0.027022962955080953
11229	0.02246025663526229
11296	0.026764317970240845
11400	0.0243940454346219
11580	0.04136553837571193
11596	0.02336391246552117
11634	0.011862564494622405
11659	0.0061095036351348974
11671	0.022046842168959153
11699	0.010130867109214682
11713	0.035388475255609626
11724	0.02914335984149742
11783	0.03162337076750599
11841	0.017951396699273724
11860	0.03326807836919316
11887	0.025591911638636333
11984	0.0434859352621284
11988	0.026272760809126737
12107	0.035388475255609626
12127	0.04136553837571193
12184	0.046474466822179546
12239	0.026764317970240845
12256	0.03625660992924431
12391	0.020368555348673496
12516	0.05158339526864716
12532	0.0396798289832968
12535	0.041631098067150235
12604	0.03213189140154857
12617	0.03972083077402475
12618	0.05158339526864716
12626	0.012136851985462984
12675	0.04029579854048604
12676	0.015757225872953064
12686	0.022898244427385212
12753	0.0434859352621284
12774	0.02352591076098722
12776	0.032109807832383014
12792	0.028159149922725543
12806	0.03326807836919316
12818	0.03114768148277669
12819	0.05158339526864716
12826	0.046474466822179546
12840	0.015004124923131922
12887	0.017640409386467115
12982	0.018416982314519603
