166
t_index	tf-idf
205	0.05815232775350846
277	0.04275444052015813
393	0.06340125038704338
409	0.07925353871360491
413	0.03551517860876694
420	0.09597585275938447
466	0.06635655853428316
542	0.08542524727933624
557	0.02618665882913362
561	0.07147810547718793
648	0.06340125038704338
742	0.019406016815436022
746	0.04322282535914335
773	0.041430013707728884
998	0.16007101813077143
999	0.05425668749783023
1047	0.07487464179928803
1171	0.04498593689146761
1202	0.050001040699865794
1236	0.049276079582280204
1618	0.08980414419365312
1691	0.04760172227346023
1837	0.04552961276378939
1862	0.026421439415001382
2019	0.04580891062204577
2041	0.05815232775350846
2078	0.0223613249626758
2082	0.055271817330269604
2135	0.0643240363192398
2202	0.05753096367503961
2339	0.056359516102094
2404	0.08202871095723616
2508	0.04370608201778201
2607	0.035832762230480514
2738	0.06530639691145658
2845	0.030985480477178418
2895	0.08202871095723616
3030	0.09597585275938447
3339	0.05815232775350846
3341	0.0588001406765199
3432	0.027482871905580575
3447	0.052850644906995155
3472	0.04824953519647168
3505	0.035832762230480514
3546	0.07925353871360491
3553	0.10754686167838315
3658	0.09597585275938447
3830	0.05753096367503961
3923	0.03430239339432337
4021	0.051157645457198954
4057	0.09597585275938447
4083	0.05206425294875714
4141	0.07925353871360491
4142	0.09597585275938447
4234	0.04892614908588948
4276	0.01672231404577957
4285	0.06530639691145658
4346	0.04609342930223789
4384	0.19195170551876894
4515	0.08997187378293522
4522	0.07002736004598592
4644	0.06340125038704338
4736	0.08550888104031626
4806	0.06340125038704338
5110	0.028992926704017617
5196	0.10075378903418296
5278	0.07487464179928803
5310	0.02119882846685048
5412	0.04040806582088462
5573	0.044461012245668056
5765	0.02456741013241654
5911	0.04963424448850359
6091	0.22108726932107842
6181	0.1708504945586725
6667	0.04001775453269286
6670	0.030258044149211828
6687	0.09597585275938447
6849	0.01758007934854381
6892	0.056359516102094
6895	0.09597585275938447
6932	0.06092749999713971
6933	0.05037689451709148
6959	0.16743524500834647
6975	0.15850707742720982
7026	0.08202871095723616
7039	0.028263622845688043
7042	0.08980414419365312
7237	0.07195965826997618
7311	0.08542524727933624
7316	0.07925353871360491
7439	0.025064186827062775
7619	0.03430239339432337
7662	0.07927440411262884
7708	0.08980414419365312
7709	0.07487464179928803
7950	0.09597585275938447
7957	0.0643240363192398
7996	0.017448292324393593
8012	0.040808649629260056
8086	0.07925353871360491
8133	0.07487464179928803
8153	0.06340125038704338
8290	0.050001040699865794
8305	0.039450435219817566
8507	0.07002736004598592
8565	0.03231958697591444
8740	0.09597585275938447
8943	0.08542524727933624
9021	0.06253122466782533
9034	0.05693397319057695
9198	0.028623907268200362
9262	0.07853186455908062
9381	0.04322282535914335
9391	0.01830288843640653
9431	0.055805953054234934
9485	0.0469803581949914
9623	0.07925353871360491
9792	0.13496915734125034
9946	0.06530639691145658
10075	0.0643240363192398
10106	0.09218685860447579
10152	0.06870293323355668
10207	0.05130504621033659
10213	0.04724000178024987
10285	0.26941243258095937
10337	0.06870293323355668
10372	0.040607039977150726
10412	0.10652645823943269
10439	0.07487464179928803
10442	0.09597585275938447
10461	0.0469803581949914
10512	0.08202871095723616
10519	0.04472121185022138
10580	0.05753096367503961
10584	0.05198061918777711
10813	0.07487464179928803
10922	0.03046236005187578
10953	0.031861768819897454
10986	0.06635655853428316
11149	0.04185881125208662
11279	0.05076226462484561
11299	0.07147810547718793
11348	0.09597585275938447
11465	0.05076226462484561
11564	0.09946642961320136
11571	0.07308183014787356
11634	0.024497747282196537
11645	0.0643240363192398
11659	0.025233848235943334
11678	0.0469803581949914
11733	0.06340125038704338
11942	0.04963424448850359
11957	0.09597585275938447
11964	0.07487464179928803
12240	0.08980414419365312
12385	0.05198061918777711
12425	0.03130820577203839
12525	0.13061279382291316
12646	0.04498593689146761
12749	0.028623907268200362
12785	0.24788384381742734
12798	0.07780700620969369
12838	0.04395358838501509
12840	0.061970960954356835
12859	0.11895350913187541
12973	0.056359516102094
