176
t_index	tf-idf
153	0.07060997302344973
208	0.018654192780222636
213	0.034789950952818734
218	0.03391119438916437
281	0.060348982596275566
413	0.013064358020214769
700	0.04427833158569444
736	0.049648782922283405
984	0.07837211263365935
1117	0.07837211263365935
1161	0.14121994604689947
1213	0.028888166546953083
1279	0.016318825163401687
1460	0.05027901341062948
1511	0.05508569380303045
1537	0.028621525370946293
1560	0.02798144257097672
1616	0.012364230034442359
1635	0.034789950952818734
1663	0.06606941242611476
1669	0.043216988363239534
1760	0.056581031793239055
1786	0.028888166546953083
1800	0.023033622535435984
1806	0.028754052365275173
1808	0.04278299359548585
1880	0.4399348338926807
1920	0.06284783341324009
2003	0.032336901428013244
2167	0.0569810968709842
2220	0.03824243299815088
2307	0.037346082714738806
2315	0.0255324733524005
2397	0.04171877152147331
2498	0.04389398576171219
2540	0.06606941242611476
2727	0.02647056203792289
2794	0.01849306193810102
2816	0.02647056203792289
2849	0.022039254993240873
2851	0.060348982596275566
2910	0.07837211263365935
3029	0.07060997302344973
3042	0.03899314952971389
3107	0.02987482699984031
3134	0.030023152351347174
3136	0.05376671221857015
3338	0.0448247033758563
3347	0.049648782922283405
3403	0.030463119774281407
3442	0.0772027553706892
3459	0.04105675257281978
3466	0.030325830244928395
3472	0.03549745358510221
3666	0.03179927497240155
3745	0.056581031793239055
3777	0.052586842986065925
3933	0.2203427752121218
3946	0.03666843343406971
3985	0.0448247033758563
4013	0.02494807639727378
4046	0.05830727281590512
4300	0.05054513320569549
4310	0.015762002228923315
4332	0.01728124289698457
4666	0.07648486599630176
4779	0.07837211263365935
4815	0.032336901428013244
4840	0.18401829043344206
4861	0.034789950952818734
4942	0.07837211263365935
4949	0.022112687389630677
4984	0.02944128639415694
4999	0.05830727281590512
5082	0.036516191975484814
5117	0.014023828972499274
5213	0.025334266402505343
5246	0.013917007173737667
5251	0.043259593195311835
5260	0.07837211263365935
5419	0.03252200316831169
5438	0.06284783341324009
5600	0.014763265857911514
5810	0.023276196647972654
6047	0.046644655408330085
6184	0.041765623368436235
6185	0.04427833158569444
6373	0.02958394310452917
6432	0.014498873130927901
6454	0.03353364183086989
6455	0.0448247033758563
6526	0.07107762602957786
6557	0.04364360698863907
6670	0.022261012741137537
6807	0.03830396282504864
6867	0.05054513320569549
6946	0.03763696661004995
7109	0.07837211263365935
7176	0.02360802537983927
7183	0.015231559887140703
7198	0.019555052184018703
7234	0.037346082714738806
7302	0.06606941242611476
7351	0.07837211263365935
7431	0.037935608316770994
7494	0.046644655408330085
7555	0.07837211263365935
7589	0.013363887326533815
7597	0.03502085398527621
7619	0.025236463157928053
7794	0.03095689298776724
7911	0.024037135362191913
8043	0.050472926315856106
8059	0.060348982596275566
8134	0.049648782922283405
8210	0.07837211263365935
8290	0.0367860460048553
8312	0.04606724507087197
8361	0.0255324733524005
8399	0.05499487288408156
8405	0.05830727281590512
8417	0.03625268804570173
8546	0.052586842986065925
8623	0.0700924735902666
8628	0.036516191975484814
8656	0.027494478879413878
8721	0.013671648994930303
8732	0.12569566682648017
8744	0.06606941242611476
8874	0.06606941242611476
8921	0.032336901428013244
9014	0.02810656566399634
9117	0.0283610857181894
9324	0.056581031793239055
9337	0.022039254993240873
9383	0.0829280240220511
9468	0.026914121022733953
9469	0.052586842986065925
9472	0.12069796519255113
9537	0.049648782922283405
9601	0.07837211263365935
9668	0.03063691692457946
9702	0.056581031793239055
9707	0.060348982596275566
9725	0.49426981116414814
9738	0.07060997302344973
9787	0.01817759318039664
9884	0.14102647395849408
9885	0.21391496797742926
9939	0.04066378592573401
9949	0.03922767314533231
10419	0.04232585255889177
10421	0.02360802537983927
10461	0.03456371294868214
10477	0.037935608316770994
10789	0.043259593195311835
10817	0.04105675257281978
10833	0.04375738182761353
10894	0.02153828454522739
11167	0.023949987838157133
11186	0.01898358124179798
11456	0.07837211263365935
11468	0.07469216542947761
11590	0.021821803494319534
11594	0.026362364091654506
11620	0.030795762145645618
11716	0.04732355419282082
12074	0.03349639140043937
12275	0.027735313974892574
12331	0.06284783341324009
12469	0.05229810955790947
12532	0.02009556247165346
12595	0.07837211263365935
12629	0.060348982596275566
12842	0.0367860460048553
12893	0.07060997302344973
