29
t_index	tf-idf
198	0.15150766660890802
465	0.15049451981681342
616	0.2259805453972494
773	0.13098244603693468
1674	0.16852577844829036
1894	0.27007492492984825
2104	0.14950226414513437
2758	0.15468174178378374
4135	0.0863563186063868
4346	0.1457259985195549
4422	0.0781142618126706
5060	0.18188616586465065
5491	0.27007492492984825
5912	0.3367871458186189
5961	0.28391896159435487
6047	0.20044528384855145
6079	0.28391896159435487
6263	0.1880378522281691
6315	0.17000659359669215
6555	0.15808004944103998
6874	0.17818259314582668
7439	0.07924130852804792
8454	0.16173669607606608
8999	0.13516966800390498
9850	0.17474379520841857
9895	0.17311236117298537
10213	0.0746754638752625
10804	0.1405650545592095
12261	0.15926832450847872
