217
t_index	tf-idf
148	0.08126949248342319
157	0.02487946163737959
198	0.27327768177172534
348	0.020332026292403965
413	0.011251464977974102
465	0.030161138534658932
468	0.04137907601599649
478	0.024217311795861104
488	0.038133989925007855
540	0.04204447358308229
616	0.045289559674070924
772	0.0372566181243138
773	0.02625065487658449
879	0.03502102150808257
920	0.07369230900556505
998	0.30426992486684773
1034	0.10394915128438904
1162	0.030571602156190213
1269	0.06081168606522775
1387	0.09081662209651434
1400	0.05021618643902971
1428	0.02085347433068623
1447	0.02399199094635392
1448	0.029962277069060437
1573	0.031000314485882165
1674	0.03377484679593132
1703	0.03502102150808257
1784	0.05021618643902971
1837	0.08654466009291763
1894	0.27063335048552073
1966	0.04017194767048098
2052	0.04437034642212935
2107	0.03437782058919608
2220	0.03293567084470809
2235	0.03437782058919608
2509	0.050676289245807034
2608	0.06081168606522775
2686	0.04204447358308229
2727	0.022797339238264692
2758	0.06200062897176433
2760	0.028336005539958978
2806	0.02511470352855921
2845	0.019632847817277383
2848	0.04248798162181475
2858	0.06534284619785322
2869	0.0346940600478729
2966	0.021650989571835384
3041	0.020701590256486182
3101	0.03645244925103771
3258	0.040756638160856964
3272	0.03213123774383549
3289	0.033207363160049075
3325	0.06081168606522775
3403	0.013117932191149602
3433	0.0339883098545557
3437	0.03768533045400576
3447	0.03348693170235739
3496	0.0171492967077698
3549	0.05412667009710415
3553	0.03407162219273337
3592	0.06081168606522775
3599	0.05690120240715331
3717	0.030364186863525034
3820	0.036074187460375766
3839	0.017045592059259002
3872	0.03241422280642582
3919	0.0372566181243138
3959	0.05690120240715331
4013	0.021486123345472563
4021	0.03241422280642582
4038	0.043531170470906114
4094	0.028503739148351387
4119	0.05412667009710415
4130	0.035710203154757245
4307	0.023577112383392603
4332	0.01488318820797971
4346	0.0876163869913638
4348	0.05197457564219452
4366	0.03348693170235739
4422	0.01565515525038646
4500	0.06081168606522775
4515	0.19952617403845974
4612	0.038133989925007855
4678	0.05412667009710415
4736	0.027089830827807727
4965	0.0372566181243138
4989	0.045289559674070924
5087	0.1060783728448761
5126	0.11380240481430662
5301	0.042759203428499364
5310	0.05372753519194644
5324	0.040756638160856964
5491	0.05412667009710415
5499	0.1082533401942083
5688	0.037219925408513134
5859	0.04437034642212935
5956	0.031000314485882165
5989	0.04437034642212935
6047	0.08034389534096197
6069	0.04017194767048098
6090	0.04872948955120589
6118	0.05690120240715331
6175	0.04204447358308229
6187	0.03860454370594733
6263	0.03768533045400576
6270	0.06081168606522775
6280	0.05690120240715331
6430	0.034934548119689
6555	0.03168138133242688
6585	0.018549495801576554
6594	0.05690120240715331
6624	0.06749670203335133
6667	0.02535582707223731
6669	0.02769280462107249
6671	0.020404814859684137
6874	0.035710203154757245
6919	0.06081168606522775
6928	0.06081168606522775
6932	0.07720908741189467
6959	0.18565643034347837
7039	0.07163295808861342
7122	0.05690120240715331
7123	0.05412667009710415
7163	0.047441654128980555
7237	0.022797339238264692
7275	0.019107850767221688
7346	0.03407162219273337
7662	0.02511470352855921
7701	0.045289559674070924
7733	0.03267142309892661
7852	0.05690120240715331
7996	0.011055489945637353
8295	0.03168138133242688
8300	0.06081168606522775
8312	0.019837331223801886
8329	0.02884822003097254
8340	0.03645244925103771
8353	0.06081168606522775
8454	0.03241422280642582
8494	0.0346940600478729
8527	0.05021618643902971
8565	0.08191262783002282
8566	0.02902518718663365
8830	0.18243505819568326
8937	0.043531170470906114
8968	0.04170694866137246
8970	0.05021618643902971
9021	0.03962068681283168
9034	0.036074187460375766
9076	0.022986451952011717
9083	0.07004204301616514
9104	0.035710203154757245
9198	0.018136520934259576
9262	0.02487946163737959
9516	0.02367917089540144
9528	0.014842060472368225
9625	0.05412667009710415
9667	0.06081168606522775
9758	0.06081168606522775
9792	0.042759203428499364
9806	0.020701590256486182
9816	0.06081168606522775
9850	0.03502102150808257
9895	0.38163466052660194
9914	0.045289559674070924
9954	0.026944798931079202
9991	0.05690120240715331
10030	0.040756638160856964
10106	0.146027311652273
10110	0.020332026292403965
10125	0.0346940600478729
10204	0.034091184118518005
10206	0.05197457564219452
10213	0.1496597360371179
10226	0.0693881200957458
10441	0.05690120240715331
10480	0.024996365364303285
10481	0.038472890394973216
10519	0.056672011079917956
10550	0.0693881200957458
10580	0.03645244925103771
10731	0.07720908741189467
10736	0.042759203428499364
10769	0.025986407130803014
11046	0.040756638160856964
11198	0.06081168606522775
11289	0.03645244925103771
11320	0.05690120240715331
11426	0.03962068681283168
11499	0.04630570278095527
11530	0.025729206838302227
11564	0.021007788652948896
11645	0.08151327632171393
11659	0.015988530583717506
11674	0.03502102150808257
11678	0.02976743328291412
11687	0.038133989925007855
11748	0.025856949624839684
11763	0.02957644804428295
11784	0.06156715277959692
11787	0.04204447358308229
11841	0.01174467159231202
11942	0.031448973956884264
11964	0.047441654128980555
11987	0.06081168606522775
12336	0.04630570278095527
12391	0.013326093639815732
12475	0.027849628228996632
12525	0.08275815203199298
12628	0.02884822003097254
12676	0.02061827791830851
12798	0.0985992851172967
12839	0.022520446362331005
12840	0.058898543451832146
12958	0.033784192830538025
12994	0.08034389534096197
12995	0.06081168606522775
