59
t_index	tf-idf
148	0.07018621441438411
198	0.07866964335318659
488	0.09880018854178875
616	0.11733933542155774
730	0.14742358555023594
773	0.06801201910034436
1573	0.08031776696021331
1674	0.0875062178903997
1894	0.14023513462004955
2104	0.1552566951103727
2248	0.08269932846952657
2249	0.09880018854178875
2758	0.08031776696021331
2858	0.08464739117124619
3272	0.041623920725511805
3356	0.07662871493169549
3771	0.0618870258171702
4013	0.11133548006591817
4247	0.04056046307849959
4346	0.07566753938870531
4422	0.04056046307849959
5060	0.18888707244613193
5491	0.14023513462004955
5956	0.08031776696021331
5961	0.29484717110047187
6047	0.10408027095354028
6079	0.29484717110047187
6091	0.0907348938500535
6263	0.0976377704362289
6315	0.08827512419200276
6395	0.15755513809606514
6555	0.08208232222916122
6874	0.09252047350654637
7015	0.12010932373710984
7343	0.22968787104688612
7439	0.041145676785011125
8002	0.07712353274705039
8152	0.1748751415720807
8204	0.08988777939971297
8436	0.11733933542155774
8565	0.21222492294865627
8566	0.07520047003053078
8846	0.3383507357946142
8868	0.10720778287572855
9125	0.05402862904392837
9201	0.10408027095354028
9320	0.15755513809606514
9850	0.0907348938500535
9895	0.08988777939971297
10106	0.07566753938870531
10213	0.038774883422006724
10804	0.21896323052692404
11465	0.08333195676924605
11678	0.07712353274705039
12067	0.1748751415720807
12391	0.03452616856322975
12676	0.026709632925139826
12956	0.11078351279109085
12973	0.18504094701309273
