60
t_index	tf-idf
112	0.09528358516330826
212	0.0890785215667154
557	0.05772780275134017
745	0.09324932777204911
2271	0.10424486902035403
2313	0.24369054405674048
2498	0.03288106673904523
2591	0.0739121741130768
2845	0.06830667924508324
2899	0.09133137888688109
2976	0.08421872339598363
3134	0.08996159806861534
3433	0.05912612884602886
3533	0.08733796119816874
3866	0.09041200711869332
3908	0.2348347839703498
4287	0.05859490449911237
4422	0.10893495209381425
4756	0.18831771770133596
5495	0.1255094510392128
5585	0.1255094510392128
5873	0.26862615234091136
6013	0.07504017849377181
6260	0.31726635961984356
6432	0.04344453179960148
6433	0.11650786090655604
7183	0.04563995987128616
7202	0.3524395720135325
7226	0.06230641546599063
7362	0.04811746634842231
7439	0.05525334265498921
7865	0.16110697829040185
7913	0.026573312392337015
8279	0.09858673889386331
8361	0.0765056939573242
8551	0.049967421349308504
8623	0.05250640291674483
8721	0.040965831216651725
8797	0.053851771241819196
9067	0.2115762508358429
9391	0.04034823764004482
9807	0.06560280339948446
9949	0.11754209296110277
10185	0.18266275777376217
10556	0.07255348768089705
10749	0.0768066374132263
11017	0.08737917261045393
11149	0.09227665182996472
11150	0.11190408133374577
11264	0.1747123479958689
11382	0.13431307617045568
11438	0.12500643875135156
11519	0.07504017849377181
11699	0.04612104295644877
11802	0.1071023367595216
12148	0.03595695653773507
12518	0.0809863358858471
12532	0.06021449356421493
12811	0.11277568801143163
13002	0.28705569014612003
