22
t_index	tf-idf
778	0.09113516936450809
2996	0.1837446678490804
3029	0.3943330347546932
3442	0.14371717154193725
3696	0.3943330347546932
5072	0.17022222325291944
5251	0.24159032975831282
5612	0.20393069396295876
5663	0.3256265772843425
6184	0.05831175224294241
6454	0.0936370754960657
7913	0.04952699028250084
8399	0.051187988966578425
8957	0.1206761980249933
9014	0.1569657494577279
9441	0.12564750989749654
9483	0.3943330347546932
9885	0.23892868072327017
9949	0.10953670377856439
11238	0.1548924331972405
12571	0.22292278340464552
12610	0.14428831078733872
