182
t_index	tf-idf
27	0.03435698864652744
81	0.029583647751852436
99	0.034207973514370264
114	0.07810484632435155
126	0.04478442009454605
200	0.031158377988308523
212	0.036987415293072305
232	0.05158853277029013
240	0.06409935727633095
498	0.0397833163554884
554	0.024184794110544024
570	0.058878835112091084
575	0.12985447652743082
578	0.06288704672541906
705	0.043572109543634156
713	0.046827014347299134
742	0.05328973722611822
746	0.11869169379091853
1040	0.07366294413342991
1134	0.041931064179397674
1249	0.07508476182897544
1252	0.09347513396492556
1279	0.08121396901881331
1416	0.0397833163554884
1677	0.05158853277029013
1691	0.043572109543634156
1720	0.025002418551071267
1827	0.19628187971424896
1832	0.03577510474216042
1917	0.02396988832735869
1988	0.04922136652119862
1995	0.046827014347299134
2017	0.13730495780096655
2078	0.040936758347406975
2103	0.047972819845716795
2112	0.03253402900369391
2146	0.3728192554775239
2160	0.16660344926237383
2171	0.04922136652119862
2204	0.09004711986452289
2247	0.078193772293876
2275	0.03266609427725987
2281	0.08773088421052545
2293	0.0387192282880608
2420	0.05158853277029013
2535	0.16945344881457478
2576	0.029372540954932937
2818	0.02570902088229679
2821	0.033485906139417106
2849	0.16452428599759117
2924	0.025156373510276678
2972	0.021924063284552032
2986	0.03320724120946596
3003	0.059778036260518516
3041	0.029906429339413714
3115	0.061771829125222374
3172	0.06288704672541906
3264	0.047972819845716795
3588	0.03214518194175708
3663	0.04837669687895326
3672	0.04478442009454605
3737	0.04328482550914361
3839	0.02462481327051577
3846	0.04416508337519181
3854	0.07254451531631152
3863	0.06853630370298354
3937	0.0387192282880608
3946	0.022810994258656153
3972	0.06409935727633095
3985	0.11153964929438107
4083	0.047656875097049294
4099	0.09104633109959835
4276	0.01530672556845693
4332	0.043001818794832135
4422	0.09046450799045101
4708	0.016011342214307188
4834	0.08785124088476846
4846	0.1281987145526619
4980	0.10045771841825131
5484	0.06288704672541906
5551	0.06542729323808298
5573	0.040697268995017105
5581	0.07039676749240226
5623	0.0339146409527417
5639	0.047972819845716795
5675	0.026538598143167183
5726	0.037922852566069684
5744	0.03306997131049633
5778	0.03080563048784115
5802	0.03810052615614102
5995	0.1322798852419853
6184	0.012990947603196468
6194	0.05803416546984572
6439	0.040697268995017105
6454	0.020860877862458146
6570	0.2289511589914184
6646	0.022423947646685462
6807	0.023828437548524647
6901	0.04646510355676545
7020	0.03851582639762734
7183	0.05685222834959524
7597	0.043572109543634156
7600	0.03227359558850521
7604	0.021741135728506347
7614	0.07869576295707384
7619	0.0313986043193988
7627	0.05012056766962607
7638	0.078193772293876
7677	0.016051552291404335
7868	0.06689525833874706
7897	0.03176689312883243
7912	0.015344949960178812
7913	0.02206767970282908
8009	0.026710609982825612
8013	0.05012056766962607
8240	0.11775767022418217
8351	0.04416508337519181
8391	0.04510472804125863
8398	0.030236866535604524
8435	0.040463099078733605
8551	0.020747602587753055
8563	0.05648448293819158
8746	0.04837669687895326
8783	0.029906429339413714
8789	0.08220198390720398
8810	0.040935442009171444
8813	0.05158853277029013
8927	0.10585855509482091
8938	0.06725471383650229
8980	0.08714421908726831
9205	0.040935442009171444
9215	0.03334587700050507
9254	0.04576831926698885
9322	0.061150662652843454
9374	0.02742071433293186
9432	0.06689525833874706
9441	0.02799230266224842
9457	0.036987415293072305
9779	0.04758032115696214
9786	0.07039676749240226
9856	0.041608250215278926
9950	0.03496951726311068
10056	0.234581316881628
10094	0.05412227742153523
10095	0.078193772293876
10103	0.06961468047950063
10164	0.030125847764595943
10204	0.02462481327051577
10207	0.02348096861680525
10329	0.12092397055272013
10654	0.03377025849961096
10700	0.042191497594586375
10719	0.03892564364926272
10744	0.03080563048784115
10749	0.0318918516529234
11052	0.05158853277029013
11150	0.04646510355676545
11161	0.058878835112091084
11167	0.02979800247280171
11190	0.07039676749240226
11210	0.019455608961874316
11492	0.03306997131049633
11493	0.21132871755124724
11554	0.0397833163554884
11594	0.19679654011527006
11659	0.011548867845869634
11671	0.0416754096296455
11699	0.019150499352441147
11802	0.08894262138412318
11813	0.061771829125222374
11991	0.08220198390720398
12138	0.08220198390720398
12175	0.05158853277029013
12291	0.02132341932781106
12394	0.05322957813452662
12441	0.06542729323808298
12548	0.047972819845716795
12655	0.051081830310617346
12785	0.02836247692589243
12869	0.020917862735529272
12907	0.04510472804125863
12963	0.02114816189694869
