92
t_index	tf-idf
348	0.032913543674144057
441	0.47330064190254256
471	0.13843744733315752
557	0.026859574986629803
710	0.03491467205057891
1019	0.030931844750807614
1040	0.02063584261080499
1213	0.040274945320969535
1309	0.04727788790515734
1616	0.034475617396049485
1648	0.19688427079734605
1996	0.025270498096066
2104	0.09700604363843031
2372	0.05247223875572665
2386	0.02436213541836974
2580	0.05247223875572665
2781	0.02964246599999907
2928	0.10926385881496568
2963	0.052066697858578835
3338	0.062493148346989935
3350	0.09016611938636027
3442	0.1076335788264363
3447	0.05420874305628803
3806	0.07495980719896583
3946	0.10224388239817407
3998	0.03616433455838055
4013	0.06956359872340527
4197	0.048503021819215154
4422	0.025342611142087877
4423	0.08169940302880915
4783	0.06329396217201932
4973	0.05331636036638048
5024	0.061005123244202514
5117	0.01955156773760738
5250	0.05900933154418487
5257	0.065976965149795
5262	0.08129010959067309
5279	0.02477482323562705
5527	0.056692132124088856
5614	0.06329396217201932
5712	0.03400746976135593
6035	0.06329396217201932
6442	0.053878868446376856
6460	0.043853097436202575
6591	0.050830117641223936
6646	0.050254527270780815
7157	0.21548053998148553
7301	0.05839700025028609
7329	0.08413659517957528
7394	0.03233737324576022
7416	0.3546681465376772
7439	0.02570825892501478
7566	0.10926385881496568
7616	0.028276074374924527
7641	0.04698605797467323
7657	0.0704683861743804
7677	0.017986645016226172
7753	0.052066697858578835
7911	0.03351179490091697
8252	0.09844213539867303
8308	0.08413659517957528
8399	0.012778678164177625
8486	0.04508305969318013
9284	0.08762041198238035
9528	0.04805274187099432
9884	0.1474609037126627
9885	0.05964666275808774
9899	0.1793167727105944
10063	0.06356342302421653
10550	0.05616284595528268
10674	0.061005123244202514
10739	0.07495980719896583
10761	0.055650916593941266
10768	0.0461419363640194
10916	0.06413808378267316
11050	0.028539952995324486
11193	0.10926385881496568
11238	0.03866767563746748
11240	0.10751235336340002
11441	0.03616433455838055
11453	0.06921872366657876
11659	0.03882342016121459
11767	0.035736569534054276
11841	0.01901230875038062
11887	0.05420874305628803
12015	0.08129010959067309
12383	0.43705543525986273
12676	0.016688464322009544
12838	0.09016611938636027
12843	0.05054232245600237
12880	0.04534112253899
12958	0.02734497512033625
