147
t_index	tf-idf
99	0.03632693826170365
101	0.03713565476554617
129	0.03334354664813179
134	0.09329306228836949
212	0.039278548647349365
554	0.02568288712445
556	0.03617036718574818
557	0.02545466930515775
576	0.06078330403095102
628	0.0727816885223488
749	0.08694226063745221
916	0.044528424902241785
928	0.07103899091396136
949	0.027912654013631112
1134	0.044528424902241785
1428	0.03199195098085032
1460	0.033215443435715766
1544	0.07973578166535031
1560	0.11091100957476449
1613	0.05227031475632811
1646	0.030971144279222613
1862	0.02568288712445
2003	0.04272496405195644
2040	0.052740063055086904
2063	0.10330379630716152
2214	0.0726538765234073
2249	0.1170050339851398
2347	0.06283233030369792
2369	0.059224407899329624
2382	0.06948009478233996
2386	0.023087859765121448
2406	0.03234849422386314
2485	0.11305361878727914
2487	0.03889914763892679
2788	0.03571035618816809
2798	0.04178523058664022
2900	0.02607125137869331
3085	0.035264217003413395
3101	0.05592281415932079
3270	0.06806990169745006
3488	0.05012222662184492
3632	0.09511705586285875
3727	0.039866539738834576
3769	0.04722602340793184
3793	0.04658262514471399
3804	0.11431302830832261
4011	0.07973578166535031
4083	0.025304456557021248
4087	0.04224763786386067
4088	0.04789867690284018
4380	0.04111763635955584
4469	0.059224407899329624
4487	0.03730284104841902
4590	0.0872938700426706
4748	0.046271122510629224
4850	0.08303737540535915
4851	0.04860337335257238
4984	0.03889914763892679
5315	0.019505888790022477
5483	0.04860337335257238
5584	0.07103899091396136
5600	0.019505888790022477
5649	0.054246022355258446
5686	0.03648518392637768
5800	0.05137332324256619
5856	0.028365161104060614
5899	0.04425693419142054
5992	0.07103899091396136
6407	0.03296251712959728
6432	0.019156561264590873
6439	0.04321820401260762
6442	0.02553035145793098
6515	0.0872938700426706
6526	0.03130364880272014
6585	0.028457347250298592
6591	0.024085709396810664
6646	0.023812967506029518
6771	0.06559819809266973
6777	0.0872938700426706
6847	0.13896018956467993
6892	0.05478411178525213
7029	0.03664514038814063
7121	0.04722602340793184
7192	0.6779191113813419
7198	0.025837011732749163
7377	0.10188885723049923
7562	0.02827354577353255
7619	0.06668709329626359
7813	0.06948009478233996
7867	0.05052761714794068
7912	0.016295471276548356
7913	0.011717315523045536
8022	0.06678249627664991
8047	0.04690082727115097
8204	0.05322521565363073
8270	0.2576479152979833
8386	0.059983334691777704
8437	0.05478411178525213
8477	0.0872938700426706
8570	0.06252600163933845
8571	0.052740063055086904
8576	0.04111763635955584
8794	0.02053841045790976
8797	0.023745560425399853
8798	0.03271384188761005
8828	0.07703818315966025
8836	0.060446362842069355
8920	0.05181502256874082
8930	0.06305908740725975
8938	0.03571035618816809
8961	0.05137332324256619
9241	0.09458863111088962
9242	0.03011935061873997
9262	0.03816834089664145
9441	0.014863123215808837
9463	0.0585025169925699
9491	0.07973578166535031
9499	0.029812159751728403
9528	0.02276965763868448
9577	0.045966043071178436
9668	0.04047886830404502
9708	0.059224407899329624
9949	0.025914680302737844
10103	0.09240857978713268
10204	0.052300325303293524
10217	0.05181502256874082
10218	0.0727816885223488
10422	0.05137332324256619
10481	0.029511217269834848
10714	0.03648518392637768
10796	0.02638945350513028
10922	0.02961085285582423
11050	0.027047154165408684
11080	0.03601543562761888
11203	0.07703818315966025
11210	0.020660759261432304
11699	0.020336750066901235
12081	0.10354874917137982
12348	0.05652680939363957
12468	0.052740063055086904
12578	0.07475739612127914
12582	0.040271930264930325
12676	0.03163112899136593
12749	0.05564757982205304
12788	0.0727816885223488
12907	0.04789867690284018
12984	0.0872938700426706
