437
t_index	tf-idf
65	0.014685690532272037
99	0.03310629039309523
106	0.03316453065989387
112	0.057434587293511925
128	0.03237043327856503
129	0.01519369909619516
148	0.018937398822933355
160	0.02989121983904103
173	0.03406480401944352
208	0.011230820666567153
230	0.025116929309527792
348	0.014213292553395405
412	0.014471639688262896
413	0.06292353200270046
468	0.028926428903166993
510	0.04718419888861711
562	0.03316453065989387
659	0.015554965973877878
660	0.012173100612325466
692	0.028926428903166993
702	0.05539442107131457
742	0.00859558622513589
748	0.031660088965285285
785	0.03783775340280162
795	0.03783775340280162
801	0.019693297601931184
852	0.029391581276535766
879	0.024481771617573343
886	0.018350765049841792
920	0.025757647854867838
949	0.012718996888205259
998	0.017725227329931873
1019	0.013357521238431945
1040	0.008911324499634625
1097	0.06851778882672781
1115	0.03783775340280162
1130	0.037472258184560445
1152	0.04251097614570937
1171	0.059777413852628886
1177	0.04251097614570937
1213	0.05217665889333901
1223	0.03316453065989387
1416	0.019251038409391436
1428	0.014577815666483689
1458	0.018937398822933355
1470	0.07266662341638606
1500	0.025196481578929914
1554	0.5044377786282274
1560	0.033692646710466415
1584	0.07209640805426257
1616	0.0074439270480911295
1636	0.039543746512990356
1660	0.019693297601931184
1671	0.14831015120176816
1690	0.017311475728601984
1738	0.04245273587891072
1794	0.07020818668136665
1810	0.06163432305967662
1832	0.017311475728601984
1848	0.024032136018087524
1858	0.05978243967808206
1885	0.044627286958939597
1887	0.04251097614570937
1890	0.02340935183518797
1900	0.07209640805426257
1917	0.01159896366445443
1955	0.029391581276535766
1976	0.021826055027904547
1998	0.09128884992725057
2003	0.0389370845610122
2063	0.16004677500886685
2139	0.05096484905553792
2158	0.021826055027904547
2163	0.03406480401944352
2173	0.02340935183518797
2202	0.02548242452776896
2212	0.022659464679661255
2220	0.02302398779274954
2224	0.015311983450757507
2238	0.07266662341638606
2273	0.026986866222377545
2291	0.020675691773069674
2302	0.015077454228988953
2307	0.02248433703401499
2315	0.030743826095625065
2316	0.02248433703401499
2381	0.0433421177701033
2383	0.035104093340683325
2397	0.012558464654763896
2406	0.04422084662789658
2408	0.024963550473538994
2448	0.02849130791698613
2487	0.017725227329931873
2498	0.013213262247222206
2506	0.062035008741734274
2509	0.04723430999694873
2554	0.02094540915026992
2607	0.015871551610317797
2670	0.030623966901515014
2721	0.031017504370867137
2754	0.020290327730631247
2788	0.016272186407362173
2818	0.02488105034032254
2821	0.03240747752163012
2823	0.02108442511196009
2835	0.02198469847150973
2845	0.04117357596387319
2848	0.01485080985311717
2849	0.02653761793608727
2900	0.02375984490727974
2906	0.016997836142143903
2924	0.012173100612325466
2955	0.02340935183518797
2973	0.024963550473538994
3031	0.02302398779274954
3080	0.018637703471593194
3175	0.047221243131682196
3294	0.020809201784861217
3339	0.025757647854867838
3345	0.03977731608359107
3354	0.04718419888861711
3355	0.04718419888861711
3363	0.022147165014324902
3415	0.04251097614570937
3433	0.01187992245363987
3447	0.02340935183518797
3466	0.03651553997090023
3488	0.04567852588448521
3494	0.03597248387350702
3496	0.011988375761818533
3505	0.031743103220635595
3519	0.03977731608359107
3530	0.035104093340683325
3533	0.0965161299410213
3536	0.01764042073656205
3586	0.05397373244475509
3600	0.04245273587891072
3611	0.029391581276535766
3663	0.02340935183518797
3666	0.019144862431170643
3678	0.03406480401944352
3698	0.03977731608359107
3700	0.026986866222377545
3745	0.03406480401944352
3815	0.05533518235984931
3897	0.0194685422805061
3941	0.024253206160259253
3946	0.011038177981590395
3956	0.02849130791698613
3980	0.08993120968376755
4008	0.013964480728685447
4013	0.01502007485902344
4083	0.02306103203581463
4111	0.023818085174078383
4135	0.024197204453919385
4156	0.035104093340683325
4195	0.02094540915026992
4247	0.010943882244815755
4276	0.007406882805026041
4282	0.03316453065989387
4310	0.03795826974979011
4332	0.010404231486081208
4355	0.04251097614570937
4364	0.03633331170819303
4431	0.035796219003387086
4547	0.016997836142143903
4595	0.04523236268696686
4649	0.04718419888861711
4656	0.03783775340280162
4688	0.026344281627959397
4697	0.07616133063446784
4708	0.015495689760967598
4716	0.0356222285822145
4720	0.035104093340683325
4775	0.023818085174078383
4846	0.062035008741734274
4907	0.04718419888861711
4925	0.04718419888861711
4949	0.0798781151630746
4960	0.03783775340280162
4980	0.01620373876081506
5081	0.03237043327856503
5107	0.03633331170819303
5133	0.04718419888861711
5187	0.03938659520386237
5199	0.031660088965285285
5208	0.03316453065989387
5209	0.024253206160259253
5210	0.03296360048428985
5246	0.008378781844116383
5272	0.019808548874665596
5279	0.010698690304904791
5310	0.018779367212929467
5315	0.10665929740718313
5421	0.03406480401944352
5429	0.014906760674443761
5531	0.04251097614570937
5536	0.026657921214417474
5560	0.024032136018087524
5585	0.32783396224973266
5600	0.017776549567863856
5602	0.08967365951712308
5631	0.02122636793945536
5712	0.014685690532272037
5845	0.02604458627661923
5856	0.05170076562978255
5954	0.04251097614570937
6009	0.04233798987934475
6027	0.021826055027904547
6087	0.0642755742413277
6145	0.052688563255918794
6317	0.04251097614570937
6343	0.020416350750785902
6380	0.04718419888861711
6399	0.07567550680560324
6430	0.012210660794573985
6432	0.026187288710782294
6433	0.02340935183518797
6449	0.01502007485902344
6454	0.05047260984922923
6467	0.031017504370867137
6547	0.022839262942242606
6548	0.031660088965285285
6551	0.03406480401944352
6591	0.02195033569496095
6668	0.06812960803888704
6724	0.03977731608359107
6834	0.016997836142143903
6946	0.022659464679661255
7020	0.018637703471593194
7030	0.05978243967808206
7039	0.01251892181251692
7064	0.019808548874665596
7085	0.02989121983904103
7095	0.02167105888505165
7128	0.04251097614570937
7176	0.014213292553395405
7215	0.021371363533711486
7234	0.04496867406802998
7237	0.03187338510903973
7276	0.02054477435322554
7334	0.030430870597775578
7370	0.07955463216718214
7384	0.03633331170819303
7394	0.013964480728685447
7465	0.03977731608359107
7577	0.03237043327856503
7589	0.06436619316238011
7591	0.026657921214417474
7616	0.012210660794573985
7640	0.017392219631113003
7674	0.02340935183518797
7682	0.019808548874665596
7760	0.028082574578095716
7767	0.02167105888505165
7790	0.04806427203617505
7825	0.022659464679661255
7860	0.08967365951712308
7888	0.027332687422569
7911	0.028943279376525792
7912	0.06682841535646752
7913	0.005339245046456547
7996	0.03091377330692725
8013	0.048506412320518506
8014	0.02198469847150973
8087	0.03237043327856503
8103	0.02849130791698613
8172	0.08502195229141873
8194	0.03783775340280162
8202	0.04251097614570937
8254	0.07997376364325243
8270	0.05031547490960232
8271	0.019579983417351506
8276	0.02108442511196009
8295	0.022147165014324902
8337	0.035104093340683325
8394	0.04992710094707799
8399	0.011036617204839196
8413	0.024718358533628026
8464	0.035104093340683325
8551	0.010039708372992923
8560	0.024481771617573343
8576	0.037472258184560445
8617	0.011069905264970408
8623	0.010549853459793925
8636	0.04718419888861711
8656	0.016553145196547613
8676	0.015432380137216567
8720	0.03237043327856503
8721	0.016462126224095208
8743	0.026986866222377545
8766	0.028082574578095716
8783	0.014471639688262896
8794	0.09358765331855086
8797	0.021640343409255153
8829	0.027332687422569
8832	0.028926428903166993
8844	0.03237043327856503
8879	0.020675691773069674
8893	0.07968346277259934
8930	0.04310132974712764
8934	0.028926428903166993
8957	0.03902840383727958
8997	0.04604797558549908
9045	0.011038177981590395
9060	0.03977731608359107
9095	0.018350765049841792
9112	0.04251097614570937
9114	0.04718419888861711
9117	0.017074888812547297
9125	0.014577815666483689
9249	0.03633331170819303
9262	0.017392219631113003
9266	0.014367109915709214
9299	0.04806427203617505
9317	0.04274272706742297
9350	0.08502195229141873
9438	0.026986866222377545
9449	0.04472028202333129
9456	0.02004513579072028
9486	0.024726059317190737
9496	0.03783775340280162
9555	0.022659464679661255
9626	0.03977731608359107
9683	0.02122636793945536
9689	0.02108442511196009
9718	0.04718419888861711
9744	0.019144862431170643
9787	0.010943882244815755
9883	0.03316453065989387
9949	0.03542573249771155
9969	0.018836012923263017
9974	0.07567550680560324
9989	0.01764042073656205
10001	0.020290327730631247
10068	0.03615108344548585
10094	0.013094811304010032
10103	0.025264765683306864
10107	0.016698140790803746
10158	0.02948056441859772
10173	0.026344281627959397
10198	0.022659464679661255
10204	0.02383176012069149
10207	0.02272475349679949
10213	0.031386310166550316
10217	0.023610621565841098
10240	0.03316453065989387
10276	0.04496867406802998
10291	0.04718419888861711
10349	0.021371363533711486
10367	0.02122636793945536
10421	0.02842658510679081
10461	0.020809201784861217
10480	0.017473942271417155
10522	0.03783775340280162
10564	0.022659464679661255
10622	0.031017504370867137
10635	0.023610621565841098
10656	0.03783775340280162
10681	0.061010327498540864
10739	0.03237043327856503
10744	0.014906760674443761
10749	0.015432380137216567
10751	0.020166617190443065
10755	0.06812960803888704
10780	0.027697210535657286
10859	0.02094540915026992
10865	0.025757647854867838
10878	0.014685690532272037
10904	0.015871551610317797
10953	0.07056331646557458
11008	0.03787479764586671
11052	0.024963550473538994
11070	0.029391581276535766
11075	0.03406480401944352
11117	0.03406480401944352
11119	0.02248433703401499
11150	0.02248433703401499
11186	0.011429130118236977
11210	0.018829032353984337
11215	0.06367910381836608
11295	0.03977731608359107
11296	0.024481771617573343
11318	0.017473942271417155
11400	0.044627286958939597
11412	0.018350765049841792
11474	0.015432380137216567
11503	0.016481800242144923
11529	0.03406480401944352
11535	0.04251097614570937
11590	0.05255156619279801
11619	0.035104093340683325
11629	0.03977731608359107
11645	0.02849130791698613
11659	0.005588465689968813
11674	0.024481771617573343
11699	0.009266874468146493
11764	0.04251097614570937
11773	0.02989121983904103
11779	0.04303909219628191
11800	0.024963550473538994
11841	0.01642044436539492
11944	0.035104093340683325
11960	0.04718419888861711
12068	0.029391581276535766
12148	0.014449309084637695
12149	0.02604458627661923
12175	0.024963550473538994
12417	0.016846323355233207
12425	0.01386747135320395
12471	0.04251097614570937
12488	0.04718419888861711
12532	0.04839440890783877
12535	0.03808066531723392
12568	0.01620373876081506
12577	0.018836012923263017
12578	0.06812960803888704
12626	0.011101782559704156
12631	0.04861121628244518
12646	0.019925804617542963
12662	0.018075541722742925
12666	0.02122636793945536
12676	0.028826798842928502
12678	0.031660088965285285
12749	0.1394635446833401
12751	0.027332687422569
12762	0.040580655461262494
12768	0.018836012923263017
12776	0.044057071596816114
12785	0.013724525321291063
12798	0.03446337479534328
12802	0.03783775340280162
12839	0.015743128007878155
12878	0.028926428903166993
12958	0.011808577499237182
12982	0.033692646710466415
13036	0.024718358533628026
