32
t_index	tf-idf
131	0.19735761540363458
230	0.10938072335043722
949	0.1107789143154623
1560	0.14672677632546283
1890	0.2038889233108953
2063	0.3279912370635744
2924	0.10602431005678079
3341	0.2268410800693566
3738	0.24123497628592094
4074	0.1448013170653809
4276	0.06451188272272884
4310	0.1653029696105443
5246	0.0729768521948506
5429	0.12983372651082756
5802	0.08028943434265205
5856	0.11257481105008843
6161	0.1614842727516523
6442	0.10132410250994456
7002	0.34644932527733185
7912	0.06467298363649915
8113	0.10767853905987632
8270	0.29215583234772663
8295	0.19289562824938314
8546	0.2757505417709205
8794	0.0815122349591507
8797	0.09424067673584166
8832	0.25194112531687374
11240	0.20218673902033438
12626	0.09669342871455801
12636	0.13336310383598143
12749	0.11042623309771256
12982	0.14672677632546283
