331
t_index	tf-idf
41	0.06179880959651941
101	0.022162887301514334
102	0.03579858481386687
135	0.02922496592657072
202	0.022779203520678887
212	0.023441785328258476
258	0.09517403983337688
333	0.04806928853206491
412	0.018954016952911407
413	0.020603292336036045
423	0.02707968280178856
446	0.029677900150494305
472	0.0559816572897861
478	0.011086475305656169
493	0.016765553881887385
499	0.027615015272844507
538	0.04062471954433996
556	0.0215867951340359
626	0.045977069262962224
627	0.04461587538043794
631	0.03237450605369279
643	0.018418684481855463
645	0.03678073847197318
711	0.0520977539263348
778	0.012867893121957588
908	0.0736181074356841
1130	0.024539369145228036
1201	0.042396698256150174
1223	0.0434367556064017
1279	0.012867893121957588
1429	0.045977069262962224
1458	0.049605958421565524
1522	0.045977069262962224
1560	0.06619267173883987
1573	0.028383350217594812
1584	0.03147573622019748
1636	0.034527893080733014
1671	0.03237450605369279
1681	0.02140282428374898
1691	0.027615015272844507
1727	0.04146633525331587
1829	0.02641292986450898
1843	0.13793120778888668
1862	0.06131109700479006
1914	0.045977069262962224
1917	0.030383143675222615
1991	0.08923175076087587
2003	0.025498636532007173
2023	0.03015532892940503
2040	0.03147573622019748
2063	0.1726273347681881
2078	0.012972394713323548
2089	0.034914819710253314
2121	0.0434367556064017
2130	0.04461587538043794
2219	0.04062471954433996
2224	0.02005464481980851
2230	0.10603695176982988
2267	0.034504034880967385
2275	0.02070303003042234
2298	0.025644594919758675
2323	0.049605958421565524
2356	0.045977069262962224
2357	0.03627601359277761
2377	0.042396698256150174
2398	0.03066005380860061
2406	0.15444694030758327
2418	0.023441785328258476
2487	0.023215355449888543
2496	0.03040408570060696
2509	0.01546611047066333
2580	0.029677900150494305
2583	0.04140606006084468
2670	0.02005464481980851
2760	0.025943955161314085
2781	0.016765553881887385
2788	0.1065612825049194
2794	0.014582345367049767
2800	0.0520977539263348
2816	0.02087284836815647
2818	0.016293794625746504
2848	0.019450629492160497
2851	0.04758701991668844
2924	0.015943539249574055
2994	0.1303102668192051
3085	0.021045996688549347
3134	0.02367417456667285
3198	0.03302890030258593
3272	0.014709401967896383
3363	0.05801384641726506
3403	0.012010551173009002
3494	0.023557215487121728
3496	0.015701598597128698
3633	0.03337523023685746
3660	0.05567812493314685
3666	0.025074701616283984
3668	0.04758701991668844
3704	0.04062471954433996
3723	0.02256894879214221
3760	0.04758701991668844
3763	0.03849519071706536
3769	0.0281849085763192
3805	0.05567812493314685
3815	0.048316293437094905
3824	0.06179880959651941
3825	0.0520977539263348
3883	0.030923663874155335
3923	0.01989972362843465
3941	0.03176527958313125
3945	0.045977069262962224
3993	0.03949494725117853
4008	0.07315909189883371
4024	0.03914958496595851
4064	0.05567812493314685
4074	0.043549361100025726
4083	0.030203847081196285
4087	0.05042752808013739
4100	0.03985638459958965
4183	0.024034644266032454
4235	0.0281849085763192
4310	0.13671703314598163
4318	0.04062471954433996
4371	0.029913388276959673
4380	0.09815747658091215
4391	0.02922496592657072
4422	0.014333588595847834
4453	0.024034644266032454
4666	0.03015532892940503
4706	0.025498636532007173
4708	0.010147625727050235
4716	0.023327844632401316
4718	0.03788596424650382
4736	0.024802979210782762
4754	0.03678073847197318
4755	0.0520977539263348
4781	0.05567812493314685
4831	0.023104281263198148
4851	0.05801384641726506
4915	0.02045427325922041
4980	0.021222608203970716
5014	0.05567812493314685
5060	0.03337523023685746
5081	0.08479339651230035
5107	0.09517403983337688
5128	0.03040408570060696
5187	0.02579300650419513
5209	0.03176527958313125
5232	0.018099867130531213
5236	0.042396698256150174
5246	0.010973986123143395
5310	0.036893999455448676
5315	0.011641286997589897
5400	0.0434367556064017
5419	0.025644594919758675
5421	0.04461587538043794
5446	0.024034644266032454
5496	0.03269564258596556
5505	0.028383350217594812
5567	0.03985638459958965
5600	0.03492386099276969
5627	0.027432941164356454
5631	0.05560184560143166
5675	0.016819561887623027
5748	0.03206463982468666
5797	0.04758701991668844
5802	0.048294499519312965
5852	0.024034644266032454
5899	0.02641292986450898
5909	0.026253821390320217
5925	0.03015532892940503
6009	0.018483852906134583
6019	0.03985638459958965
6052	0.05042752808013739
6081	0.03985638459958965
6087	0.021045996688549347
6153	0.02535505155682491
6178	0.06295147244039496
6184	0.016466736186446843
6303	0.03411151330826562
6373	0.023327844632401316
6407	0.039344643681645114
6432	0.022865610479855403
6442	0.01523673961594291
6454	0.02644230296905096
6483	0.03985638459958965
6492	0.049557440269774274
6505	0.0520977539263348
6511	0.03206463982468666
6518	0.03579858481386687
6521	0.0281849085763192
6552	0.04461587538043794
6600	0.034504034880967385
6747	0.09911488053954855
6880	0.03411151330826562
7003	0.2391383075975379
7029	0.02187014398152048
7057	0.049557440269774274
7121	0.0281849085763192
7183	0.012010551173009002
7192	0.03678073847197318
7256	0.1303102668192051
7263	0.09195413852592445
7289	0.045977069262962224
7301	0.03302890030258593
7312	0.03985638459958965
7346	0.031195386279656553
7362	0.025325056968634827
7498	0.026908215639213362
7520	0.042396698256150174
7589	0.021075668387867483
7592	0.07255202718555522
7597	0.027615015272844507
7599	0.14867232080932283
7604	0.013779038965062074
7813	0.04146633525331587
7860	0.03914958496595851
7912	0.00972528142313188
7913	0.0069929975667071915
7990	0.07069130117988659
7996	0.010122214827756892
8178	0.03731607094302913
8184	0.035345650589943295
8270	0.24163315824864734
8288	0.025644594919758675
8295	0.08702076962589758
8328	0.0434367556064017
8354	0.03849519071706536
8382	0.03985638459958965
8398	0.01916344055702649
8399	0.007227523421999521
8433	0.04058449040227282
8455	0.03302890030258593
8570	0.07463214188605825
8571	0.06295147244039496
8619	0.03849519071706536
8631	0.045977069262962224
8742	0.03411151330826562
8794	0.03677251519097076
8836	0.27056193082762325
8850	0.031195386279656553
8921	0.15299181919204302
8930	0.01881711062275496
9045	0.028914182096725662
9083	0.03206463982468666
9093	0.06747139987243415
9117	0.02236358415450203
9241	0.01881711062275496
9262	0.045558407041357774
9328	0.02005464481980851
9374	0.01737862713160394
9391	0.0212359771692687
9416	0.04758701991668844
9422	0.02922496592657072
9449	0.019523910256386105
9456	0.026253821390320217
9465	0.03579858481386687
9471	0.02267345038350817
9495	0.02609752914368226
9528	0.027178266241769715
9561	0.049557440269774274
9576	0.03206463982468666
9611	0.06132010761720122
9656	0.02641292986450898
9668	0.024158146718547453
9676	0.049557440269774274
9683	0.02780092280071583
9689	0.055230030545689014
9697	0.02579300650419513
9709	0.03914958496595851
9726	0.030923663874155335
9727	0.08479339651230035
9899	0.02535505155682491
9949	0.03093222094132666
9954	0.024670190521834383
9969	0.024670190521834383
10093	0.022886238545259955
10094	0.017150736253659083
10158	0.01930586753844791
10172	0.1511075659382513
10204	0.015606648419793723
10217	0.06184732774831067
10240	0.0434367556064017
10358	0.02187014398152048
10368	0.049557440269774274
10421	0.03723130119557078
10481	0.017612555551024596
10536	0.03015532892940503
10586	0.06982963942050663
10705	0.05450909114696979
10739	0.1695867930246007
10772	0.049605958421565524
10855	0.024670190521834383
10859	0.027432941164356454
10957	0.04461587538043794
11050	0.016141980890849665
11104	0.06179880959651941
11158	0.04461587538043794
11240	0.06080817140121392
11286	0.03731607094302913
11289	0.03337523023685746
11302	0.049557440269774274
11304	0.1113562498662937
11400	0.02922496592657072
11412	0.024034644266032454
11472	0.042396698256150174
11474	0.04042466521355011
11495	0.06675046047371493
11497	0.07159716962773374
11503	0.0215867951340359
11718	0.04461587538043794
11778	0.04062471954433996
11779	0.0281849085763192
11843	0.022886238545259955
11846	0.042396698256150174
11968	0.04461587538043794
12054	0.06179880959651941
12055	0.049557440269774274
12428	0.03176527958313125
12468	0.03147573622019748
12582	0.024034644266032454
12673	0.0434367556064017
12751	0.25059009369706814
12776	0.01923436689345234
12785	0.017975494913779047
12795	0.02858635413301515
12805	0.03678073847197318
12842	0.02900692320863253
12862	0.018099867130531213
12869	0.01325726720526203
12881	0.03302890030258593
12958	0.01546611047066333
