176
t_index	tf-idf
46	0.034748986346290214
160	0.047589433304957504
202	0.027689933051142375
472	0.03402507776531721
478	0.013476492218355382
481	0.04938257667275468
493	0.020379863770625208
499	0.03356824673071579
556	0.02624046584892911
569	0.13536237563463585
629	0.07512136668055541
631	0.07870757240276328
660	0.019380639626762907
704	0.044709912044815926
908	0.029829554318340907
912	0.06024100895408041
1130	0.029829554318340907
1530	0.05423414392785666
1560	0.08046245547000123
1720	0.03852406337804248
1862	0.018632128311834584
1958	0.03726973318157841
2040	0.038261260007685746
2063	0.13489858992185158
2209	0.027820042633862715
2224	0.04875603064179366
2232	0.028635668455992382
2287	0.022232673268427608
2347	0.02279144152830798
2357	0.0881927576470774
2377	0.0515365576867762
2386	0.01674951743177893
2406	0.1877425360016849
2480	0.09691192297994729
2485	0.0410084255939533
2487	0.05644022079896925
2580	0.036075847319229894
2583	0.025166179097428763
2788	0.05181348462384077
2798	0.03031387297141923
2811	0.028220110399484626
2900	0.018913874385853756
2924	0.019380639626762907
2982	0.10081125496755924
3042	0.018687889004240774
3272	0.01788044763477551
3403	0.014599779908284836
3738	0.0440963788235387
3923	0.02418969629501644
3941	0.07722644597378005
4008	0.022232673268427608
4023	0.06024100895408041
4024	0.09517886660991501
4076	0.03552526975730461
4083	0.018357588815737964
4088	0.06949797269258043
4111	0.07584094472873577
4310	0.09064932226033783
4380	0.11931821727336363
4423	0.028085090894067105
4466	0.032709075578482495
4706	0.030995620098206545
4710	0.07512136668055541
4748	0.03356824673071579
4754	0.044709912044815926
4830	0.13536237563463585
4851	0.17630110748550112
4878	0.03759017217586508
5072	0.029216021097063682
5187	0.06270690040944484
5232	0.022001827615439163
5246	0.02667950534601922
5285	0.0528008300908429
5310	0.014949196591865893
5315	0.014150909942912333
5400	0.1056016601816858
5419	0.031173044123652516
5434	0.04146525662855472
5446	0.058432042194127363
5573	0.03135345020472242
5600	0.014150909942912333
5623	0.026128067867478278
5698	0.07722644597378005
5778	0.023732865260415008
5802	0.058705804055626136
5810	0.02231073840633082
5909	0.031913607338144134
5984	0.03291750754792631
5995	0.025477328684688803
6052	0.03064933493407744
6073	0.03526022149710022
6081	0.0484486044571908
6087	0.025583082339620256
6343	0.032504613984208536
6407	0.07173981402445473
6472	0.04938257667275468
6526	0.022709814449390065
6531	0.055903497385993976
6563	0.027689933051142375
6585	0.0206449120308296
6591	0.01747342601275193
6600	0.08388479561903436
6762	0.12665792436733164
6849	0.012397291798126832
6883	0.03135345020472242
7003	0.48448604457190797
7250	0.06768118781731793
7256	0.0528008300908429
7362	0.09235386101291121
7597	0.03356824673071579
7912	0.011821852825783732
7913	0.008500544554735721
7996	0.02460871387846626
8227	0.16270243178357
8270	0.18691547386581125
8295	0.10578066449130066
8388	0.04938257667275468
8399	0.017571258757932702
8571	0.15304504003074298
8623	0.016796288351745143
8728	0.0357970288080679
8794	0.02234995799646269
8836	0.08770387713809376
8849	0.11569161269403427
8869	0.07518034435173016
8957	0.020712209487318927
8999	0.03014999331262757
9045	0.017573743650871335
9198	0.04037057214258785
9328	0.02437801532089683
9358	0.0440963788235387
9374	0.021125103051036705
9659	0.02670221055225875
9668	0.029366148147760944
9683	0.06758846422465753
9726	0.03759017217586508
9787	0.03484723320034815
9805	0.07512136668055541
9875	0.06332896218366582
9949	0.05640086095707481
9954	0.029988578103197983
10107	0.026584898902079712
10172	0.15744279509357464
10204	0.11382673222209112
10207	0.018089896409898984
10296	0.05040562748377962
10586	0.12732521829290114
10705	0.033130067150241346
10840	0.06768118781731793
10891	0.15024273336111083
10904	0.02526889671524499
10949	0.046053401850127525
10957	0.05423414392785666
11005	0.0440963788235387
11240	0.07391716718863674
11412	0.029216021097063682
11414	0.07512136668055541
11437	0.029216021097063682
11474	0.02456969736369181
11620	0.02951840473108086
11659	0.02669197677397428
11763	0.03291750754792631
11843	0.05564008526772543
11901	0.15024273336111083
11968	0.05423414392785666
12023	0.04679396506461915
12150	0.09094161891425769
12187	0.05784580634701714
12532	0.01926203168902124
12556	0.12048201790816082
12628	0.0321070163392164
12673	0.0528008300908429
12728	0.06332896218366582
12751	0.21758013091233697
12839	0.025064435120971028
12842	0.03526022149710022
