62
t_index	tf-idf
198	0.09426169258023316
413	0.03492871841416174
465	0.09363135529372746
468	0.12845599192907708
772	0.11565835436323986
773	0.08149176433171063
998	0.078713887098089
1400	0.15588965875959493
2104	0.09301401558295071
2217	0.07514539299580035
2561	0.11984281506913809
3041	0.06426541061183264
3164	0.11198765123384181
3258	0.12652371407770008
3272	0.0498736367952946
3432	0.05405809750119282
3508	0.12845599192907708
3768	0.0765221833877096
4013	0.13340178432143812
4088	0.09692477277072867
4736	0.08409687758208226
5060	0.1131619160605761
5127	0.1351368909376391
5246	0.03720835145417736
5324	0.12652371407770008
5412	0.0794816192967244
5499	0.16802924972161173
6090	0.15127440047423704
6217	0.1097688648303254
6874	0.11085770901360546
6932	0.11984281506913809
6959	0.08233519799980757
7015	0.07195728662006545
7039	0.055593814386585255
8012	0.08026955727660348
8076	0.09181625925621056
8312	0.061582430177851755
8329	0.08955556953553709
8454	0.20125152826514942
8565	0.19071537246303913
8650	0.15588965875959493
9034	0.11198765123384181
9104	0.11085770901360546
9211	0.07019560703779076
9850	0.10871823369016698
9895	0.10770322410712128
10106	0.5439874924160499
10204	0.052915836862670575
10213	0.13937979067289855
10493	0.10577094625574426
10519	0.08796546586821115
10804	0.08745365998267489
11564	0.06521596394776273
11641	0.14059558289109392
11658	0.12845599192907708
11659	0.02481716308534588
11687	0.1183820416902644
12391	0.041369134883063464
12583	0.17664242658155074
12798	0.0765221833877096
12843	0.09692477277072867
12869	0.04495003474216473
