236
t_index	tf-idf
62	0.03660909290839151
73	0.013188264891704615
84	0.023251768964912316
86	0.019511770546034344
101	0.08186088667237013
129	0.014700332123671167
135	0.021589078996538676
205	0.024921250302103508
212	0.03463385083447097
333	0.017754882418573495
472	0.02067739659000801
478	0.008189805653438837
617	0.04164153479550529
710	0.02917572387636563
744	0.014872759144981818
778	0.019011550728713338
908	0.03625546598293104
909	0.030632028442054662
916	0.01963146398055948
1021	0.032087618185633514
1040	0.008621957627108854
1289	0.027170682436981515
1428	0.014104447546195787
1441	0.01905382050320992
1445	0.091304084707815
1449	0.032958658036013805
1450	0.0456520423539075
1503	0.024152938703317476
1560	0.08149646337497324
1613	0.023044668740117524
1645	0.14574537178426852
1665	0.026445145477764102
1691	0.02039977557934551
1788	0.0456520423539075
1829	0.019511770546034344
1845	0.026466815391631007
1847	0.02679783186408949
1864	0.07030700632962532
2003	0.018836363394799854
2008	0.013950955542999343
2063	0.01821761951572641
2170	0.025198871312766
2214	0.016015634542975707
2232	0.05220658809674433
2251	0.015356173536968847
2298	0.018944185835766663
2347	0.013850598037991248
2377	0.03131930658684748
2386	0.02035771480182634
2393	0.0205371092657337
2444	0.0456520423539075
2449	0.027987135281282653
2487	0.03429931408643249
2498	0.006392101825946189
2583	0.015293750963388955
2597	0.032958658036013805
2649	0.0456520423539075
2737	0.0456520423539075
2782	0.01975339480463151
2911	0.03189321257733853
2995	0.0456520423539075
3015	0.03515350316481266
3085	0.015547107435868226
3129	0.030632028442054662
3136	0.06263861317369496
3272	0.010866135545705988
3342	0.0456520423539075
3403	0.00887243936289125
3429	0.0456520423539075
3488	0.044195261283659276
3496	0.011599091452734803
3568	0.022649207714223518
3632	0.020967360289613192
3727	0.01757615591907164
3794	0.021589078996538676
3804	0.025198871312766
3906	0.03660909290839151
3919	0.025198871312766
3946	0.032039244954549836
4006	0.03848567447037749
4008	0.06755514353238999
4011	0.07030700632962532
4013	0.014532345780451926
4024	0.02892059770524283
4086	0.04317815799307735
4087	0.05587776680686136
4310	0.009181423967741182
4316	0.0456520423539075
4329	0.03660909290839151
4332	0.01006638721542482
4333	0.032087618185633514
4380	0.03625546598293104
4423	0.03413520854756136
4466	0.03975529651945368
4566	0.030632028442054662
4580	0.0456520423539075
4590	0.03848567447037749
4705	0.030010309735129182
4726	0.03515350316481266
4851	0.042856012778330815
4949	0.012880721309490119
5007	0.032087618185633514
5024	0.02548883501237119
5054	0.010961365107935514
5100	0.03131930658684748
5117	0.016337863372628568
5315	0.008599656377489485
5505	0.020967360289613192
5516	0.02391570859049781
5532	0.022843941851599173
5560	0.023251768964912316
5600	0.008599656377489485
5686	0.016085401081382313
5729	0.03497719218437564
5800	0.045298415428447036
5802	0.008919033197852304
6076	0.030632028442054662
6221	0.055132286925751034
6396	0.020004314553451502
6407	0.02906469156090385
6432	0.008445646646671828
6439	0.01905382050320992
6460	0.01832246712884118
6518	0.026445145477764102
6526	0.013800992406083184
6530	0.03660909290839151
6591	0.010618784237434514
6671	0.013800992406083184
6849	0.030135856960564637
6907	0.016672143247886677
6908	0.11421970925799586
6925	0.029442725024861498
7029	0.03231184373450003
7085	0.02892059770524283
7121	0.04164153479550529
7192	0.8151204731094454
7198	0.03417266833333837
7212	0.022276357141331492
7252	0.0456520423539075
7286	0.023044668740117524
7362	0.009354068313739434
7377	0.044920237693837926
7439	0.0107412875402607
7589	0.007784513262970885
7781	0.03848567447037749
7820	0.03660909290839151
7877	0.020820767397752644
7910	0.027566143462875517
7912	0.0071842639418331425
7913	0.00516587007388034
7996	0.007477486751753453
8014	0.0212708154297258
8069	0.05097767002474238
8161	0.030632028442054662
8270	0.12981770709879306
8309	0.030632028442054662
8312	0.013417169401402973
8386	0.026445145477764102
8399	0.010678238222684594
8477	0.03848567447037749
8478	0.10982727872517453
8551	0.009713700829099435
8570	0.027566143462875517
8571	0.04650353792982463
8576	0.01812773299146552
8783	0.014001719294601533
8794	0.02263717310951316
8797	0.020937642201036714
8836	0.026649282957910587
8869	0.045687883703198345
8895	0.02067739659000801
8920	0.022843941851599173
8921	0.018836363394799854
8925	0.08226113526229901
8938	0.015743798995362105
8957	0.037761080763304505
8983	0.02548883501237119
9048	0.022649207714223518
9241	0.013900583793389999
9304	0.03515350316481266
9334	0.032958658036013805
9343	0.029442725024861498
9347	0.03660909290839151
9364	0.018836363394799854
9374	0.025675893339842996
9401	0.02892059770524283
9428	0.04113056763114951
9456	0.019394233867739814
9463	0.15475374091490274
9485	0.02013348925295983
9495	0.019278777594234096
9500	0.02368680408079945
9528	0.010038570076638867
9577	0.020265273718120102
9897	0.032087618185633514
10001	0.03926292796111896
10014	0.029442725024861498
10020	0.022097630641829638
10103	0.05703687012051012
10164	0.014104447546195787
10172	0.015946606288669264
10204	0.011528949818203198
10274	0.091304084707815
10324	0.032087618185633514
10481	0.013010754369307601
10688	0.016015634542975707
10708	0.019394233867739814
10719	0.01822437341325717
10768	0.019278777594234096
10796	0.023268894288984036
10916	0.02679783186408949
11050	0.023848821688194403
11160	0.015946606288669264
11165	0.016015634542975707
11330	0.027987135281282653
11373	0.024654963975717824
11659	0.0054069980709869035
11890	0.027566143462875517
11930	0.0456520423539075
12065	0.0284371833132558
12150	0.07368823406459198
12161	0.04650353792982463
12347	0.03131930658684748
12417	0.0325985853499893
12468	0.04650353792982463
12475	0.018836363394799854
12477	0.03848567447037749
12578	0.0988759741080414
12582	0.03550976483714699
12611	0.033964199747619495
12658	0.032087618185633514
12749	0.012266810035166364
12869	0.009793413949283868
12881	0.024399122982484832
12885	0.02039977557934551
12913	0.042856012778330815
