215
t_index	tf-idf
76	0.02083742981642629
148	0.026969600631211517
198	0.0906882732202378
208	0.015994316377351124
213	0.029829298369954446
465	0.030027277247793117
478	0.012054915212417314
579	0.05365042483126568
616	0.04508855536740025
769	0.04610018862384341
772	0.18545632825637218
773	0.07840244734225334
774	0.11329732652161013
1007	0.033059982106747106
1034	0.051743901870653246
1035	0.09998663351510416
1036	0.02297997283703379
1058	0.03999365637007476
1236	0.06216693147367037
1319	0.03227036187184481
1350	0.06719713789776673
1458	0.053939201262423034
1576	0.06719713789776673
1674	0.033624947134464504
1677	0.035551713986881756
1703	0.06973118213794993
1800	0.01974928910024113
1813	0.02854717862410162
1837	0.11488074297725075
1958	0.03333830986682177
1984	0.038925708375097796
2052	0.1325202653142785
2078	0.014105575853431293
2088	0.06172545752984038
2105	0.04119542723369159
2244	0.07503615053634635
2251	0.022603389849378975
2388	0.03591408285588494
2408	0.035551713986881756
2509	0.03363425168946267
2593	0.04185787163060759
2645	0.32270132036690385
2686	0.04185787163060759
2758	0.18517637258952113
2759	0.16165933467378227
2788	0.023173951866701455
2798	0.02711619333202446
2845	0.039091426465594756
2848	0.06344911693525682
3035	0.034865591068974966
3041	0.02060971237499581
3193	0.048513218133860586
3249	0.18440075449537363
3289	0.09917994632024131
3335	0.060054554495586235
3384	0.03227036187184481
3433	0.03383746280047992
3448	0.04333797025429909
3703	0.04333797025429909
3768	0.049080840685922555
3769	0.030646952596729927
3927	0.030646952596729927
3946	0.015719965273119446
3969	0.048513218133860586
3980	0.02561501536859182
4007	0.20597713616845795
4008	0.019887444511059792
4060	0.029829298369954446
4094	0.028377233738136144
4118	0.04057575188475478
4135	0.03446032618395761
4155	0.03278949561733743
4247	0.015585674477122786
4348	0.051743901870653246
4366	0.03333830986682177
4606	0.027416268859937268
4634	0.05664866326080507
4736	0.053939201262423034
4973	0.03278949561733743
5042	0.03392040538150178
5097	0.06719713789776673
5149	0.19405287253544234
5199	0.04508855536740025
5279	0.015236485617595647
5431	0.05664866326080507
5485	0.06845048961400915
5524	0.020914551800498605
5600	0.02531638304335833
5612	0.03130939699364594
5639	0.033059982106747106
5765	0.03099435903047587
5859	0.04417342177142616
5864	0.06719713789776673
5924	0.0272650588782488
5952	0.047231098388007764
5956	0.03086272876492019
6009	0.020098477959768275
6066	0.027884734227185612
6069	0.03999365637007476
6091	0.034865591068974966
6187	0.07686641772829454
6488	0.06719713789776673
6555	0.1261630915913429
6560	0.05388644489126075
6573	0.03999365637007476
6595	0.09702643626772117
6646	0.030906472054226954
6669	0.027569898303751592
6670	0.038173689406650245
6671	0.020314254127958533
6807	0.01642112599424986
6882	0.06054179139451374
6959	0.1320231780174706
6969	0.02561501536859182
7006	0.30270895697256867
7027	0.02668296336356878
7050	0.07040505025470922
7198	0.03353344688690124
7343	0.1323890354463582
7346	0.03392040538150178
7362	0.027537283590103302
7394	0.019887444511059792
7439	0.03162109482186976
7445	0.13526566610220078
7589	0.022916697007492156
7635	0.04333797025429909
7717	0.03303721072689694
7828	0.06667661973364354
7913	0.00760385879399263
8012	0.025742191206578113
8023	0.032020954722176274
8276	0.060054554495586235
8329	0.05744037148862537
8356	0.06719713789776673
8565	0.10193635359292659
8566	0.17337820490177258
8595	0.05675446747627229
8812	0.034225244807004576
8846	0.08667594050859818
9021	0.03944484212059042
9030	0.03591408285588494
9034	0.03591408285588494
9191	0.05388644489126075
9241	0.02046084682877147
9337	0.01889670709615144
9441	0.009645305697234386
9448	0.02711619333202446
9499	0.019346364160822145
9610	0.06054179139451374
9628	0.031540772897835724
9781	0.049555816090345414
9787	0.015585674477122786
9806	0.02060971237499581
9807	0.018772008779891103
9949	0.050451377534194
10106	0.08722752758873482
10125	0.0345400807304386
10126	0.03944484212059042
10147	0.04508855536740025
10151	0.0690801614608772
10174	0.02854717862410162
10184	0.0244281192335822
10213	0.014899551559216006
10276	0.032020954722176274
10337	0.13001391076289728
10358	0.04756114528953693
10372	0.02561501536859182
10477	0.032526420656968584
10512	0.051743901870653246
10519	0.05642048913144396
10562	0.047231098388007764
10731	0.1152996265924418
10732	0.04999331675755208
10795	0.03796474349689893
10799	0.04119542723369159
10800	0.06054179139451374
10887	0.03392040538150178
10894	0.018467169354388305
11026	0.036682623751046105
11148	0.03392040538150178
11186	0.048830213336013555
11210	0.013407635536622747
11211	0.038925708375097796
11229	0.02925873635263196
11260	0.04999331675755208
11279	0.032020954722176274
11289	0.036290665843539766
11353	0.0187102617156703
11410	0.1065486830308431
11438	0.01788507383970829
11465	0.06404190944435255
11570	0.06719713789776673
11760	0.061293905193459855
11763	0.05889036346622619
11779	0.030646952596729927
11841	0.011692546343414116
11937	0.0280461100493109
12148	0.030866865538393896
12261	0.03177786236089428
12423	0.022603389849378975
12484	0.04508855536740025
12631	0.02307647249750285
12664	0.09533358708268283
12676	0.03079015469096091
12749	0.05416808206138639
12798	0.024540420342961278
12839	0.022420496026325287
12840	0.019545713232797378
12854	0.047231098388007764
12859	0.07503615053634635
12915	0.12108358278902748
12958	0.050451377534194
12973	0.035551713986881756
12994	0.03999365637007476
13003	0.08239085446738317
