182
t_index	tf-idf
393	0.05096224915865181
472	0.038783223035207356
488	0.04837689006051868
557	0.021048970229073594
648	0.05096224915865181
773	0.09990497040659861
879	0.04442776931119204
953	0.051703989208092584
993	0.054244449306347815
1202	0.0401910921122652
1447	0.030436309198885486
1458	0.034366237844298535
1631	0.04624368269153059
1674	0.5998561584715193
1703	0.04442776931119204
1801	0.06866525044399828
1828	0.05096224915865181
1837	0.036596935479987644
2041	0.04674313831412249
2078	0.03594829462538009
2105	0.05249361567379433
2135	0.051703989208092584
2251	0.02880255745248929
2287	0.02534174152328441
2293	0.03400098792274611
2302	0.027361486282501932
2339	0.045302067144135136
2379	0.04897383594981159
2441	0.042481618540698964
2480	0.036821436526182284
2509	0.02142936243441047
2607	0.02880255745248929
2670	0.027787093151327855
2752	0.045302067144135136
2758	0.07865417747653729
2835	0.039896259442565835
2966	0.027466508075286354
2993	0.055223768932075326
3256	0.041120776928597155
3293	0.056288349974174326
3330	0.042846868462251386
3341	0.047263853653160194
3363	0.0401910921122652
3433	0.02155883415832137
3505	0.08640767235746788
3553	0.04322335859013974
3627	0.05026291803810523
3717	0.03852009539422706
3769	0.03905213416187139
3815	0.03347277796556525
3937	0.03400098792274611
3980	0.032640146310644304
4013	0.054514716606091196
4020	0.06873247568859707
4083	0.06277426899712679
4130	0.045302067144135136
4135	0.021955678580932638
4214	0.039896259442565835
4247	0.01986017529027659
4346	0.037050134095736924
4348	0.06593509718571727
4389	0.027787093151327855
4405	0.034742727972186895
4515	0.0723198520692541
4736	0.13746495137719414
4794	0.06593509718571727
4806	0.10192449831730362
4812	0.055223768932075326
4875	0.05096224915865181
4972	0.02473635481700536
4973	0.041782287420152386
4984	0.06433295131610306
5196	0.08098641066371748
5213	0.02767929541667421
5246	0.015205214422145842
5310	0.017039726686840426
5573	0.07147597784199688
5600	0.016129805793611705
5956	0.039327088738268644
6091	0.04442776931119204
6153	0.03513117214473517
6177	0.05874354865605807
6196	0.06018461982604543
6263	0.04780771935622149
6282	0.051703989208092584
6430	0.022159034460118143
6454	0.0183188169707926
6555	0.0401910921122652
6667	0.03216647565805153
6669	0.07026234428947034
6670	0.07296471168496442
6671	0.051771214452691394
6685	0.03801023146497928
6783	0.053337740954488774
6849	0.014130957647050572
6874	0.045302067144135136
6933	0.04049320533185874
6959	0.16823163230151048
6984	0.040802967794424876
7039	0.02271844452270411
7095	0.039327088738268644
7131	0.05026291803810523
7173	0.061818371572441626
7237	0.02892077058211612
7275	0.02424027482244872
7346	0.04322335859013974
7416	0.034742727972186895
7439	0.020146721495902943
7445	0.05745446656776443
7677	0.01409554528155862
7717	0.021048970229073594
7796	0.04960140754654999
7996	0.042075079690090236
8012	0.03280220117960766
8204	0.04401298505584149
8433	0.028116304862034803
8454	0.041120776928597155
8494	0.04401298505584149
8565	0.10391459689620665
8691	0.07714588106195112
8707	0.03776305207357775
8812	0.04361180276268801
9034	0.04576381868839497
9083	0.04442776931119204
9125	0.07936433379192867
9198	0.023008042983238667
9242	0.02490628760061819
9315	0.041782287420152386
9371	0.055223768932075326
9399	0.045302067144135136
9499	0.02465226538815678
9629	0.05745446656776443
9850	0.04442776931119204
9895	0.04401298505584149
9954	0.03418224996007499
10075	0.051703989208092584
10106	0.07410026819147385
10125	0.3521038804467319
10151	0.08802597011168298
10152	0.055223768932075326
10189	0.04361180276268801
10213	0.1329011422013346
10219	0.026072404194208296
10372	0.06528029262128861
10519	0.1437885547729568
10584	0.041782287420152386
10700	0.037050134095736924
10942	0.06593509718571727
11081	0.05096224915865181
11119	0.040802967794424876
11330	0.05249361567379433
11465	0.08160593558884975
11466	0.05026291803810523
11564	0.05330108305356465
11613	0.051703989208092584
11614	0.06593509718571727
11659	0.04056619240728889
11674	0.08885553862238409
11678	0.03776305207357775
11703	0.03232233717647203
11733	0.10192449831730362
11754	0.07714588106195112
11760	0.03905213416187139
11763	0.07504153529345771
11904	0.046459661752719025
11937	0.03573798892099844
11997	0.06370439955002817
12205	0.055223768932075326
12385	0.041782287420152386
12390	0.061818371572441626
12425	0.050331391684698495
12610	0.02822804046725226
12631	0.02940538695032844
12666	0.03852009539422706
12675	0.044593014818151006
12682	0.053337740954488774
12785	0.04981257520123638
12798	0.031270834664465126
12839	0.028569503477784076
12840	0.04981257520123638
12899	0.05874354865605807
12973	0.045302067144135136
