196
t_index	tf-idf
198	0.10758838662625093
393	0.04744663021305395
465	0.0356229774716701
472	0.03610777138374164
488	0.0450396215130415
557	0.019596911896791504
648	0.04744663021305395
773	0.09301304918021366
879	0.041362929943234886
953	0.048137201497113036
993	0.05050240854434697
998	0.02994747879069369
1202	0.03741851893885062
1447	0.028336667463675486
1458	0.03199549089240843
1631	0.04305357295994391
1674	0.5983663075937874
1703	0.041362929943234886
1801	0.06392839405813448
1828	0.04744663021305395
1837	0.06814460873751217
2041	0.04351857375218082
2078	0.033468409853154246
2105	0.04887235576410698
2135	0.048137201497113036
2217	0.028589809828038694
2251	0.026815619702814805
2287	0.02359354735829871
2293	0.031655437652032506
2302	0.025473960493461106
2339	0.042176914542827126
2379	0.045595387228528475
2441	0.03955103393254323
2480	0.0342813182623164
2509	0.019951062834014863
2607	0.026815619702814805
2670	0.02587020697109309
2752	0.042176914542827126
2758	0.0732282372746813
2835	0.037144025232530783
2848	0.02509103577756826
2966	0.025571737382213442
2993	0.051414170032691546
3256	0.03828406966362087
3258	0.048137201497113036
3293	0.05240531119836209
3330	0.03989108717291916
3341	0.04400336766425236
3363	0.03741851893885062
3433	0.0200716029810622
3505	0.08044685910844443
3553	0.04024160521660231
3627	0.04679554228775933
3717	0.07172559108416729
3769	0.03635813173866405
3815	0.031163666136313228
3937	0.031655437652032506
3980	0.030388473383110143
4013	0.05075403151706319
4020	0.06399098178481687
4083	0.05844380060089651
4130	0.042176914542827126
4135	0.02044107118316476
4214	0.037144025232530783
4247	0.018490125701294956
4346	0.06898847836609089
4348	0.061386579789549915
4389	0.02587020697109309
4405	0.03234600893609159
4515	0.06733088383737731
4736	0.12798196356963373
4794	0.061386579789549915
4806	0.0948932604261079
4812	0.051414170032691546
4875	0.04744663021305395
4972	0.023029923113628885
4973	0.03889994600724861
4984	0.05989495758138738
5196	0.07539958189603549
5213	0.025769845638177934
5246	0.014156286229672247
5310	0.015864245091011066
5324	0.048137201497113036
5573	0.06654522407808464
5600	0.015017094879689876
5956	0.03661411863734065
6091	0.041362929943234886
6153	0.03270765637743465
6177	0.054691138568270056
6196	0.05603279777762376
6263	0.04450971491785137
6282	0.048137201497113036
6430	0.020630398604160802
6454	0.017055097628206943
6555	0.03741851893885062
6667	0.02994747879069369
6669	0.0654153127548693
6670	0.06793125796197078
6671	0.048199789223795426
6685	0.03538810445781295
6783	0.049658249257973706
6849	0.013156136809203429
6874	0.042176914542827126
6932	0.09119077445705695
6933	0.037699790948017745
6959	0.1879514545702062
6984	0.03798818451890403
7039	0.021151217893245724
7095	0.03661411863734065
7131	0.04679554228775933
7173	0.05755384553848444
7237	0.026925677927095118
7275	0.022568065082509647
7346	0.04024160521660231
7416	0.03234600893609159
7439	0.01875690458334512
7445	0.05349098350903919
7677	0.013123167357536656
7717	0.03919382379358301
7796	0.04617966594413159
7996	0.03917254007031153
8012	0.03053934893450098
8204	0.04097675948359626
8317	0.05050240854434697
8433	0.026176708088245362
8454	0.03828406966362087
8494	0.04097675948359626
8565	0.12093259064479134
8691	0.0718239903386452
8707	0.03515797667943319
8812	0.040603252657945364
9034	0.042606812263836245
9083	0.041362929943234886
9104	0.042176914542827126
9125	0.07388940362126353
9198	0.02142083847110674
9242	0.02318813312355314
9315	0.03889994600724861
9371	0.051414170032691546
9399	0.042176914542827126
9499	0.022951634574538214
9629	0.05349098350903919
9850	0.041362929943234886
9895	0.04097675948359626
9954	0.03182419536973124
10075	0.048137201497113036
10106	0.10348271754913634
10125	0.3278140758687701
10151	0.08195351896719252
10152	0.10282834006538309
10189	0.040603252657945364
10213	0.12373298771191907
10219	0.024273805434230245
10372	0.06077694676622029
10493	0.04024160521660231
10519	0.13386933465089665
10584	0.03889994600724861
10700	0.03449423918304544
10942	0.061386579789549915
11081	0.04744663021305395
11119	0.03798818451890403
11330	0.04887235576410698
11465	0.07597636903780806
11466	0.04679554228775933
11564	0.04962412019384785
11613	0.048137201497113036
11614	0.061386579789549915
11659	0.03776774302696713
11674	0.08272585988646977
11678	0.03515797667943319
11687	0.0450396215130415
11703	0.030092588238393315
11733	0.0948932604261079
11754	0.0718239903386452
11760	0.03635813173866405
11763	0.06986481237522203
11904	0.06488197913348752
11937	0.03327261203904232
11997	0.05930976631320227
12122	0.051414170032691546
12205	0.051414170032691546
12261	0.037699790948017745
12385	0.03889994600724861
12390	0.05755384553848444
12425	0.04685929229571397
12610	0.02628073563863625
12631	0.027376863147476223
12666	0.035862795542083645
12675	0.04151677602719877
12682	0.049658249257973706
12785	0.04637626624710628
12798	0.058227246766895904
12839	0.02659864290253472
12840	0.04637626624710628
12899	0.054691138568270056
12973	0.042176914542827126
