190
t_index	tf-idf
96	0.04960479572749048
198	0.46367571627039067
218	0.027873839759703492
465	0.11514376769288627
473	0.04154636747500126
488	0.03639527128661178
730	0.10861358605356193
742	0.0352058988412897
773	0.12526878351351983
953	0.07779667983925802
998	0.1451983713435623
999	0.06562072885878342
1162	0.029177690462734326
1190	0.02123673492466925
1213	0.023745082996507197
1387	0.021668959929424834
1417	0.03516615469911142
1447	0.04579615303385041
1448	0.057192295085700104
1498	0.09920959145498096
1660	0.026886676683650367
1674	0.1289395328649359
1751	0.03949239773108303
1763	0.029177690462734326
1813	0.027367030955349682
1837	0.11013154366777397
1839	0.022122485219826533
1873	0.03596706843675158
2082	0.03342423861304539
2167	0.023418254533987434
2200	0.06441919102318841
2298	0.026731972179303336
2333	0.054306793026780965
2498	0.009019838047400173
2509	0.032243803118547736
2607	0.021668959929424834
2758	0.05917371132172345
2848	0.06082611420628332
2906	0.023206642884971873
2993	0.04154636747500126
3041	0.039515403183918926
3195	0.045278552695518864
3244	0.059596934619754564
3258	0.03889833991962901
3272	0.01533310724580929
3289	0.0316932739873213
3293	0.04234728121264142
3335	0.028785941923221568
3384	0.030936296854971797
3505	0.04333791985884967
3568	0.03196009560657812
3717	0.057959464533798834
3985	0.03684437017571078
3988	0.04012745650712938
4013	0.06151939172328155
4020	0.025854670440344125
4083	0.047226817331810056
4141	0.04792658025089112
4171	0.04234728121264142
4307	0.022502114335163716
4346	0.055747679519406984
4350	0.04322458295160063
4389	0.020904998073331852
4405	0.026137914367849315
4431	0.024435759472472247
4445	0.03046415739982093
4515	0.1632246698067252
4682	0.024801557328510356
4705	0.04234728121264142
4736	0.15512802264206477
4831	0.02408394462393108
4965	0.03555790323862417
4984	0.04839945711452077
5054	0.015467484834280825
5091	0.027367030955349682
5110	0.017532741767021857
5117	0.02305421372724256
5213	0.041647797717128704
5232	0.018867334270491976
5246	0.03431790901644205
5279	0.014606605403569985
5324	0.11669501975888703
5412	0.024435759472472247
5415	0.054306793026780965
5439	0.045278552695518864
5573	0.026886676683650367
5614	0.03731650963086164
5771	0.040809598257094376
5798	0.046507669283019235
5956	0.029586855660861725
6217	0.03374724373123953
6263	0.10790120531025472
6430	0.03334170797736195
6555	0.030236869275829838
6585	0.03540746369608246
6602	0.045278552695518864
6606	0.022029974880012855
6646	0.014814395295697927
6667	0.04839945711452077
6670	0.01829778965949526
6671	0.03894891532890856
6685	0.028596147542850052
6726	0.044194395030373514
6849	0.010631109946518807
6874	0.034081997033966076
6890	0.03479040043179255
6907	0.04705182617354009
6932	0.29475496140568624
6959	0.07593918363429435
7007	0.05803897824729856
7019	0.024801557328510356
7039	0.03418342727609351
7078	0.04792658025089112
7334	0.04154636747500126
7346	0.03251812714373916
7616	0.016670853988680977
7619	0.020743507942926252
7753	0.03069720026068693
7996	0.031654245194574736
8012	0.02467800243538511
8329	0.027532885916943493
8351	0.029177690462734326
8402	0.022310342787706612
8454	0.030936296854971797
8565	0.0586333671916249
8577	0.046507669283019235
8728	0.03069720026068693
8808	0.030015058510721938
8848	0.02628287329020434
8968	0.01990266051431449
9034	0.03442938548120453
9083	0.03342423861304539
9104	0.34081997033966077
9125	0.01990266051431449
9198	0.05192875968885821
9225	0.046507669283019235
9262	0.07123524898952159
9266	0.019614990185506602
9395	0.04960479572749048
9399	0.034081997033966076
9747	0.04322458295160063
9787	0.029882717412593046
9792	0.040809598257094376
9850	0.03342423861304539
9895	0.16556092477596593
9946	0.03949239773108303
9954	0.025716251270542414
10088	0.06441919102318841
10106	0.08362151927911048
10125	0.06622436991038637
10151	0.19867310973115912
10152	0.04154636747500126
10204	0.08134199285960493
10206	0.09920959145498096
10213	0.09998520199763089
10219	0.019614990185506602
10226	0.033112184955193184
10372	0.024556084079081945
10382	0.04154636747500126
10449	0.03731650963086164
10519	0.16226415502293323
10678	0.028410187655902704
11026	0.03516615469911142
11111	0.07368874035142156
11157	0.03834030838246797
11215	0.028979732266899417
11288	0.03684437017571078
11465	0.03069720026068693
11564	0.04009987775522403
11616	0.04792658025089112
11621	0.03834030838246797
11626	0.05165876547140871
11659	0.038148834492078676
11687	0.03639527128661178
11763	0.11291164154424209
11784	0.029379999734675588
11868	0.03949239773108303
11904	0.01747644372405014
11942	0.030015058510721938
11997	0.04792658025089112
12391	0.03815547186373671
12425	0.05679854530662481
12525	0.03949239773108303
12568	0.022122485219826533
12610	0.02123673492466925
12791	0.10667370971587252
12839	0.021493626983813643
12840	0.07495075378618958
12847	0.05803897824729856
12873	0.02804917270531468
