127
t_index	tf-idf
6	0.04729756106404971
99	0.03737923619055694
202	0.03927397952172878
478	0.019114364719873916
551	0.0625440399476374
554	0.026426854279989857
557	0.02619202557769837
744	0.03471185455648196
852	0.06637015778600898
949	0.028721211778553114
1040	0.04024594713420524
1193	0.10654828999431959
1194	0.10654828999431959
1441	0.08894024835679475
1462	0.06531978094086563
1680	0.13419113132640367
1681	0.0369009426455164
1701	0.19199104450228785
1751	0.06531978094086563
1845	0.06177147343622075
2076	0.10654828999431959
2078	0.022365907739326778
2095	0.0563710665390598
2124	0.07926978109939065
2187	0.13499681820230838
2188	0.3489854736782359
2217	0.038211379130613066
2251	0.035840105871627184
2273	0.060939986606267545
2406	0.09985664059753935
2407	0.10654828999431959
2581	0.04021990020622526
2591	0.03353513320456424
2666	0.12039436875486277
2695	0.1105662897039538
2940	0.09651884711401765
2976	0.038211379130613066
3041	0.03267891579208988
3126	0.05157413855793247
3212	0.08544275450796825
3275	0.09586400786746524
3388	0.10654828999431959
3632	0.09787235222618114
3723	0.07782295214008626
3758	0.15384585105836932
3804	0.05881219130018449
3993	0.03404692679764767
4008	0.03153368240525556
4078	0.04421424545451428
4235	0.04859403978911236
4247	0.024712763309532777
4280	0.07004171159944192
4332	0.046988318108943994
4403	0.16409104418523776
4518	0.25365697588697533
4595	0.03404692679764767
4878	0.05331597044768865
4906	0.2612791237634625
5082	0.09928883326851144
5117	0.019065646516090676
5146	0.07926978109939065
5156	0.08982254884256632
5279	0.04831817362661259
5304	0.08417290029686247
5485	0.054267806976709035
5686	0.037542065824955784
5712	0.0331622714903577
5899	0.04553894369774122
5946	0.07004171159944192
6407	0.06783471287044342
6430	0.027573320264136177
6432	0.03942295510562717
6439	0.04447012417839737
6526	0.03221043496133731
6591	0.02478341042326754
6598	0.04698998644774252
6606	0.03643721870456685
6646	0.0490055358034014
6652	0.05881219130018449
6869	0.07488998676479257
6957	0.05331597044768865
7162	0.17846683156879875
7176	0.03209553308996874
7275	0.03016308594911999
7331	0.034986175954565546
7433	0.10654828999431959
7616	0.027573320264136177
7913	0.04822694401602542
8028	0.10654828999431959
8276	0.09522295573972728
8433	0.034986175954565546
8455	0.11389128271595703
8504	0.04793200393373262
8617	0.09998936119831034
9205	0.04473037710880122
9268	0.07149275434944322
9391	0.018306639468597685
9441	0.030587339302346903
9627	0.23524876520073795
9787	0.024712763309532777
10063	0.030991830706276525
10219	0.09732862036883348
10481	0.03036608129903725
10817	0.16745217012849992
10896	0.09599552225114392
10913	0.03353513320456424
11017	0.03964532538730653
11105	0.05038721886309187
11167	0.032560437173214975
11229	0.04639287361480285
11262	0.07692292552918466
11353	0.029667132463049587
11410	0.03378887950660889
11438	0.028358708326867457
11503	0.07443625930680596
11519	0.03404692679764767
11721	0.07168021174325437
11785	0.13499681820230838
12334	0.12039436875486277
12365	0.048259423557008824
12391	0.021036175796040522
12530	0.16409104418523776
12662	0.040817013039164934
12676	0.016273700704205606
12850	0.06637015778600898
12895	0.10654828999431959
12971	0.08506851931606037
