266
t_index	tf-idf
4	0.034832362151705536
99	0.025245348315049262
111	0.027705188765760627
202	0.026525028165092154
204	0.04641039020978699
412	0.022070825832922962
430	0.04017789718574435
478	0.012909541348413415
535	0.03846019067316373
554	0.017848281804590128
638	0.02175442124693893
654	0.07196103953453731
659	0.0237230163438177
701	0.0753963749545142
745	0.05714927276889865
767	0.0577066927626475
778	0.0749194824075983
852	0.044825360863202005
996	0.04224126104287139
998	0.02703290115529759
1016	0.07196103953453731
1040	0.040772219708789
1115	0.115413385525295
1124	0.03429106150624813
1130	0.028574636384449324
1218	0.0577066927626475
1338	0.04828508202663343
1387	0.024205843901273925
1447	0.05115771754743651
1513	0.11082451082515668
1534	0.05195253424914692
1680	0.030210193290693015
1720	0.018451685387773344
1733	0.04017789718574435
1862	0.05354484541377038
1885	0.06806147050948723
1962	0.07614426375191156
2106	0.10115903875340518
2124	0.0535375635957319
2139	0.03886347129061937
2187	0.04558736405910864
2188	0.15713286729536832
2224	0.023352441546230434
2373	0.032593655765709974
2379	0.04115790864068852
2400	0.04345234599075768
2406	0.20232481428492308
2496	0.035403750127187945
2541	0.05057951937670259
2545	0.026280199034380173
2583	0.024107447574327437
2666	0.040656231696286405
2721	0.047305070571689256
2794	0.033960548376765064
2805	0.03215604343789717
2839	0.03972082915165488
2916	0.07196103953453731
2923	0.040656231696286405
2924	0.03713060706993502
3117	0.04641039020978699
3127	0.04641039020978699
3141	0.04936843442881629
3158	0.03632517260481277
3198	0.03846019067316373
3264	0.035403750127187945
3275	0.03237252170099417
3298	0.0648338661485924
3314	0.023443840705367286
3347	0.04558736405910864
3386	0.0648338661485924
3403	0.02797114551025793
3419	0.0648338661485924
3714	0.07196103953453731
3723	0.026280199034380173
3842	0.0577066927626475
3946	0.03366884596250335
3993	0.022994758953387626
4004	0.04168532361529906
4008	0.04259470642569894
4067	0.03570180977039423
4100	0.04641039020978699
4135	0.03690337077554669
4332	0.047602756702328164
4414	0.0376981874772571
4423	0.02690356186879871
4453	0.08396074281294472
4528	0.07944165830330976
4595	0.022994758953387626
4664	0.14392207906907462
4668	0.07196103953453731
4816	0.08690469198151536
4861	0.031944028963756525
4906	0.17646381143887133
4935	0.04411595285971783
5011	0.1250559708458972
5054	0.017278333831588815
5083	0.0648338661485924
5156	0.060664736981676806
5210	0.02513653949334009
5236	0.09873686885763258
5246	0.06389277191703888
5304	0.028424526598794377
5363	0.04936843442881629
5387	0.04641039020978699
5524	0.022397276670511706
5565	0.04224126104287139
5579	0.0577066927626475
5600	0.013555586577409462
5662	0.05057951937670259
5675	0.019585379813157534
5698	0.07397755894754585
5699	0.07196103953453731
5712	0.06719183001153511
5802	0.0140590183366805
5835	0.03928321682384208
5866	0.07196103953453731
6027	0.03328710978973365
6045	0.03846019067316373
6051	0.0577066927626475
6087	0.024506811856675942
6144	0.04168532361529906
6153	0.08857335016936985
6160	0.0535375635957319
6179	0.0535375635957319
6184	0.028761802892019687
6185	0.040656231696286405
6198	0.04641039020978699
6221	0.04345234599075768
6375	0.03570180977039423
6407	0.022907249168166898
6430	0.03724517380300981
6442	0.017742277384289164
6454	0.015395244841797552
6591	0.03347665133554936
6598	0.031736297904674464
6609	0.04168532361529906
6646	0.04964635236587691
6671	0.02175442124693893
6675	0.04558736405910864
6848	0.03807213187595578
6869	0.05057951937670259
6907	0.026280199034380173
6983	0.042828983156339144
7029	0.025466482379765072
7056	0.060664736981676806
7091	0.10115903875340518
7121	0.06563930061371465
7275	0.020371673919722128
7308	0.042828983156339144
7341	0.017128224045933865
7343	0.023629113063785376
7409	0.03281965030685732
7413	0.10115903875340518
7422	0.16674129446119623
7498	0.06266603457443766
7505	0.040656231696286405
7514	0.13676209217732593
7616	0.018622586901504905
7617	0.028881594632883836
7640	0.026525028165092154
7662	0.02677582932309527
7671	0.040656231696286405
7718	0.060664736981676806
7794	0.028424526598794377
7815	0.028276576741243037
7911	0.022070825832922962
7912	0.04529804800731375
8027	0.04936843442881629
8038	0.04345234599075768
8276	0.2572483475031774
8312	0.021149403355298132
8329	0.030756286449730285
8331	0.04115790864068852
8361	0.04688768141073457
8386	0.04168532361529906
8433	0.04725822612757075
8516	0.04345234599075768
8565	0.043665228611773695
8617	0.03376562108415042
8618	0.044825360863202005
8746	0.03570180977039423
8791	0.035114087656926474
8836	0.06301065644450185
8983	0.04017789718574435
8997	0.07022817531385295
9095	0.02798691427098157
9149	0.04168532361529906
9161	0.044825360863202005
9205	0.030210193290693015
9215	0.024609124518729555
9240	0.05195253424914692
9242	0.04186279019252118
9383	0.07614426375191156
9391	0.012364016415603777
9468	0.0741373963979047
9555	0.034558150229354156
9596	0.04168532361529906
9598	0.07196103953453731
9606	0.04641039020978699
9627	0.07944165830330976
9655	0.04168532361529906
9685	0.08690469198151536
9787	0.03338122343624212
9819	0.2468421721440814
9847	0.030756286449730285
9899	0.02952445005645661
9949	0.01800936610739519
10001	0.061889916980021754
10043	0.07196103953453731
10110	0.065030454989726
10204	0.018173014193491085
10212	0.03429106150624813
10219	0.06573421965361431
10241	0.04411595285971783
10243	0.05541225541257834
10268	0.07196103953453731
10352	0.031137157313965026
10358	0.025466482379765072
10372	0.027430976843409248
10373	0.04224126104287139
10481	0.020508773786848122
10534	0.04641039020978699
10717	0.035114087656926474
10720	0.04168532361529906
10758	0.06610144759959888
10804	0.09010326766233541
10817	0.0753963749545142
11000	0.04558736405910864
11015	0.11490788039815435
11097	0.031137157313965026
11099	0.06911630045870831
11182	0.14392207906907462
11187	0.0648338661485924
11229	0.03133301728721883
11232	0.07140361954078846
11234	0.02969164622322935
11244	0.021003552148167282
11248	0.035114087656926474
11442	0.05195253424914692
11503	0.12568269746670044
11530	0.08229293053022774
11590	0.04007342946871664
11659	0.051138111053139146
11671	0.06151257289946057
11699	0.014132992308252552
11767	0.047072119197690054
11773	0.04558736405910864
11800	0.03807213187595578
11871	0.05541225541257834
11904	0.07808996280607082
11937	0.030034422554111803
11965	0.0577066927626475
12072	0.0648338661485924
12074	0.030756286449730285
12334	0.16262492678514562
12406	0.10115903875340518
12485	0.02010283932044255
12577	0.028726970099538587
12628	0.030756286449730285
12662	0.05513433747551773
12676	0.01099100154315945
12694	0.07196103953453731
12850	0.08965072172640401
12859	0.04017789718574435
12862	0.021076219148133662
12958	0.01800936610739519
