212
t_index	tf-idf
135	0.0344143573274782
168	0.03775826378296613
189	0.03251853246266397
198	0.03273745104447197
393	0.04331178622152589
465	0.03251853246266397
546	0.02889675288165052
554	0.01804948212569319
593	0.061348599142414716
773	0.028302405487427806
879	0.03775826378296613
998	0.05467527592293969
999	0.037064790294331386
1066	0.046101261832987135
1120	0.03209405521705625
1124	0.03467761818781328
1181	0.03091563537861372
1387	0.024478711823174085
1447	0.07760161330147605
1665	0.04215523442175698
1674	0.03641468808257688
1763	0.03296107791187404
1800	0.02138781659825409
1836	0.04992495549724086
1837	0.031102996277453422
1839	0.024991044437403034
1846	0.04992495549724086
2078	0.0305517295164074
2135	0.263653056647027
2136	0.06556472611765089
2198	0.04331178622152589
2217	0.0782948584014765
2251	0.024478711823174085
2281	0.03273745104447197
2339	0.07700262370413402
2347	0.022078729257284244
2369	0.04162187399741588
2379	0.04162187399741588
2393	0.03273745104447197
2498	0.01018941458072421
2509	0.018212382301521987
2566	0.05603690733729125
2670	0.0236156892240228
2758	0.03342329838787537
2845	0.06350205231944793
2848	0.04580884133582582
2856	0.04783833172775074
2874	0.03610426955158821
2966	0.023343230443090758
2993	0.046933565802539344
3041	0.022319626098024774
3101	0.03930157188699394
3119	0.0583572094477132
3258	0.04394217610783783
3272	0.017321307291464024
3293	0.09567666345550148
3330	0.03641468808257688
3335	0.03251853246266397
3403	0.028286458968432765
3433	0.018322417704596604
3453	0.06556472611765089
3472	0.03296107791187404
3496	0.01848968536325762
3505	0.024478711823174085
3715	0.051149692777775514
3717	0.19642470626683184
3727	0.02801750414361725
3768	0.02657645077122858
3846	0.03296107791187404
3872	0.034947717751819304
3949	0.04882939066735356
3972	0.04783833172775074
4013	0.04633095655216471
4020	0.029207171412639198
4083	0.1067011666047921
4252	0.03037299494602004
4255	0.027337637961469846
4328	0.030731590776583138
4330	0.03318962004694354
4515	0.12292636310633255
4736	0.058414342825278395
4792	0.0583572094477132
4812	0.046933565802539344
4908	0.05603690733729125
4915	0.04817255702438328
4965	0.04016859458181172
5042	0.03673465943790014
5072	0.028302405487427806
5196	0.30972921594730374
5213	0.07057222231993635
5232	0.021313807399298123
5310	0.028963439083550306
5324	0.04394217610783783
5593	0.04394217610783783
5644	0.05414108247247703
5956	0.03342329838787537
6091	0.03775826378296613
6430	0.01883251581821379
6555	0.03415759740424567
6646	0.016735335450297314
6667	0.05467527592293969
6669	0.029857273624393707
6670	0.08268164628752961
6711	0.04162187399741588
6849	0.012009615486340561
6875	0.05414108247247703
6933	0.0344143573274782
6959	0.08578599980457531
6960	0.05414108247247703
7039	0.01930794713140928
7237	0.024579178774368403
7270	0.0583572094477132
7286	0.03673465943790014
7346	0.03673465943790014
7439	0.0171222916747392
7449	0.04394217610783783
7717	0.035778189298779225
7913	0.008234723614580651
7996	0.03575876039375072
8133	0.051149692777775514
8145	0.09220252366597427
8211	0.04162187399741588
8329	0.031102996277453422
8496	0.03019823035224203
8504	0.03273745104447197
8565	0.11039364628642122
8566	0.06258759036425865
8611	0.05253818538842678
8643	0.05603690733729125
8707	0.03209405521705625
8808	0.06781405014663049
9034	0.03889374516304945
9051	0.027740201081881615
9104	0.07700262370413402
9125	0.022483381428141384
9198	0.03910814202738279
9211	0.048758412585911216
9242	0.02116735077314931
9341	0.046101261832987135
9381	0.02952714276796246
9391	0.012503393645310182
9412	0.04331178622152589
9519	0.045330668718489085
9629	0.04882939066735356
9714	0.07860314377398787
9744	0.02952714276796246
9851	0.05603690733729125
9903	0.061348599142414716
10103	0.012988625469141164
10106	0.09446448188174181
10125	0.03740574702217972
10151	0.14962298808871888
10189	0.11119437088299416
10204	0.11026725097012839
10213	0.11294999641207153
10375	0.04394217610783783
10378	0.03775826378296613
10382	0.046933565802539344
10383	0.05253818538842678
10475	0.09956886014083063
10480	0.026950080734307984
10493	0.07346931887580029
10519	0.06110149422605688
10560	0.1120738146745825
10564	0.034947717751819304
10580	0.03930157188699394
10584	0.03550992215736549
10679	0.04992495549724086
10715	0.022733953759071814
10791	0.04783833172775074
10894	0.05999797196280848
10904	0.024478711823174085
10922	0.020809987473679563
11055	0.03740574702217972
11077	0.04882939066735356
11091	0.028302405487427806
11229	0.031686228493111764
11299	0.09765878133470712
11358	0.0583572094477132
11361	0.05253818538842678
11564	0.04529951390891204
11571	0.04992495549724086
11606	0.051149692777775514
11634	0.03347067090059463
11659	0.04309548446086146
11678	0.09628216565116876
11684	0.061348599142414716
11733	0.08662357244305179
11763	0.22321699803446424
11784	0.06637924009388708
11787	0.045330668718489085
11841	0.012662634867017785
11904	0.019742564064370298
11942	0.03390702507331524
12122	0.09386713160507869
12385	0.21305953294419297
12425	0.08555126639301636
12568	0.024991044437403034
12571	0.037064790294331386
12628	0.062205992554906844
12664	0.0344143573274782
12675	0.01894935130084619
12763	0.0583572094477132
12768	0.029050803826035376
12778	0.04162187399741588
12785	0.40217966468983696
12791	0.04016859458181172
12798	0.05315290154245716
12839	0.024280643957309583
12840	0.06350205231944793
12872	0.051149692777775514
12973	0.03850131185206701
