39
t_index	tf-idf
148	0.19881664425163595
167	0.11067873380948073
189	0.11067873380948073
354	0.2476845994650582
393	0.1474142064537894
773	0.09632889819697574
1703	0.12851246688764967
2104	0.10994899560047225
2135	0.14955977543060023
2816	0.08365667755601723
4806	0.1474142064537894
4969	0.2476845994650582
5060	0.13376520659931485
5196	0.11713128500634302
6090	0.17881679753276525
6933	0.11713128500634302
7445	0.166193697023572
8081	0.2476845994650582
8565	0.07514625086861529
8968	0.07652350828191175
9125	0.07652350828191175
10075	0.14955977543060023
10147	0.332387394047144
10151	0.12731265540245254
10189	0.1261521891678399
10213	0.10983769772361238
10475	0.11296281978994756
10715	0.07737634591678694
10731	0.14166249101495754
10791	0.16282056975555195
10804	0.1033762709460187
11026	0.13520993981809523
11564	0.15417955430122185
11606	0.17409098143921473
11733	0.1474142064537894
11759	0.2476845994650582
12385	0.24172020841118047
12425	0.07279468908266455
12785	0.2161329621221204
