113
t_index	tf-idf
135	0.07718700137464592
348	0.04916639601536037
455	0.11472221809002127
478	0.05856169596965364
554	0.08096535921855709
659	0.05380749141721122
778	0.10195742433940459
2188	0.17820089329746433
2248	0.07718700137464592
2281	0.07342591508325073
2386	0.03639226482623808
2400	0.09855668014850452
2406	0.10197870053795935
2441	0.08097725832828256
2554	0.07245402689891954
2583	0.05467944125008107
2788	0.0562884889574028
2794	0.03851390330856433
3083	0.06252662704253172
3264	0.08030121269137018
3432	0.042108996433584456
3568	0.08097725832828256
3707	0.12143152253176565
3724	0.08550535352371204
3780	0.04969847859377407
4135	0.041851292801323436
4453	0.2539147008297722
4528	0.09009301948313016
4595	0.05215569036808794
4682	0.06283967793641787
4861	0.07245402689891954
4915	0.05402244170767069
4935	0.10006184375790704
5011	0.09454879852318634
5246	0.057967498343756516
5304	0.06447124804184107
5310	0.032480644503732344
5675	0.044422688115456715
5688	0.04500214503905117
5712	0.05080050760625673
5778	0.05156522993335682
6027	0.07550034314171969
6057	0.08910044664873217
6087	0.05558526156750491
6375	0.08097725832828256
6407	0.051957204562196165
6591	0.03796512642634435
6606	0.055817322600787325
6646	0.03753521671537534
6848	0.08635351759070418
7121	0.07444007231661794
7237	0.05512795394641948
7341	0.038849476600551956
7422	0.09454879852318634
7505	0.09221465796545641
7635	0.1052659845902489
7639	0.06659288652416731
7671	0.09221465796545641
7677	0.026868529278121913
7753	0.07777746180937704
8276	0.07293490870721542
8329	0.06976004211203225
8361	0.10634855528135709
8486	0.06734527246302867
8496	0.06773076787487356
8533	0.09714279626979931
8617	0.03829284059730679
8832	0.10006184375790704
8836	0.047639323581968526
8899	0.10729525882740759
8921	0.06734527246302867
9045	0.038183090082196156
9149	0.09454879852318634
9153	0.16321883191457148
9211	0.05467944125008107
9241	0.09939695718754814
9387	0.29410658794610955
9397	0.07018797964918744
9627	0.09009301948313016
9656	0.1395200842240645
9685	0.09855668014850452
10213	0.036190341994119246
10219	0.04969847859377407
10367	0.07342591508325073
10372	0.06221772264015286
10459	0.11783642940674553
10480	0.12089116753750408
10486	0.14705329397305478
10676	0.09855668014850452
10744	0.05156522993335682
10817	0.08550535352371204
10882	0.1095180772576794
10904	0.05490261942611593
10940	0.11472221809002127
11015	0.0651572369496018
11017	0.06073174614941507
11232	0.2429317749848477
11318	0.12089116753750408
11340	0.1095180772576794
11353	0.045446385926343556
11503	0.228054327231244
11519	0.05215569036808794
11530	0.06221772264015286
11659	0.019331531817771693
11716	0.09855668014850452
11843	0.06044558376875204
11937	0.0681227425037129
12188	0.14705329397305478
12470	0.08239114220698779
12628	0.06976004211203225
12850	0.10167089146522877
12876	0.08550535352371204
12885	0.14586981741443084
