138
t_index	tf-idf
73	0.021355658693677355
212	0.05608233560230651
213	0.03281540615174777
478	0.05304676414632827
498	0.030160816612118335
749	0.031034274476825916
801	0.0308537090222601
928	0.15214535668268023
1616	0.01166248353968981
1862	0.0733406067460062
1978	0.15969439500764715
1998	0.05720930378579065
2023	0.03607193849647107
2034	0.11384760946787638
2040	0.0376514155665193
2063	0.07374913754459088
2209	0.027376620270096682
2217	0.026511344297255462
2267	0.08254775976876766
2291	0.03239283692831982
2323	0.0296694339735149
2347	0.022428169803346054
2509	0.07400252034835318
2581	0.05580974286867549
2583	0.04953011308192171
2590	0.06660242051708676
2811	0.027770311374236314
2823	0.033033204009584316
2848	0.023266929450558735
2849	0.0415767820349018
2924	0.057215197543334005
2940	0.03348275363560307
2948	0.027637443938426837
2994	0.675470121551304
3084	0.034959034137304675
3085	0.07552594434537953
3239	0.03395228968550599
3403	0.014367074696341147
3433	0.018612407022969825
3494	0.028179245870236857
3632	0.03395228968550599
3810	0.042280624336182515
3946	0.017293636569352972
4008	0.043756615449468295
4076	0.31463130723574206
4280	0.04859547008326166
4307	0.02582222028596613
4310	0.029734822311668994
4332	0.01630042552346882
4422	0.06858360954689723
4595	0.023622015722346654
4705	0.04859547008326166
4708	0.012138634997757448
4736	0.0296694339735149
4748	0.06606640801916863
4851	0.06939642093794904
5030	0.06660242051708676
5170	0.03578252801266451
5246	0.026254261952961277
5310	0.0147109220436774
5429	0.023354588226435755
5513	0.05071511889422674
5588	0.05928083031820892
5639	0.03636950245182978
5675	0.10059817343864358
5717	0.0468309075440845
5729	0.028319152841042868
5765	0.017048548500601394
5766	0.0879945656783775
5802	0.014442523744781452
5856	0.0202500415523725
5911	0.03444367232410942
6009	0.02211046700133142
6081	0.04767638440733999
6087	0.07552594434537953
6383	0.04960221453506035
6407	0.023532118823382263
6454	0.015815200169721374
6563	0.027248584497955204
6585	0.020315853739549004
6947	0.05928083031820892
6962	0.03444367232410942
7018	0.04604811823497834
7256	0.10391848023866217
7263	0.05499797460621783
7341	0.01759545201274306
7597	0.033033204009584316
7616	0.01913057847093929
7748	0.04399728283918875
7905	0.06231956480509567
7910	0.17855059968181297
7912	0.01163342486422042
7913	0.04182527385503976
8270	0.262766052619761
8398	0.04584678553977077
8399	0.008645595641503575
8433	0.024273673902357424
8570	0.17855059968181297
8571	0.0753028311330386
8721	0.01289569839121669
8728	0.03522646163321558
8757	0.05336970843385619
8794	0.0293249640759358
8797	0.033904167406959174
8832	0.04531935882306926
8836	0.021576492281344062
8856	0.025280418354156113
8869	0.036991024172392736
8921	0.06100316470629064
8980	0.033033204009584316
9198	0.019863553736774352
9215	0.025280418354156113
9374	0.0415767820349018
9456	0.03140493783722267
9495	0.03121798035712361
9528	0.0162553814386991
9949	0.03700126017417659
9969	0.02951059155359017
10093	0.054753240540193364
10094	0.020515786936348746
10103	0.013194196737470909
10107	0.026161163436725237
10172	0.02582222028596613
10207	0.017801562393595347
10421	0.02226812398588412
10445	0.0332555874207255
11015	0.02951059155359017
11073	0.04035479420846216
11419	0.03444367232410942
11462	0.06660242051708676
11483	0.04767638440733999
11659	0.026266534599407046
12180	0.05928083031820892
12204	0.05928083031820892
12529	0.06660242051708676
12569	0.05336970843385619
12639	0.07392401071596459
12675	0.03849852622278236
