146
t_index	tf-idf
46	0.042465685890439586
101	0.032923478320879905
129	0.05912299336806209
566	0.055433880793559355
575	0.04075226442364083
576	0.053888851702465344
617	0.041869329291992705
619	0.053888851702465344
749	0.07708068300767307
949	0.04949322504735373
1460	0.05889584760405487
1554	0.031659846721831725
1560	0.0655538231803672
1573	0.04216411890968169
1579	0.14138322297702804
1645	0.041869329291992705
1845	0.026611598597038044
1862	0.06830928250474318
1864	0.07069161148851402
2003	0.037878810447958794
2040	0.0467579293699968
2063	0.1282209361197126
2209	0.033998033213834364
2315	0.02990823720498189
2347	0.027852731797305352
2348	0.048093072608600095
2403	0.053888851702465344
2485	0.050115157397107805
2498	0.012854137943415892
2509	0.02297526246746856
2583	0.030754826801675902
2587	0.039477710604204685
2591	0.02889435702580402
2754	0.07895542120840937
2818	0.04840961259492398
2848	0.02889435702580402
2900	0.04622814839182466
2914	0.17155647093122756
2924	0.02368449388837451
3031	0.04479643400065624
3042	0.022837904291680502
3191	0.06627790801221829
3199	0.04408720257975029
3266	0.053179620281559384
3336	0.05463863210752425
3403	0.05352584919827146
3478	0.055433880793559355
3632	0.04216411890968169
3672	0.04216411890968169
3771	0.032488601392694584
3894	0.06298126940427444
4008	0.05433975599248604
4087	0.07491125163139395
4183	0.07140803259769428
4235	0.12560798787597813
4310	0.05538989838331944
4380	0.03645379670390605
4453	0.03570401629884714
4469	0.052506776084895825
4493	0.09180355160079574
4635	0.059207575098916894
4705	0.06034895431329988
4748	0.0820454793905974
4757	0.051256536611490794
4949	0.02590236717613209
4956	0.0444370256024021
4984	0.03448694393774686
5297	0.047632759205645636
5310	0.03653792260057571
5315	0.03458679863125091
5323	0.05718549031040919
5446	0.03570401629884714
5505	0.04216411890968169
5630	0.03448694393774686
5631	0.12389672879859158
5815	0.05628047039025336
5856	0.050295586415470626
5886	0.052506776084895825
5992	0.06298126940427444
6082	0.08271113389898666
6087	0.03126431165263472
6153	0.037665511668187705
6315	0.04634146309175025
6407	0.05844737220708958
6417	0.07140803259769428
6460	0.03684539551323013
6591	0.021353745778157858
6646	0.02111194011228173
6847	0.12319838757340984
6880	0.15202031038893832
6892	0.04857012830601379
6969	0.06998956975588237
7085	0.05815760800309221
7198	0.02290640359056494
7794	0.03626229569805212
7867	0.04479643400065624
7912	0.04334138703268966
7913	0.03116477568828122
7927	0.042465685890439586
8013	0.04718805268844427
8270	0.2936876797306328
8295	0.08618090183128693
8461	0.055433880793559355
8623	0.041052472619628314
8794	0.03641761082309975
8856	0.03139483597261409
8921	0.037878810447958794
8957	0.025311765166910243
8958	0.09180355160079574
9021	0.053888851702465344
9061	0.24139581725319953
9076	0.03126431165263472
9207	0.06298126940427444
9308	0.0773924105025351
9333	0.04634146309175025
9346	0.09180355160079574
9576	0.5715931104677476
9763	0.08271113389898666
10093	0.033998033213834364
10107	0.032488601392694584
10158	0.028679309817382807
10204	0.023184034820028388
10367	0.041298909599530524
10445	0.041298909599530524
10719	0.03664813486472467
10796	0.023396183690885478
10904	0.06176070979532984
11062	0.06627790801221829
11080	0.0319303219934896
11289	0.04957967137623229
11400	0.04341435838308672
11584	0.1836071032015915
11634	0.02111194011228173
11659	0.04349261069786618
11699	0.03606003740459042
11748	0.03516853027797164
11825	0.043746466904831555
12011	0.0773924105025351
12187	0.07069161148851402
12275	0.06497720278538917
12485	0.025645989257715072
12675	0.023904962707093236
12676	0.01402165649410323
12749	0.14800696792188509
12818	0.055433880793559355
12982	0.0655538231803672
