433
t_index	tf-idf
73	0.032731650032823634
81	0.017187739685529103
112	0.04597228741194472
193	0.023644618515798427
342	0.06178328038943293
475	0.029972310360496794
498	0.023113623143460077
532	0.043623333792080214
546	0.04499080182551812
557	0.013926213708248552
638	0.01712618214946941
643	0.033769058141050454
694	0.02911944048355352
702	0.03325445998455581
742	0.010320229822407179
744	0.018456178707110454
745	0.02249540091275906
781	0.05994462072099359
847	0.026995660274680942
849	0.026995660274680942
878	0.03059529282478506
886	0.022032716300088143
913	0.03886533182678965
941	0.05104050291714154
973	0.0454296310749077
995	0.03127024835353486
998	0.021281668859812725
999	0.02885401418052689
1018	0.056651374759375366
1033	0.04775835329308251
1036	0.03874709828063478
1047	0.03981875923267386
1162	0.02565937651130103
1214	0.034730312325787355
1221	0.05104050291714154
1279	0.011796082163638718
1387	0.0190560662142723
1427	0.056651374759375366
1430	0.056651374759375366
1441	0.023644618515798427
1447	0.020136973057644236
1453	0.05104050291714154
1500	0.045377966167716735
1506	0.04775835329308251
1586	0.1194562776980216
1616	0.0357499934991666
1669	0.015619725700018627
1712	0.056651374759375366
1720	0.029052202430820795
1786	0.020881845520900506
1845	0.01642184445785431
1862	0.028102142711195537
1882	0.037240947300229935
1917	0.04177864112474566
1944	0.040899666076045796
1971	0.05104050291714154
2003	0.023374767628358904
2060	0.03981875923267386
2074	0.056651374759375366
2078	0.023783758917984812
2083	0.028597015548206192
2185	0.032401590107612545
2214	0.019874416734077503
2232	0.021595054201876695
2271	0.050295914785432445
2287	0.01676635504500817
2298	0.023508568641319685
2393	0.02548528857631134
2430	0.03801246194984637
2461	0.02138478843244711
2487	0.04256333771962545
2498	0.01586440988705383
2532	0.03801246194984637
2580	0.02720592604411053
2583	0.01897860364245778
2587	0.024361438518262956
2596	0.03325445998455581
2607	0.11433639728563383
2664	0.056651374759375366
2695	0.058787731967413936
2728	0.05104050291714154
2784	0.0358886817409738
2794	0.013367731800223949
2831	0.13087000137624064
2845	0.032956508563656756
2891	0.021702271358492203
2906	0.020408331773528434
2951	0.02885401418052689
2962	0.04214748145084867
3041	0.017375271863738523
3042	0.0140931222396795
3105	0.05104050291714154
3158	0.028597015548206192
3159	0.035288794233811954
3165	0.05104050291714154
3199	0.02720592604411053
3237	0.024824123130933868
3272	0.01348420542094915
3275	0.07645586572893402
3310	0.029393865983706968
3337	0.056651374759375366
3350	0.023374767628358904
3359	0.06326015091599221
3403	0.022020302333043973
3405	0.056651374759375366
3432	0.014615547175026826
3479	0.03420788739044003
3494	0.021595054201876695
3533	0.04213869416535799
3536	0.021179846423144872
3628	0.02565937651130103
3678	0.040899666076045796
3727	0.021810927714503776
3769	0.025837290859494495
3789	0.02742179955673761
3807	0.056651374759375366
3820	0.030277809898739967
3848	0.018033746673564596
3866	0.021810927714503776
3897	0.023374767628358904
3946	0.013252910343395053
3998	0.03750113335205824
4008	0.03353271009001634
4012	0.035288794233811954
4013	0.018033746673564596
4076	0.026790718265378707
4083	0.013844032525410386
4086	0.026790718265378707
4094	0.023923776420051508
4099	0.03526454099211845
4183	0.044065432600176285
4238	0.03420788739044003
4276	0.01778604293258572
4297	0.0908592621498154
4310	0.03418074613106744
4328	0.023923776420051508
4422	0.02627938966759057
4431	0.04297847723380073
4432	0.08724666758416043
4436	0.05104050291714154
4445	0.026790718265378707
4473	0.043623333792080214
4487	0.020408331773528434
4519	0.056651374759375366
4547	0.020408331773528434
4682	0.021810927714503776
4718	0.034730312325787355
4745	0.0358886817409738
4747	0.056651374759375366
4780	0.037240947300229935
4965	0.03127024835353486
4973	0.02764358814232198
5016	0.03420788739044003
5064	0.04872287703652591
5087	0.05935584478315625
5093	0.02885401418052689
5117	0.04054856575813334
5158	0.049025494332622974
5210	0.03957751383809842
5213	0.01831290457781767
5289	0.04214748145084867
5315	0.010671644270944863
5412	0.021489238616900365
5439	0.03981875923267386
5460	0.05104050291714154
5468	0.05104050291714154
5500	0.15312150875142463
5600	0.04268657708377945
5649	0.029677922391578127
5669	0.03281679788634436
5687	0.03981875923267386
5712	0.03526454099211845
5747	0.025147957392716223
5777	0.035288794233811954
5871	0.0454296310749077
5922	0.056651374759375366
6050	0.0358886817409738
6089	0.03653660960861484
6111	0.056651374759375366
6219	0.056651374759375366
6260	0.07653710891328541
6309	0.02565937651130103
6379	0.043623333792080214
6382	0.04775835329308251
6396	0.049648246261867736
6407	0.018033746673564596
6432	0.031441583022073595
6454	0.01211991642542107
6521	0.025837290859494495
6526	0.01712618214946941
6557	0.015773916590213276
6575	0.029677922391578127
6579	0.03653660960861484
6598	0.024984420982551228
6599	0.08724666758416043
6606	0.01937354914031739
6646	0.03908412290188546
6656	0.037240947300229935
6677	0.03886533182678965
6796	0.018102638808388086
6849	0.018698371839893712
6883	0.023644618515798427
6910	0.037240947300229935
6911	0.1520498477993855
6939	0.037240947300229935
6953	0.022860640773678654
6962	0.0263957727675191
6969	0.021595054201876695
6986	0.02911944048355352
7039	0.030061509907517294
7079	0.056651374759375366
7081	0.04775835329308251
7096	0.056651374759375366
7176	0.01706508920301479
7202	0.49312916269176643
7203	0.040899666076045796
7237	0.019134277228321353
7238	0.04775835329308251
7244	0.03886533182678965
7247	0.05104050291714154
7266	0.05104050291714154
7307	0.029972310360496794
7309	0.043623333792080214
7331	0.037204068981401904
7357	0.06254049670706972
7394	0.01676635504500817
7517	0.05104050291714154
7523	0.040899666076045796
7562	0.015468417051970097
7589	0.00966010183643284
7593	0.02548528857631134
7625	0.034730312325787355
7640	0.020881845520900506
7652	0.040899666076045796
7677	0.009325756737217795
7682	0.04756598828294627
7717	0.013926213708248552
7729	0.04775835329308251
7815	0.022260753266516806
7832	0.04775835329308251
7885	0.03653660960861484
7897	0.03691235741422091
7912	0.02674568811952969
7913	0.006410526811591554
7973	0.05104050291714154
7996	0.009279100832946441
8001	0.056651374759375366
8002	0.024984420982551228
8012	0.06510681407547661
8015	0.071750604360001
8110	0.032006644609752936
8179	0.029972310360496794
8193	0.028597015548206192
8216	0.030925737766381006
8242	0.034730312325787355
8273	0.043623333792080214
8279	0.14269796484883882
8280	0.04214748145084867
8295	0.026590837073360327
8312	0.01664988142428297
8349	0.03886533182678965
8352	0.056651374759375366
8399	0.019876554611737304
8401	0.03801246194984637
8417	0.026205298638711478
8490	0.030925737766381006
8502	0.05621254550998579
8516	0.03420788739044003
8551	0.04821641947177121
8571	0.02885401418052689
8583	0.05104050291714154
8595	0.023923776420051508
8617	0.07974602089106289
8619	0.07057758846762391
8629	0.08724666758416043
8630	0.06895843111791708
8633	0.0454296310749077
8650	0.04214748145084867
8721	0.019765135448391456
8760	0.024212906332934783
8783	0.017375271863738523
8794	0.016854803130753486
8797	0.02598232529693423
8841	0.023782994141473134
8869	0.02834792583393708
8903	0.06563359577268872
8923	0.02911944048355352
8927	0.020500844517414105
8930	0.03449953786288964
8957	0.04685917710005588
8999	0.022737053991703244
9090	0.05104050291714154
9093	0.030925737766381006
9125	0.07001100520490496
9138	0.04214748145084867
9200	0.03886533182678965
9205	0.023782994141473134
9209	0.03325445998455581
9293	0.029972310360496794
9320	0.05104050291714154
9328	0.036768449320328835
9342	0.043623333792080214
9441	0.00813159376749175
9447	0.04214748145084867
9468	0.01945490436764422
9499	0.03262038118270835
9528	0.01245724760901619
9535	0.028106272754992896
9541	0.030925737766381006
9589	0.03371714459722673
9611	0.028106272754992896
9615	0.02548528857631134
9648	0.04674953525671781
9649	0.03371714459722673
9703	0.04214748145084867
9781	0.027852427416497103
9793	0.026590837073360327
9802	0.02406705054934429
9857	0.10208100583428308
9906	0.03801246194984637
10093	0.02097996523112649
10173	0.03163007545799611
10177	0.02548528857631134
10178	0.046486284676586116
10182	0.025147957392716223
10184	0.020594426796477647
10185	0.022032716300088143
10207	0.013642157300377395
10213	0.012561250457005464
10249	0.03371714459722673
10286	0.056651374759375366
10324	0.03981875923267386
10365	0.05104050291714154
10378	0.029393865983706968
10447	0.04775835329308251
10556	0.01750275130122624
10636	0.05528717628464396
10688	0.019874416734077503
10714	0.11976595628540422
10715	0.017697815607067464
10768	0.023923776420051508
10794	0.021595054201876695
10796	0.014437632826833363
10815	0.024512747166311487
10855	0.022615325728156815
10876	0.0454296310749077
10878	0.017632270496059223
10886	0.056651374759375366
10916	0.03325445998455581
10928	0.029972310360496794
10949	0.034730312325787355
10953	0.08472134696600819
10980	0.04775835329308251
10986	0.035288794233811954
10993	0.056651374759375366
11008	0.022737053991703244
11047	0.035288794233811954
11055	0.02911944048355352
11066	0.02068910362993158
11080	0.019703994081913333
11083	0.029972310360496794
11097	0.024512747166311487
11105	0.026790718265378707
11106	0.04775835329308251
11168	0.05528717628464396
11181	0.04214748145084867
11210	0.011303472278505748
11222	0.07057758846762391
11229	0.024666938056506136
11232	0.028106272754992896
11234	0.023374767628358904
11276	0.035288794233811954
11288	0.032401590107612545
11303	0.02885401418052689
11345	0.034730312325787355
11412	0.044065432600176285
11438	0.030156463575395486
11441	0.03750113335205824
11545	0.05104050291714154
11613	0.03420788739044003
11620	0.022260753266516806
11634	0.013028040967295153
11643	0.040899666076045796
11659	0.0201292554450073
11699	0.011126207304744612
11737	0.03801246194984637
11746	0.035288794233811954
11776	0.05097057715262268
11784	0.025837290859494495
11793	0.05104050291714154
11796	0.04214748145084867
11813	0.0358886817409738
11841	0.01971509041947252
11852	0.0358886817409738
11857	0.03127024835353486
11883	0.02298614370597236
11937	0.047289237031596855
11958	0.056651374759375366
12161	0.02885401418052689
12173	0.056651374759375366
12206	0.05104050291714154
12257	0.05203840723152454
12275	0.0200485046690672
12298	0.026995660274680942
12358	0.05104050291714154
12370	0.05104050291714154
12378	0.05104050291714154
12388	0.04775835329308251
12400	0.03325445998455581
12425	0.03329976284856594
12478	0.03059529282478506
12518	0.019537085550482385
12532	0.04357830364623119
12612	0.056651374759375366
12631	0.03890980873528844
12646	0.023923776420051508
12666	0.02548528857631134
12703	0.03653660960861484
12716	0.06185147553276201
12718	0.0181721222992393
12749	0.015222356253351608
12768	0.022615325728156815
12773	0.03325445998455581
12776	0.0705290819842369
12792	0.030925737766381006
12795	0.026205298638711478
12798	0.02068910362993158
12802	0.0454296310749077
12843	0.052410597277422956
12876	0.029677922391578127
12901	0.056651374759375366
13001	0.06510681407547661
13002	0.051936831517255866
