116
t_index	tf-idf
147	0.08042007411682886
587	0.05504684979366141
621	0.09229056885110368
708	0.04568701342636606
745	0.047591808472673115
1054	0.06104424285981775
1258	0.060352593782756536
1281	0.09229056885110368
1309	0.05185975448059142
1500	0.09600271109231537
1624	0.057557508160640876
1669	0.0660909309235158
1800	0.07044977512605757
1919	0.05428559096101341
1996	0.08315865312087747
2057	0.06691734452793623
2112	0.039989259746316605
2167	0.04357006214308179
2216	0.07347627983227016
2576	0.036103311075390415
2646	0.11985300407482886
2794	0.02828109327847008
2876	0.1426655958824455
2951	0.06104424285981775
3433	0.030176296891378268
3442	0.03935490930421104
3452	0.11335816929655848
3588	0.03951130768696303
3668	0.09229056885110368
3938	0.0634101370183283
4044	0.08424151987200443
4087	0.048899734217636555
4183	0.046612941834337375
4332	0.026427881114191802
4422	0.027798652815503856
4708	0.019680369825157428
4809	0.04031546968330922
4854	0.057112664867300135
5195	0.08424151987200443
5213	0.03874321914180735
5246	0.02128301842902
5315	0.045154371971494286
5458	0.10103871505599535
5485	0.06104424285981775
5626	0.3807344677813849
5627	0.10640724087155667
5729	0.04591384460854498
6106	0.2020774301119907
6184	0.015967846404637706
6217	0.06278732278675397
6287	0.10103871505599535
6296	0.10103871505599535
6432	0.02217285513999535
6677	0.08222442603716182
6764	0.09611201460627924
6782	0.15006936220128242
6953	0.04836451866240848
7048	0.10103871505599535
7103	0.08916822032172053
7104	0.10103871505599535
7176	0.14441324430156166
7183	0.023293339274299923
7198	0.059810350144576696
7913	0.02712452784543701
8214	0.30802892548997673
8215	0.08424151987200443
8242	0.14695255966454032
8243	0.08424151987200443
8254	0.13542804647294016
8399	0.028034209713858865
8449	0.11985300407482886
8502	0.05946230320694793
8515	0.10798250934055406
8562	0.10103871505599535
8617	0.02811876501204179
8641	0.10798250934055406
8731	0.09611201460627924
8773	0.06542723085317091
8968	0.03702923948336174
9014	0.21491422240987437
9120	0.09611201460627924
9155	0.11985300407482886
9337	0.0337042199035557
9441	0.03440678871747075
9448	0.04836451866240848
9462	0.05320362043577834
9468	0.12347778367363196
9528	0.02635485113620271
9668	0.046852463275626845
9761	0.0983474962510859
9802	0.05091682805247916
10050	0.04168624138462128
10063	0.03486178907351583
10258	0.06278732278675397
10349	0.05428559096101341
10417	0.07878783926221103
10455	0.10798250934055406
10478	0.044808589914004424
10536	0.05848343656861219
10715	0.07488384439314583
10717	0.05848343656861219
11080	0.04168624138462128
11089	0.05466199081343664
11218	0.2020774301119907
11263	0.07133279794122276
11356	0.08424151987200443
11437	0.046612941834337375
11468	0.057112664867300135
11500	0.11985300407482886
11703	0.045242170133025325
11961	0.10798250934055406
12275	0.0424150962267386
12306	0.09611201460627924
12423	0.08063093936661844
12718	0.03844537678441028
12898	0.06542723085317091
